688825
601398
601939
601288
600941
601857
601988
300750
600519
600938
601138
601628
688981
300308
600036
601318
601088
601899
002594
600900
688256
000333
688041
600028
601328
601658
601728
300502
002371
002475
601998
600030
603993
688347
601166
688235
603259
600276
002415
688012
601319
601211
300059
600000
002384
601601
000858
688802
002379
688795
603986
600150
600183
601816
688008
000338
601225
601919
000651
600309
688820
002714
000001
603288
601869
300408
600690
600919
300274
002142
002916
003816
000725
600188
601066
002463
601336
600406
601668
688072
300760
600031
002938
600025
601818
300476
300394
601985
002352
601898
600930
601688
300033
601766
301666
300124
600887
001248
600989
601995
688808
001399
000776
300433
300604
601600
000063
600016
002050
302132
600660
603268
600809
600999
600176
600362
301377
301308
300999
601100
000792
601009
601633
600111
688146
688702
600050
001289
601881
002353
688498
601872
601229
000568
002281
600019
301165
688082
600104
600547
001280
601111
688120
000408
688111
002493
603296
600018
600760
688506
002028
603019
600886
688361
301526
601888
600926
300014
600346
600584
000166
600487
603256
601868
301200
601390
600011
000657
603501
600489
600905
600015
601169
601991
601127
601727
600160
688525
601698
600089
002736
300857
000977
000425
002460
605117
300442
601800
688783
688521
002230
600010
000958
002600
002602
000938
605499
601006
601012
000100
600585
600522
000988
688271
600029
000538
300498
600893
000807
600026
002001
601168
000617
600795
000895
001309
601186
002008
600875
002156
002648
600673
600236
300015
002128
601669
600436
000630
601916
601825
688249
600115
002241
002311
002027
601689
603893
688183
600039
601838
600958
000625
000301
002466
002202
688126
600674
601077
301638
600600
000708
603799
603195
600988
688818
600549
688036
688777
002709
603228
002080
688396
688200
300866
002179
688172
600066
600415
002653
300757
002422
688729
001965
301217
300475
601179
601788
600023
600118
601958
601018
300759
001389
688002
002625
000157
300661
300054
688469
601360
000975
002304
600233
688629
603459
688331
002409
688585
600048
688187
001979
601607
002851
600196
300285
000703
600009
600377
300223
002532
600703
600482
002595
002837
601808
600292
600426
600418
600221
688037
000768
601298
000933
000021
601901
601061
688809
000636
300450
000426
601238
601618
300666
000960
600027
688017
002558
300136
300418
002920
600803
002821
600885
001872
600372
600350
002049
002236
002064
600096
600219
601877
688009
688019
002414
601059
301358
300567
300765
601233
001391
600741
600845
688766
600438
601231
002850
601377
002074
300454
002812
300058
002185
600378
688141
688519
688775
601456
300620
000963
603659
000831
300316
688409
300803
000596
688578
002484
600895
600580
300628
603156
688797
600879
603083
000893
301269
601117
301536
688630
000783
688796
300037
600460
603129
601598
600105
688428
002436
000039
601058
600801
603979
600497
601021
300373
688110
601699
300390
600498
601198
600918
688223
600726
000066
001257
002555
002428
601878
603049
600570
600352
688375
300972
300347
000999
003031
688047
300919
688188
600871
002203
688234
600642
301511
600061
300751
688548
300979
300548
601963
600143
688099
600995
603087
600021
301696
688313
600985
002078
301656
688387
600663
601555
688147
688048
688385
601216
601136
000002
001203
301236
603260
600968
688027
002945
000987
600601
001286
601665
688220
002601
300782
601108
688303
688728
688627
688322
603392
600863
600578
002195
600909
000878
600733
601577
603806
300395
688472
002966
000921
600901
600588
600685
601777
300832
300115
688180
002407
601162
688411
000559
002294
300001
688213
002636
601212
000983
301611
603379
603298
002517
688336
688432
000729
600298
600177
600392
600332
600085
600667
002155
603369
002444
002129
600295
605376
601880
600060
603699
300748
603629
300207
002273
603486
000811
300017
300251
000423
002032
600256
688295
600141
601208
002138
688781
600157
688122
002340
002252
002948
002738
603606
002831
002056
002429
600956
002939
301396
600515
300346
688538
601236
000883
603650
300458
600331
000688
000661
300677
300896
600711
601696
688065
000786
603225
002261
002472
002126
689009
601866
600109
603175
688266
688617
600839
000728
000800
600699
002432
601611
688599
603929
601126
600499
002841
002131
000876
603568
000582
300122
603127
600348
603198
600428
600282
000027
600563
688536
600536
300413
000429
688052
600398
600483
002673
603766
000959
300438
601990
300339
600562
600206
603345
600688
603338
300487
000973
688676
600869
600329
688608
000539
601933
600517
002487
603308
688433
600012
688169
605589
002244
688549
601717
002747
301205
601000
605358
000629
600884
600777
002271
601799
300776
002603
002223
000415
300672
603444
000060
002608
600707
300496
002025
600369
301583
000513
600637
002797
301345
603179
603939
601001
688297
300474
002859
000877
000951
002245
002157
601156
688568
688692
600595
300870
000932
600737
600312
300432
002378
688318
000981
688668
300236
688025
301018
300806
000967
688301
601112
688362
600732
600862
600704
600153
301626
600301
600998
600299
688300
300209
300570
002240
000564
000737
601928
002152
600161
601918
601155
000791
600583
600323
002456
601615
600816
003022
600546
600521
600575
600166
600095
002459
002465
600566
600641
601606
002007
000750
000034
002015
600208
603160
600961
600259
002756
300383
301550
603605
688349
002180
300012
300558
688449
600602
300003
600535
688018
000830
688127
300024
002266
601399
603301
603885
688545
603407
000738
600100
688278
688192
300763
688248
300811
601865
300779
601099
603067
601228
601128
603596
000739
002670
001267
688475
002130
600977
002545
000088
601567
688778
002153
000400
002065
688563
601069
601016
000962
002222
300255
688425
603061
600486
688167
600873
000062
600320
603688
002498
603920
000887
000733
000547
600388
603565
000155
300073
600848
002046
600390
002716
002085
300627
688615
600132
605090
002430
002262
600098
688333
002317
000683
000709
600126
301606
002926
600038
300738
001339
000623
000598
688819
600598
300953
688368
600550
601333
688102
600008
002335
603119
002468
688652
300699
603233
002568
601608
603899
002423
600511
002683
002624
601118
000158
603833
601106
600765
601997
600170
003035
300085
002895
601677
603077
603881
600970
600516
600906
002768
600246
600754
002299
600396
603435
688114
003021
603737
603728
603816
000825
603730
301035
301297
300456
601187
603337
600330
000029
688343
600004
600582
300903
688001
688400
000009
605111
002497
600808
603876
001301
002120
002265
000519
603663
002364
688005
002461
300568
300724
603092
002536
603667
002773
002396
601326
000875
600967
601098
601666
300142
002318
688635
688208
688403
301275
300726
688195
300503
300489
603823
301301
002611
002500
300623
601375
600007
600835
603678
688363
603290
300718
600927
603588
000898
002237
300814
001270
603306
603341
000997
605198
600057
600339
000686
603005
603658
001365
301171
600612
688531
601139
603529
600518
688708
600131
600380
002044
300199
300638
603000
300602
300260
002402
603516
603171
600179
001359
688561
000937
688205
688281
688372
002389
601107
002739
001896
600353
002270
600606
002249
300762
603236
603530
002979
601969
600655
000543
300364
688257
600316
001386
300398
688279
688123
000528
002901
300888
300747
002518
688097
301498
603871
600820
688807
600120
000591
002145
300146
600032
603358
002958
300277
000902
000603
600623
300773
300083
300140
300170
000581
600577
603638
301219
688727
002491
300821
603786
300257
603991
601975
601609
000680
601966
601101
002439
603186
600062
002326
002925
300323
001337
300002
600629
600750
688502
603115
300843
601636
603997
002563
002936
601519
688726
300253
600114
605196
688772
300088
603858
000969
688131
600739
688352
601369
600763
000032
300144
600500
603950
600867
000766
301362
600171
600928
601921
600761
000685
001696
600528
688268
000935
688785
300761
603317
000682
605020
301486
600435
603733
002312
601020
603355
603226
002192
001221
300676
000537
300723
001331
688584
688520
688233
000723
688523
002149
000563
688709
688813
002405
001287
000050
300975
301319
603132
600872
301029
300660
002946
601019
301039
601702
605296
601858
600959
600776
603124
002410
300679
000620
603618
603773
601038
002151
002440
300657
000600
600619
000778
601137
688700
301682
002984
600475
002975
000927
002048
688388
000833
300102
300573
601992
601678
688582
300735
688390
002745
600452
603025
600459
600410
300166
002508
002171
002320
603162
002583
002310
000966
600226
600022
002506
300529
603026
601083
600664
002832
300835
002911
688503
603906
601965
688100
001369
688779
000970
600490
000550
300957
688392
301316
688484
601568
600710
600186
002539
300296
600151
688332
688596
600827
002408
300131
600877
688166
301292
300179
600056
600779
000422
301286
300607
002957
300409
600552
301599
603662
688158
600110
000069
000785
300436
688380
600531
603194
601827
002541
600744
002507
002847
688353
002867
600635
600172
300601
688800
600201
600933
603031
600621
600888
002176
600258
002690
603002
600361
002372
600596
688106
603613
000089
688206
600651
000552
600633
301267
300009
300827
002815
600409
002929
688690
002698
688150
688029
600064
600267
600675
600072
002158
603938
002969
601068
688605
002552
000799
300182
603283
300201
002250
301285
603009
600345
600456
301123
600416
300459
603505
000506
601619
301669
002947
601778
688003
688088
300457
300469
002010
603093
301371
002906
600403
600155
300184
600764
300655
600529
000612
301095
605099
000905
603305
605599
002226
688507
601033
603556
002385
688308
000719
300613
300342
688625
605289
300133
603063
603707
000410
600285
301128
002607
300428
300302
605389
300684
000156
300593
600916
600271
002091
000628
300100
300070
600702
000028
688593
603882
603456
600850
002896
600717
000672
000656
688062
002139
603826
688535
300455
688055
301071
002258
600116
605507
688686
002290
301589
600821
002701
688006
301087
002003
301392
600755
601133
001227
000534
000681
002373
002978
002980
688116
002865
301363
688798
688612
002913
300319
002019
600397
600211
002458
603589
002060
688567
002792
301093
688401
301389
002416
600908
688185
300357
300034
600315
688661
000998
600113
603888
002838
002268
688258
300229
603203
002292
600720
301603
300850
300113
002755
688765
600618
000567
600366
301291
300671
002645
000035
688260
300093
002287
002703
601339
600461
300049
300769
002183
300682
600783
000012
002597
002366
688516
600063
600648
000758
300204
002096
002987
300315
600420
301005
002400
301500
300468
600859
601222
000061
301015
002020
601005
688321
000801
600882
300674
002643
600338
688382
301338
301086
002617
603927
300969
301238
002216
600216
300775
600986
601096
600363
000762
002534
605118
603738
002182
301369
000599
688016
001258
603039
300446
301183
603698
603983
688660
002668
000697
600559
688806
002531
300910
603118
603267
002092
301031
300244
600864
600006
300185
002011
600268
688306
601952
002170
000901
000592
000767
002807
688107
000099
300913
002839
002167
300130
002051
600343
300990
301109
301293
688327
002174
688757
002315
300065
688222
600572
000070
300855
603185
300077
002647
000990
603393
688031
002043
600589
601801
600248
600639
688515
300376
688143
603389
000555
000839
000810
600480
601003
300353
002246
300139
002967
300118
603693
000065
603078
300008
600993
002031
300007
002354
000690
001393
300777
301061
002891
603859
002544
301150
688063
603099
002990
300693
301207
300377
600458
300861
002063
002779
000899
600395
688559
002881
601900
002675
000815
000828
300580
603027
300618
000908
603218
002083
600507
603800
300768
002276
301510
301263
600509
002204
688153
688603
002413
600446
600383
601330
301196
600162
600373
002585
600376
300224
600662
600728
301489
300624
603376
002557
603281
002718
002588
601949
600123
600058
300595
603040
688698
600787
603992
301665
688028
603300
000727
600163
002706
301531
300026
688059
002324
300576
300181
600718
300331
002897
000880
301571
603619
688710
301310
600033
002922
300415
688068
601882
301488
688811
688160
002251
000048
000917
003018
002181
600757
601528
002100
301658
300303
000403
688046
002081
000837
300720
601026
000949
301232
600037
600773
688202
002931
002761
603323
600597
002882
002741
603220
301678
603533
003036
688032
603297
600611
603599
601860
300820
688663
603757
603883
603989
002254
301307
002348
002387
002345
002842
300480
600269
301563
600094
301090
688759
002309
601828
300846
600210
002705
002338
000923
002827
601200
002511
301382
301078
002283
688383
002061
000516
300035
001914
600851
603583
688543
688275
002993
600971
601311
000031
603327
600782
600326
603100
603328
000676
000756
301629
002654
600184
000795
002961
000049
600328
301600
301381
000950
300188
301312
600729
000700
603713
300766
300171
002293
688351
600649
300159
002215
002062
688378
603057
301584
002639
300772
600740
000420
300276
605123
002351
301013
300951
300191
301155
688758
605318
605016
600307
600367
300687
603103
002368
600273
600666
000848
300378
301216
600391
603712
600198
300304
603169
603601
300298
600389
300634
000922
603303
002488
688182
301357
002115
600997
600185
688209
688128
688105
002239
300976
603299
301529
605255
600751
600360
002549
002565
688289
600775
688139
301458
688583
603193
603360
301188
002221
600936
300328
300740
002297
688717
300497
600133
002053
002580
603508
002099
300868
002713
002233
301677
000006
301566
000930
688325
600645
002426
600929
002004
000536
603915
600686
603013
300263
000510
002970
301091
688319
603052
002635
002361
603809
603202
600129
002550
688138
300790
300863
000980
600508
605060
300596
600640
000829
002626
688165
002173
688359
688508
002039
600266
002243
688552
300633
600478
300483
301262
301228
002208
603248
301551
300725
301522
600017
002392
301191
300129
688610
688020
001208
301366
603612
002169
002928
002985
002332
688337
002960
600556
603072
600567
300363
603919
002121
600996
300053
603538
301630
300444
002533
688376
600481
688789
603011
605298
003043
002655
002572
603690
000885
000860
688586
605305
003010
600399
605006
000818
603227
600812
300938
601890
300045
688697
600054
688326
600654
603271
600693
301047
002190
002267
688125
300101
688677
600502
002075
300486
300072
300741
300506
000058
688277
001233
002818
002937
601929
300482
688083
688611
600604
688443
300005
002289
300145
600973
301021
688190
301080
301099
600841
605333
300098
300031
688050
301175
688522
301248
002651
300770
002079
301127
603125
603043
300382
688262
002803
601595
300926
301373
000712
600055
603399
603936
605319
688261
003013
688090
300997
002110
000498
002515
300119
002017
002737
688513
002277
301662
300294
688439
600587
688486
300042
301565
001237
603112
301617
301327
600305
688253
688227
603416
300348
600335
603680
301421
002097
600861
600075
002516
002681
002125
688239
605179
002605
002212
000989
603279
300222
300180
001323
002041
688035
603890
002965
600789
001236
603033
002941
603363
688485
603181
600746
002119
002030
688087
300499
300337
603477
002833
002127
000566
000650
300785
600866
688662
003009
002386
002350
002346
300641
000503
600682
301607
605222
688231
300127
603496
688091
301246
000928
000823
301680
301631
603319
002955
603257
001285
301050
605007
600059
301580
301179
000402
601908
301667
600736
000859
002034
300842
000059
002434
300252
301323
600610
603995
300996
688371
603219
605488
600657
688155
301487
603163
603223
300783
002785
002150
301162
600722
000722
688093
600771
600125
300520
688112
600557
605168
300739
301376
002104
300872
300322
002527
300168
300151
300327
603123
301069
300416
601579
301413
600797
300492
605128
600846
603626
603608
600251
300143
002943
300834
688305
000533
002730
000751
688691
600903
002036
002219
300959
002108
688049
301328
300109
688669
300284
301215
002471
001298
300075
601226
300708
002892
603977
605011
300525
688252
300678
688293
300164
600325
002342
603128
001382
002303
301535
002093
002971
300909
600698
605100
605098
600252
002006
600780
002135
603166
300516
002284
300080
002106
002023
603866
600810
301280
000813
301225
002242
603580
002446
300900
300702
002546
300063
300341
002255
301306
002448
603687
688480
301070
002537
600422
300443
688685
600429
600590
688626
688456
600748
600158
002727
600545
601388
300406
002445
000601
600676
688381
300685
300206
688631
000589
300401
688416
300895
002810
000968
002674
002163
300706
301339
002782
002452
300617
603985
688556
001330
002256
601121
301365
001314
601789
301189
605167
002380
300217
002077
002009
002123
002579
000026
601015
600828
605133
688221
300925
603402
605365
688628
688530
002733
002052
000777
002298
600966
300493
688108
000025
002067
300986
600313
600643
600496
002606
301632
300067
002612
688720
688553
688591
600770
600375
000561
688176
300196
600715
301592
603293
300079
002935
002787
600078
301687
300440
002721
002664
301176
603685
002467
002438
300324
300153
002734
300283
601500
301153
300047
688621
001311
002697
002272
600310
600962
603367
600400
301683
001212
002140
603861
002042
300905
002437
300393
603383
300981
603045
300360
300598
688788
605188
000913
003006
688550
300467
300420
002885
688518
300226
000090
000517
603200
603368
600449
600103
300343
688365
000572
600617
688011
603969
002470
301317
300435
300174
300267
300984
603197
301209
300680
000595
002840
000524
603229
300819
000948
002490
000957
600468
002796
688678
002213
688095
002819
000796
603352
000531
300057
300265
300681
000915
300815
002421
603082
688787
300709
603466
000525
000593
688577
300048
000735
002057
603108
688232
301045
301101
301568
300946
300369
300358
600586
300841
603395
603311
603489
000551
605598
300134
002194
688418
300579
603778
603931
002824
600576
000409
300722
002279
603336
000779
001288
002210
002073
301609
600963
300043
688408
600501
603867
688230
688179
301608
603211
300256
688328
600108
688312
605178
300983
300852
002860
002519
002029
002164
002382
000670
002489
300084
301000
002950
300792
688103
600691
688488
002390
600433
002232
300802
603567
600826
688219
002141
300540
300258
603010
002038
300041
688499
300192
688191
300809
300039
300137
301326
002752
300561
002154
301137
301439
301393
600756
600230
002510
600855
688767
605277
300566
600881
600477
002956
600982
300036
300019
301160
300697
601116
301408
300696
001400
300018
600255
301321
002559
000912
600203
300648
600488
688478
600742
300138
300731
002068
688799
002218
300756
002349
603507
002530
600683
603068
603135
002478
301479
603400
600694
002553
300587
300465
601700
000501
301261
603155
603366
300700
301367
300403
688562
605555
301330
603668
603990
300232
300128
300451
002997
688658
301517
600227
000037
301303
688151
300292
605056
300705
001283
002708
300463
000036
003012
301004
600592
301628
003041
002263
300531
603221
300939
300307
001328
300581
002695
300287
000404
300214
002649
300737
605366
002777
300488
300227
600644
603098
300046
002915
688510
605288
300197
605018
300688
002132
300249
300586
002657
002791
600829
002334
688512
603887
002951
301017
603065
603660
688079
002907
603170
301379
301251
300203
603901
000523
002191
000560
300856
301349
688315
601518
301305
301053
300278
688707
002746
300963
301120
603686
300351
300397
601086
002274
002196
601199
688109
300293
601177
688598
300825
002685
688575
300985
688479
600189
002640
603012
603130
002419
600138
600300
001376
301558
600603
688226
688069
300505
300221
301085
301491
002358
301387
300619
603270
600825
002376
600569
000888
600199
600815
300082
300066
600868
300429
300006
003040
301265
603333
002562
301268
300733
002229
688345
688620
600984
300918
300622
300246
000862
688309
002707
300453
300663
002111
002577
300507
688776
301525
300400
688101
002383
688699
600237
002631
300592
001356
000920
002988
603897
301556
300788
688733
002870
300964
300611
002638
300286
001313
603727
688386
301397
300161
000852
002300
300528
688173
002328
002793
600197
688117
600284
301259
300569
002201