000028
000035
000062
000612
000680
000703
000933
000983
000987
000988
000999
001359
001365
001369
001391
001896
002074
002126
002180
002271
002311
002353
002371
002461
002517
002602
002608
002738
002850
002867
002946
300001
300037
300102
300124
300146
300236
300253
300308
300409
300672
300684
300903
300953
301018
301171
301219
301603
302132
600007
600012
600060
600066
600105
600110
600111
600161
600167
600320
600323
600361
600390
600396
600499
600500
600529
600550
600629
600673
600707
600711
600888
600908
600919
600941
600968
600998
601006
601059
601066
601137
601139
601156
601179
601186
601288
601390
601398
601606
601607
601818
601888
601963
603077
603259
603260
603283
603369
603444
603906
605289
605389
688005
688017
688041
688106
688131
688195
688206
688260
688303
688333
688349
688401
688503
688531
688690
688727
688772
688813