date,open,high,low,close,volume,amount,raw_open,raw_high,raw_low,raw_close,tradable,name,provisional
2019-11-25,13.52,16.23,13.52,16.23,872.0,1415256.0,13.52,16.23,13.52,16.23,True,斯迪克,False
2019-11-26,17.85,17.85,17.85,17.85,196.0,349860.0,17.85,17.85,17.85,17.85,True,斯迪克,False
2019-11-27,19.64,19.64,19.64,19.64,410.0,805240.0,19.64,19.64,19.64,19.64,True,斯迪克,False
2019-11-28,21.6,21.6,21.6,21.6,567.0,1224720.0,21.6,21.6,21.6,21.6,True,斯迪克,False
2019-11-29,23.76,23.76,23.76,23.76,2006.0,4766256.0,23.76,23.76,23.76,23.76,True,斯迪克,False
2019-12-02,26.14,26.14,26.14,26.14,639.0,1670346.0,26.14,26.14,26.14,26.14,True,斯迪克,False
2019-12-03,28.75,28.75,28.75,28.75,1027.0,2952625.0,28.75,28.75,28.75,28.75,True,斯迪克,False
2019-12-04,31.63,31.63,31.63,31.63,6638.0,20995994.0,31.63,31.63,31.63,31.63,True,斯迪克,False
2019-12-05,34.79,34.79,34.79,34.79,2374.0,8259146.0,34.79,34.79,34.79,34.79,True,斯迪克,False
2019-12-06,38.27,38.27,38.27,38.27,1571.0,6012217.000000001,38.27,38.27,38.27,38.27,True,斯迪克,False
2019-12-09,42.1,42.1,42.1,42.1,2034.0,8563140.0,42.1,42.1,42.1,42.1,True,斯迪克,False
2019-12-10,46.31,46.31,46.31,46.31,1561.0,7228991.0,46.31,46.31,46.31,46.31,True,斯迪克,False
2019-12-11,50.94,50.94,50.94,50.94,1487.0,7574778.0,50.94,50.94,50.94,50.94,True,斯迪克,False
2019-12-12,56.03,56.03,45.85,45.85,197217.0,904239945.0,56.03,56.03,45.85,45.85,True,斯迪克,False
2019-12-13,45.02,45.44,43.58,44.65,123908.0,553249220.0,45.02,45.44,43.58,44.65,True,斯迪克,False
2019-12-16,44.8,45.6,44.19,45.35,83545.0,378876575.0,44.8,45.6,44.19,45.35,True,斯迪克,False
2019-12-17,44.99,46.38,44.52,45.15,89155.0,402534825.0,44.99,46.38,44.52,45.15,True,斯迪克,False
2019-12-18,45.15,49.67,45.0,49.67,102686.0,510041362.0,45.15,49.67,45.0,49.67,True,斯迪克,False
2019-12-19,51.1,51.65,45.0,45.71,130385.0,595989835.0,51.1,51.65,45.0,45.71,True,斯迪克,False
2019-12-20,44.22,44.89,41.4,41.42,102050.0,422691100.0,44.22,44.89,41.4,41.42,True,斯迪克,False
2019-12-23,41.65,42.44,41.09,41.24,52635.0,217066740.0,41.65,42.44,41.09,41.24,True,斯迪克,False
2019-12-24,42.01,43.4,41.84,42.5,62566.0,265905500.0,42.01,43.4,41.84,42.5,True,斯迪克,False
2019-12-25,42.17,42.41,41.28,41.99,50259.0,211037541.0,42.17,42.41,41.28,41.99,True,斯迪克,False
2019-12-26,42.42,44.0,42.05,42.99,69813.0,300126087.0,42.42,44.0,42.05,42.99,True,斯迪克,False
2019-12-27,42.46,44.17,42.3,43.6,68024.0,296584640.0,42.46,44.17,42.3,43.6,True,斯迪克,False
2019-12-30,43.26,43.28,39.24,39.83,66081.0,263200623.0,43.26,43.28,39.24,39.83,True,斯迪克,False
2019-12-31,39.82,41.45,39.66,40.08,40388.0,161875104.0,39.82,41.45,39.66,40.08,True,斯迪克,False
2020-01-02,40.42,42.48,40.09,41.8,48286.0,201835480.0,40.42,42.48,40.09,41.8,True,斯迪克,False
2020-01-03,42.0,42.49,41.23,41.35,40231.0,166355185.0,42.0,42.49,41.23,41.35,True,斯迪克,False
2020-01-06,41.22,43.5,40.86,43.03,58636.0,252310708.0,41.22,43.5,40.86,43.03,True,斯迪克,False
2020-01-07,42.9,43.96,42.46,42.83,50397.0,215850351.0,42.9,43.96,42.46,42.83,True,斯迪克,False
2020-01-08,42.68,44.92,42.42,42.91,71579.0,307145489.0,42.68,44.92,42.42,42.91,True,斯迪克,False
2020-01-09,44.51,45.6,43.35,43.5,61358.0,266907300.0,44.51,45.6,43.35,43.5,True,斯迪克,False
2020-01-10,43.19,43.5,41.68,42.16,48887.0,206107592.0,43.19,43.5,41.68,42.16,True,斯迪克,False
2020-01-13,42.21,43.95,42.21,43.81,48844.0,213985564.0,42.21,43.95,42.21,43.81,True,斯迪克,False
2020-01-14,44.3,45.93,43.36,45.38,78328.0,355452464.0,44.3,45.93,43.36,45.38,True,斯迪克,False
2020-01-15,44.21,44.72,43.34,43.98,51028.0,224421144.0,44.21,44.72,43.34,43.98,True,斯迪克,False
2020-01-16,44.3,45.36,43.95,44.93,51516.0,231461388.0,44.3,45.36,43.95,44.93,True,斯迪克,False
2020-01-17,44.86,45.5,43.46,43.54,45228.0,196922712.0,44.86,45.5,43.46,43.54,True,斯迪克,False
2020-01-20,43.02,43.6,42.18,43.34,33098.0,143446732.0,43.02,43.6,42.18,43.34,True,斯迪克,False
2020-01-21,43.12,43.69,41.96,41.96,35625.0,149482500.0,43.12,43.69,41.96,41.96,True,斯迪克,False
2020-01-22,41.5,42.36,41.1,41.56,33403.0,138822868.0,41.5,42.36,41.1,41.56,True,斯迪克,False
2020-01-23,40.88,40.9,37.4,37.46,59513.0,222935698.0,40.88,40.9,37.4,37.46,True,斯迪克,False
2020-02-03,33.71,33.71,33.71,33.71,3512.0,11838952.0,33.71,33.71,33.71,33.71,True,斯迪克,False
2020-02-04,30.34,32.83,30.34,32.11,40420.0,129788620.0,30.34,32.83,30.34,32.11,True,斯迪克,False
2020-02-05,33.0,35.32,32.8,35.32,55299.0,195316068.0,33.0,35.32,32.8,35.32,True,斯迪克,False
2020-02-06,34.16,35.89,34.16,35.39,51673.0,182870747.0,34.16,35.89,34.16,35.39,True,斯迪克,False
2020-02-07,35.31,36.36,34.89,36.03,38504.0,138729912.0,35.31,36.36,34.89,36.03,True,斯迪克,False
2020-02-10,35.83,37.66,35.53,37.5,34446.0,129172500.0,35.83,37.66,35.53,37.5,True,斯迪克,False
2020-02-11,37.28,37.66,36.48,37.03,30174.0,111734322.0,37.28,37.66,36.48,37.03,True,斯迪克,False
2020-02-12,37.0,37.86,36.53,37.4,26634.0,99611160.0,37.0,37.86,36.53,37.4,True,斯迪克,False
2020-02-13,37.09,37.5,36.01,36.74,28563.0,104940462.0,37.09,37.5,36.01,36.74,True,斯迪克,False
2020-02-14,36.68,38.19,36.56,37.3,29654.0,110609420.0,36.68,38.19,36.56,37.3,True,斯迪克,False
2020-02-17,37.5,38.78,37.12,38.4,35941.0,138013440.0,37.5,38.78,37.12,38.4,True,斯迪克,False
2020-02-18,38.02,41.35,38.02,40.35,51850.0,209214750.0,38.02,41.35,38.02,40.35,True,斯迪克,False
2020-02-19,40.1,42.42,40.08,41.62,61493.0,255933866.0,40.1,42.42,40.08,41.62,True,斯迪克,False
2020-02-20,42.0,43.2,41.3,42.39,61058.0,258824862.0,42.0,43.2,41.3,42.39,True,斯迪克,False
2020-02-21,41.98,43.37,41.5,41.75,63218.0,263935150.0,41.98,43.37,41.5,41.75,True,斯迪克,False
2020-02-24,41.6,42.97,40.58,42.28,58238.0,246230264.0,41.6,42.97,40.58,42.28,True,斯迪克,False
2020-02-25,41.5,42.67,39.33,42.67,55565.0,237095855.0,41.5,42.67,39.33,42.67,True,斯迪克,False
2020-02-26,43.13,46.94,43.11,46.94,102540.0,481322760.0,43.13,46.94,43.11,46.94,True,斯迪克,False
2020-02-27,48.0,49.18,42.25,42.25,126769.0,535599025.0,48.0,49.18,42.25,42.25,True,斯迪克,False
2020-02-28,38.03,38.55,38.03,38.03,54742.0,208183826.0,38.03,38.55,38.03,38.03,True,斯迪克,False
2020-03-02,38.17,39.26,37.12,39.05,47104.0,183941120.0,38.17,39.26,37.12,39.05,True,斯迪克,False
2020-03-03,39.7,40.45,38.22,38.71,50939.0,197184869.0,39.7,40.45,38.22,38.71,True,斯迪克,False
2020-03-04,38.18,38.88,37.6,38.69,31612.0,122306828.0,38.18,38.88,37.6,38.69,True,斯迪克,False
2020-03-05,39.89,39.9,38.9,39.12,34142.0,133563504.0,39.89,39.9,38.9,39.12,True,斯迪克,False
2020-03-06,38.66,38.92,38.03,38.39,25565.0,98144035.0,38.66,38.92,38.03,38.39,True,斯迪克,False
2020-03-09,37.9,37.9,36.0,36.03,33581.0,120992343.0,37.9,37.9,36.0,36.03,True,斯迪克,False
2020-03-10,35.8,37.6,35.6,37.6,23995.0,90221200.0,35.8,37.6,35.6,37.6,True,斯迪克,False
2020-03-11,37.6,38.5,37.25,37.62,26438.0,99459756.0,37.6,38.5,37.25,37.62,True,斯迪克,False
2020-03-12,36.5,37.0,36.3,36.88,17300.0,63802400.00000001,36.5,37.0,36.3,36.88,True,斯迪克,False
2020-03-13,34.99,36.33,34.5,35.81,20112.0,72021072.0,34.99,36.33,34.5,35.81,True,斯迪克,False
2020-03-16,36.02,36.35,33.41,33.81,17396.0,58815876.00000001,36.02,36.35,33.41,33.81,True,斯迪克,False
2020-03-17,34.17,34.79,32.5,33.59,16077.0,54002643.00000001,34.17,34.79,32.5,33.59,True,斯迪克,False
2020-03-18,33.99,34.55,32.8,32.94,16447.0,54176417.99999999,33.99,34.55,32.8,32.94,True,斯迪克,False
2020-03-19,32.98,33.79,32.35,33.62,16717.0,56202553.99999999,32.98,33.79,32.35,33.62,True,斯迪克,False
2020-03-20,33.89,34.47,33.52,34.19,13673.0,46747987.0,33.89,34.47,33.52,34.19,True,斯迪克,False
2020-03-23,32.78,33.4,32.5,32.83,12276.0,40302108.0,32.78,33.4,32.5,32.83,True,斯迪克,False
2020-03-24,33.55,33.8,32.6,33.8,11575.0,39123500.0,33.55,33.8,32.6,33.8,True,斯迪克,False
2020-03-25,34.59,35.46,34.23,35.08,20629.0,72366532.0,34.59,35.46,34.23,35.08,True,斯迪克,False
2020-03-26,34.66,34.66,33.76,33.81,17429.0,58927449.00000001,34.66,34.66,33.76,33.81,True,斯迪克,False
2020-03-27,34.01,34.42,33.35,33.35,9395.0,31332325.0,34.01,34.42,33.35,33.35,True,斯迪克,False
2020-03-30,32.78,32.8,31.7,32.05,11891.0,38110655.0,32.78,32.8,31.7,32.05,True,斯迪克,False
2020-03-31,32.69,32.69,31.68,31.68,8682.0,27504576.0,32.69,32.69,31.68,31.68,True,斯迪克,False
2020-04-01,31.74,32.19,31.4,31.58,7814.0,24676612.0,31.74,32.19,31.4,31.58,True,斯迪克,False
2020-04-02,31.46,32.89,31.41,32.69,12545.0,41009605.0,31.46,32.89,31.41,32.69,True,斯迪克,False
2020-04-03,32.7,33.7,32.54,33.48,16177.0,54160595.99999999,32.7,33.7,32.54,33.48,True,斯迪克,False
2020-04-07,34.25,34.9,34.05,34.9,19793.0,69077570.0,34.25,34.9,34.05,34.9,True,斯迪克,False
2020-04-08,34.59,37.85,34.55,37.28,38383.0,143091824.0,34.59,37.85,34.55,37.28,True,斯迪克,False
2020-04-09,37.13,37.18,35.42,35.57,33091.0,117704687.0,37.13,37.18,35.42,35.57,True,斯迪克,False
2020-04-10,32.97,33.55,32.01,32.01,38283.0,122543883.0,32.97,33.55,32.01,32.01,True,斯迪克,False
2020-04-13,30.89,31.1,30.3,30.43,19707.0,59968401.0,30.89,31.1,30.3,30.43,True,斯迪克,False
2020-04-14,30.74,30.97,30.58,30.87,10309.0,31823883.0,30.74,30.97,30.58,30.87,True,斯迪克,False
2020-04-15,31.0,31.19,30.61,30.62,12052.0,36903224.0,31.0,31.19,30.61,30.62,True,斯迪克,False
2020-04-16,30.7,30.7,30.33,30.6,9385.0,28718100.0,30.7,30.7,30.33,30.6,True,斯迪克,False
2020-04-17,30.88,31.15,30.67,30.71,10625.0,32629375.0,30.88,31.15,30.67,30.71,True,斯迪克,False
2020-04-20,30.41,30.88,30.41,30.8,7759.0,23897720.0,30.41,30.88,30.41,30.8,True,斯迪克,False
2020-04-21,30.6,30.67,29.91,30.15,11597.0,34964955.0,30.6,30.67,29.91,30.15,True,斯迪克,False
2020-04-22,30.25,30.58,30.04,30.49,8371.0,25523179.0,30.25,30.58,30.04,30.49,True,斯迪克,False
2020-04-23,30.04,30.6,30.03,30.03,7487.0,22483461.0,30.04,30.6,30.03,30.03,True,斯迪克,False
2020-04-24,29.95,30.83,29.95,30.28,10096.0,30570688.0,29.95,30.83,29.95,30.28,True,斯迪克,False
2020-04-27,30.0,31.5,30.0,30.87,15436.0,47650932.0,30.0,31.5,30.0,30.87,True,斯迪克,False
2020-04-28,30.73,30.73,27.78,28.85,20848.0,60146480.0,30.73,30.73,27.78,28.85,True,斯迪克,False
2020-04-29,28.5,29.13,27.45,27.79,15096.0,41951784.0,28.5,29.13,27.45,27.79,True,斯迪克,False
2020-04-30,27.99,28.95,27.8,28.81,15068.0,43410908.0,27.99,28.95,27.8,28.81,True,斯迪克,False
2020-05-06,28.5,29.58,28.33,29.52,9773.0,28849896.0,28.5,29.58,28.33,29.52,True,斯迪克,False
2020-05-07,29.66,31.53,29.65,31.13,22260.0,69295380.0,29.66,31.53,29.65,31.13,True,斯迪克,False
2020-05-08,31.17,34.24,31.17,34.24,41309.0,141442016.0,31.17,34.24,31.17,34.24,True,斯迪克,False
2020-05-11,35.18,36.66,35.1,36.1,54206.0,195683660.0,35.18,36.66,35.1,36.1,True,斯迪克,False
2020-05-12,36.8,37.28,35.56,36.97,39823.0,147225631.0,36.8,37.28,35.56,36.97,True,斯迪克,False
2020-05-13,36.53,38.1,35.37,37.96,41934.0,159181464.0,36.53,38.1,35.37,37.96,True,斯迪克,False
2020-05-14,38.0,39.88,37.52,38.77,54366.0,210776982.00000003,38.0,39.88,37.52,38.77,True,斯迪克,False
2020-05-15,39.02,40.13,38.7,39.5,34544.0,136448800.0,39.02,40.13,38.7,39.5,True,斯迪克,False
2020-05-18,38.48,39.37,36.0,36.83,28442.0,104751886.0,38.48,39.37,36.0,36.83,True,斯迪克,False
2020-05-19,37.57,37.95,36.14,36.82,23986.0,88076592.0,37.47,37.85,36.04,36.72,True,斯迪克,False
2020-05-20,36.6,36.74,35.39,35.42,16333.0,57688156.0,36.5,36.64,35.29,35.32,True,斯迪克,False
2020-05-21,36.1,38.95,36.1,37.64,55601.0,208726154.0,36.0,38.85,36.0,37.54,True,斯迪克,False
2020-05-22,36.0,37.0,34.0,35.82,46117.0,164729924.0,35.9,36.9,33.9,35.72,True,斯迪克,False
2020-05-25,35.68,35.8,33.5,33.83,22539.0,76024047.0,35.58,35.7,33.4,33.73,True,斯迪克,False
2020-05-26,34.28,37.2,34.27,37.2,23943.0,88828530.0,34.18,37.1,34.17,37.1,True,斯迪克,False
2020-05-27,38.42,38.49,36.01,36.8,36207.0,132879690.0,38.32,38.39,35.91,36.7,True,斯迪克,False
2020-05-28,36.65,38.95,36.26,37.23,30210.0,112169730.0,36.55,38.85,36.16,37.13,True,斯迪克,False
2020-05-29,36.66,40.7,36.44,39.3,40413.0,158418960.0,36.56,40.6,36.34,39.2,True,斯迪克,False
2020-06-01,39.76,41.1,39.42,40.2,42564.0,170681640.0,39.66,41.0,39.32,40.1,True,斯迪克,False
2020-06-02,40.08,40.69,38.9,39.07,28749.0,112034853.0,39.98,40.59,38.8,38.97,True,斯迪克,False
2020-06-03,39.57,42.97,39.0,42.97,35218.0,150979566.0,39.47,42.87,38.9,42.87,True,斯迪克,False
2020-06-04,42.97,44.6,42.19,43.32,37625.0,162615250.0,42.87,44.5,42.09,43.22,True,斯迪克,False
2020-06-05,43.15,44.33,42.65,43.1,20254.0,87092200.0,43.05,44.23,42.55,43.0,True,斯迪克,False
2020-06-08,43.6,44.9,43.01,43.79,25789.0,112672141.0,43.5,44.8,42.91,43.69,True,斯迪克,False
2020-06-09,44.1,45.88,43.36,45.11,24642.0,110913642.0,44.0,45.78,43.26,45.01,True,斯迪克,False
2020-06-10,45.6,45.6,42.1,43.77,28810.0,125813270.0,45.5,45.5,42.0,43.67,True,斯迪克,False
2020-06-11,43.23,45.1,43.15,43.6,24869.0,108180150.0,43.13,45.0,43.05,43.5,True,斯迪克,False
2020-06-12,42.38,43.52,42.38,42.62,16048.0,68236096.0,42.28,43.42,42.28,42.52,True,斯迪克,False
2020-06-15,42.39,43.48,41.23,41.37,19036.0,78561572.0,42.29,43.38,41.13,41.27,True,斯迪克,False
2020-06-16,42.2,43.43,41.35,42.01,19133.0,80186403.0,42.1,43.33,41.25,41.91,True,斯迪克,False
2020-06-17,42.19,45.39,41.1,45.07,29208.0,131348376.0,42.09,45.29,41.0,44.97,True,斯迪克,False
2020-06-18,44.45,46.47,43.99,44.98,23907.0,107294616.0,44.35,46.37,43.89,44.88,True,斯迪克,False
2020-06-19,45.1,45.35,43.48,44.77,15768.0,70435656.0,45.0,45.25,43.38,44.67,True,斯迪克,False
2020-06-22,45.35,47.87,45.3,47.24,25211.0,118844654.0,45.25,47.77,45.2,47.14,True,斯迪克,False
2020-06-23,47.26,48.1,45.94,47.19,18556.0,87380204.0,47.16,48.0,45.84,47.09,True,斯迪克,False
2020-06-24,48.57,48.57,45.9,46.36,25692.0,118851192.0,48.47,48.47,45.8,46.26,True,斯迪克,False
2020-06-29,46.0,46.89,45.1,45.4,15299.0,69304470.0,45.9,46.79,45.0,45.3,True,斯迪克,False
2020-06-30,45.99,48.35,45.19,47.95,24008.0,114878280.0,45.89,48.25,45.09,47.85,True,斯迪克,False
2020-07-01,49.0,51.92,47.1,48.7,31734.0,154227240.0,48.9,51.82,47.0,48.6,True,斯迪克,False
2020-07-02,49.61,49.61,47.4,47.89,18809.0,89888211.0,49.51,49.51,47.3,47.79,True,斯迪克,False
2020-07-03,47.62,48.07,46.1,46.31,20563.0,95021623.0,47.52,47.97,46.0,46.21,True,斯迪克,False
2020-07-06,46.46,47.58,46.09,46.92,24031.0,112513142.0,46.36,47.48,45.99,46.82,True,斯迪克,False
2020-07-07,46.84,49.6,46.71,48.96,22990.0,112329140.0,46.74,49.5,46.61,48.86,True,斯迪克,False
2020-07-08,48.39,50.58,48.28,49.97,25462.0,126978994.0,48.29,50.48,48.18,49.87,True,斯迪克,False
2020-07-09,51.12,51.55,47.3,48.97,48742.0,238202154.0,51.02,51.45,47.2,48.87,True,斯迪克,False
2020-07-10,49.0,53.28,48.9,52.0,49784.0,258378960.0,48.9,53.18,48.8,51.9,True,斯迪克,False
2020-07-13,51.46,55.05,50.8,53.1,37341.0,197907300.0,51.36,54.95,50.7,53.0,True,斯迪克,False
2020-07-14,53.9,56.65,52.6,55.7,40472.0,225024320.0,53.8,56.55,52.5,55.6,True,斯迪克,False
2020-07-15,56.59,58.1,52.47,53.3,36952.0,196584640.0,56.49,58.0,52.37,53.2,True,斯迪克,False
2020-07-16,53.29,55.1,49.6,50.1,24373.0,121865000.0,53.19,55.0,49.5,50.0,True,斯迪克,False
2020-07-17,50.45,53.59,49.1,52.48,24398.0,127796724.0,50.35,53.49,49.0,52.38,True,斯迪克,False
2020-07-20,52.8,53.68,51.82,53.45,20566.0,109719610.0,52.7,53.58,51.72,53.35,True,斯迪克,False
2020-07-21,54.71,56.36,53.11,54.94,24297.0,133244748.0,54.61,56.26,53.01,54.84,True,斯迪克,False
2020-07-22,54.45,56.75,53.88,55.98,22711.0,126909068.0,54.35,56.65,53.78,55.88,True,斯迪克,False
2020-07-23,55.98,56.2,53.93,55.55,16492.0,91448140.0,55.88,56.1,53.83,55.45,True,斯迪克,False
2020-07-24,55.47,55.67,51.12,51.5,23051.0,118482140.0,55.37,55.57,51.02,51.4,True,斯迪克,False
2020-07-27,51.75,52.59,50.1,52.08,15464.0,80381872.0,51.65,52.49,50.0,51.98,True,斯迪克,False
2020-07-28,52.04,52.98,50.88,51.37,11726.0,60119202.0,51.94,52.88,50.78,51.27,True,斯迪克,False
2020-07-29,50.98,53.8,50.44,53.58,16848.0,90103104.0,50.88,53.7,50.34,53.48,True,斯迪克,False
2020-07-30,54.04,54.08,51.9,52.15,12315.0,64099575.0,53.94,53.98,51.8,52.05,True,斯迪克,False
2020-07-31,52.12,53.82,51.12,52.9,14356.0,75799680.0,52.02,53.72,51.02,52.8,True,斯迪克,False
2020-08-03,52.9,54.6,52.79,53.35,15876.0,84539700.0,52.8,54.5,52.69,53.25,True,斯迪克,False
2020-08-04,53.83,56.53,53.42,55.35,25496.0,140865400.0,53.73,56.43,53.32,55.25,True,斯迪克,False
2020-08-05,55.37,59.8,54.48,59.15,28146.0,166202130.0,55.27,59.7,54.38,59.05,True,斯迪克,False
2020-08-06,58.26,60.67,58.23,59.16,20481.0,120960786.0,58.16,60.57,58.13,59.06,True,斯迪克,False
2020-08-07,59.36,60.78,58.47,59.45,18500.0,109797500.0,59.26,60.68,58.37,59.35,True,斯迪克,False
2020-08-10,60.94,61.98,59.6,60.44,16967.0,102378878.0,60.84,61.88,59.5,60.34,True,斯迪克,False
2020-08-11,60.5,63.08,59.1,59.5,22317.0,132562980.0,60.4,62.98,59.0,59.4,True,斯迪克,False
2020-08-12,59.3,60.58,58.1,59.57,16013.0,95229311.0,59.2,60.48,58.0,59.47,True,斯迪克,False
2020-08-13,60.23,64.08,59.48,62.9,19066.0,119734480.0,60.13,63.98,59.38,62.8,True,斯迪克,False
2020-08-14,62.6,64.08,61.6,63.92,11845.0,75594790.0,62.5,63.98,61.5,63.82,True,斯迪克,False
2020-08-17,64.08,65.1,62.66,63.92,13545.0,86444190.0,63.98,65.0,62.56,63.82,True,斯迪克,False
2020-08-18,63.92,64.46,59.31,61.64,23877.0,146939058.0,63.82,64.36,59.21,61.54,True,斯迪克,False
2020-08-19,61.1,64.05,61.1,62.04,17313.0,107236722.0,61.0,63.95,61.0,61.94,True,斯迪克,False
2020-08-20,61.97,64.85,61.11,62.9,13177.0,82751560.0,61.87,64.75,61.01,62.8,True,斯迪克,False
2020-08-21,62.91,66.46,62.9,65.58,17610.0,115310280.0,62.81,66.36,62.8,65.48,True,斯迪克,False
2020-08-24,66.0,67.98,63.76,67.16,14883.0,99805398.0,65.9,67.88,63.66,67.06,True,斯迪克,False
2020-08-25,67.1,71.33,66.6,68.9,21491.0,147858080.0,67.0,71.23,66.5,68.8,True,斯迪克,False
2020-08-26,68.14,69.78,66.46,67.76,15402.0,104209932.0,68.04,69.68,66.36,67.66,True,斯迪克,False
2020-08-27,69.1,70.6,67.26,69.46,12038.0,83495568.0,69.0,70.5,67.16,69.36,True,斯迪克,False
2020-08-28,69.55,71.56,68.13,70.87,14437.0,102170649.0,69.45,71.46,68.03,70.77,True,斯迪克,False
2020-08-31,72.1,77.68,71.1,74.88,20186.0,150950908.0,72.0,77.58,71.0,74.78,True,斯迪克,False
2020-09-01,74.11,76.11,73.1,75.9,16421.0,124471180.0,74.01,76.01,73.0,75.8,True,斯迪克,False
2020-09-02,76.12,76.58,74.3,75.9,11886.0,90095880.0,76.02,76.48,74.2,75.8,True,斯迪克,False
2020-09-03,75.91,76.19,65.78,67.7,38710.0,261679600.0,75.81,76.09,65.68,67.6,True,斯迪克,False
2020-09-04,66.29,67.95,64.0,65.12,23677.0,153947854.0,66.19,67.85,63.9,65.02,True,斯迪克,False
2020-09-07,64.54,69.89,64.13,66.03,19231.0,126789983.0,64.44,69.79,64.03,65.93,True,斯迪克,False
2020-09-08,66.17,66.98,61.97,64.79,15351.0,99305619.0,66.07,66.88,61.87,64.69,True,斯迪克,False
2020-09-09,63.61,66.02,60.2,60.68,18796.0,113866168.0,63.51,65.92,60.1,60.58,True,斯迪克,False
2020-09-10,62.08,62.08,57.74,58.78,11341.0,66548988.0,61.98,61.98,57.64,58.68,True,斯迪克,False
2020-09-11,58.75,61.66,58.25,61.2,10143.0,61973730.0,58.65,61.56,58.15,61.1,True,斯迪克,False
2020-09-14,62.08,65.9,61.11,63.55,13709.0,86983605.0,61.98,65.8,61.01,63.45,True,斯迪克,False
2020-09-15,64.1,66.59,62.01,66.09,12707.0,83853493.0,64.0,66.49,61.91,65.99,True,斯迪克,False
2020-09-16,66.1,67.38,64.36,65.71,10630.0,69743430.0,66.0,67.28,64.26,65.61,True,斯迪克,False
2020-09-17,65.64,68.98,64.48,66.16,11836.0,78188616.0,65.54,68.88,64.38,66.06,True,斯迪克,False
2020-09-18,66.16,67.95,65.51,67.02,8046.0,53843832.0,66.06,67.85,65.41,66.92,True,斯迪克,False
2020-09-21,66.53,67.72,65.9,66.31,5380.0,35620980.0,66.43,67.62,65.8,66.21,True,斯迪克,False
2020-09-22,65.73,67.24,65.09,65.3,5922.0,38611440.0,65.63,67.14,64.99,65.2,True,斯迪克,False
2020-09-23,66.19,68.09,65.78,67.59,11210.0,75656290.0,66.09,67.99,65.68,67.49,True,斯迪克,False
2020-09-24,67.59,67.79,65.63,66.1,5270.0,34782000.0,67.49,67.69,65.53,66.0,True,斯迪克,False
2020-09-25,67.08,68.03,65.03,66.06,7490.0,49404039.99999999,66.98,67.93,64.93,65.96,True,斯迪克,False
2020-09-28,66.06,66.06,62.78,63.4,9250.0,58552500.0,65.96,65.96,62.68,63.3,True,斯迪克,False
2020-09-29,63.4,66.4,63.4,64.12,10281.0,65818961.99999999,63.3,66.3,63.3,64.02,True,斯迪克,False
2020-09-30,64.43,64.55,62.6,63.17,6245.0,39387215.0,64.33,64.45,62.5,63.07,True,斯迪克,False
2020-10-09,64.49,65.01,62.6,63.1,8734.0,55024200.0,64.39,64.91,62.5,63.0,True,斯迪克,False
2020-10-12,63.57,67.89,63.33,64.38,17853.0,114759084.0,63.47,67.79,63.23,64.28,True,斯迪克,False
2020-10-13,64.46,64.46,61.13,61.43,17830.0,109351390.0,64.36,64.36,61.03,61.33,True,斯迪克,False
2020-10-14,60.5,61.48,56.75,57.35,25715.0,147218375.0,60.4,61.38,56.65,57.25,True,斯迪克,False
2020-10-15,57.2,58.0,56.65,56.8,11422.0,64762740.0,57.1,57.9,56.55,56.7,True,斯迪克,False
2020-10-16,57.29,57.85,56.11,56.58,10735.0,60631280.0,57.19,57.75,56.01,56.48,True,斯迪克,False
2020-10-19,57.17,57.26,53.28,53.65,17938.0,96057990.0,57.07,57.16,53.18,53.55,True,斯迪克,False
2020-10-20,53.66,55.28,52.76,55.1,12739.0,70064500.0,53.56,55.18,52.66,55.0,True,斯迪克,False
2020-10-21,55.15,55.98,54.43,55.13,9926.0,54622778.0,55.05,55.88,54.33,55.03,True,斯迪克,False
2020-10-22,54.5,55.05,53.82,54.13,6530.0,35281590.0,54.4,54.95,53.72,54.03,True,斯迪克,False
2020-10-23,53.95,54.26,51.9,52.14,8995.0,46809980.0,53.85,54.16,51.8,52.04,True,斯迪克,False
2020-10-26,52.55,52.85,50.95,52.58,5569.0,29226112.0,52.45,52.75,50.85,52.48,True,斯迪克,False
2020-10-27,52.56,54.48,51.96,53.84,8855.0,47586770.0,52.46,54.38,51.86,53.74,True,斯迪克,False
2020-10-28,53.81,54.78,53.18,54.26,8263.0,44752408.0,53.71,54.68,53.08,54.16,True,斯迪克,False
2020-10-29,53.6,54.68,52.82,53.18,10557.0,56036556.0,53.5,54.58,52.72,53.08,True,斯迪克,False
2020-10-30,53.69,54.78,52.71,52.84,9384.0,49491216.0,53.59,54.68,52.61,52.74,True,斯迪克,False
2020-11-02,52.79,53.18,51.02,51.29,11447.0,58597193.0,52.69,53.08,50.92,51.19,True,斯迪克,False
2020-11-03,51.49,54.15,50.81,53.32,11353.0,60420666.0,51.39,54.05,50.71,53.22,True,斯迪克,False
2020-11-04,53.6,53.96,51.62,52.56,6508.0,34140968.0,53.5,53.86,51.52,52.46,True,斯迪克,False
2020-11-05,52.88,53.79,51.96,52.35,8872.0,46356200.0,52.78,53.69,51.86,52.25,True,斯迪克,False
2020-11-06,52.71,52.96,50.17,50.93,11373.0,57808959.0,52.61,52.86,50.07,50.83,True,斯迪克,False
2020-11-09,51.57,54.08,51.0,52.87,14528.0,76664256.0,51.47,53.98,50.9,52.77,True,斯迪克,False
2020-11-10,54.05,57.03,53.05,56.1,36402.0,203851200.0,53.95,56.93,52.95,56.0,True,斯迪克,False
2020-11-11,55.6,56.54,52.65,53.37,22697.0,120906919.0,55.5,56.44,52.55,53.27,True,斯迪克,False
2020-11-12,54.06,55.58,52.72,54.12,16980.0,91725960.0,53.96,55.48,52.62,54.02,True,斯迪克,False
2020-11-13,54.85,54.85,51.57,52.05,16224.0,84283680.0,54.75,54.75,51.47,51.95,True,斯迪克,False
2020-11-16,52.9,52.9,49.3,49.55,20234.0,100057130.0,52.8,52.8,49.2,49.45,True,斯迪克,False
2020-11-17,50.07,50.07,45.4,46.9,25034.0,117159120.0,49.97,49.97,45.3,46.8,True,斯迪克,False
2020-11-18,46.69,48.35,46.2,47.06,13791.0,64762536.0,46.59,48.25,46.1,46.96,True,斯迪克,False
2020-11-19,47.54,48.58,46.59,48.0,10212.0,48915480.0,47.44,48.48,46.49,47.9,True,斯迪克,False
2020-11-20,47.77,48.55,47.3,47.8,7810.0,37253700.0,47.67,48.45,47.2,47.7,True,斯迪克,False
2020-11-23,47.8,49.22,46.75,48.57,11529.0,55881063.0,47.7,49.12,46.65,48.47,True,斯迪克,False
2020-11-24,48.1,50.28,47.85,48.55,14857.0,71982165.0,48.0,50.18,47.75,48.45,True,斯迪克,False
2020-11-25,48.95,48.95,47.33,48.65,13923.0,67596165.0,48.85,48.85,47.23,48.55,True,斯迪克,False
2020-11-26,48.6,49.58,48.19,48.84,13568.0,66130432.0,48.5,49.48,48.09,48.74,True,斯迪克,False
2020-11-27,49.1,49.45,47.6,48.67,8439.0,40988223.0,49.0,49.35,47.5,48.57,True,斯迪克,False
2020-11-30,48.77,48.83,47.65,47.81,8805.0,42008655.0,48.67,48.73,47.55,47.71,True,斯迪克,False
2020-12-01,48.09,49.5,47.73,49.25,11603.0,57028745.0,47.99,49.4,47.63,49.15,True,斯迪克,False
2020-12-02,49.39,50.08,48.5,49.59,9409.0,46565141.0,49.29,49.98,48.4,49.49,True,斯迪克,False
2020-12-03,50.16,50.16,48.46,48.95,12138.0,59294130.0,50.06,50.06,48.36,48.85,True,斯迪克,False
2020-12-04,49.1,49.28,47.99,48.93,11988.0,58537404.0,49.0,49.18,47.89,48.83,True,斯迪克,False
2020-12-07,49.29,51.58,48.3,50.02,21686.0,108256512.0,49.19,51.48,48.2,49.92,True,斯迪克,False
2020-12-08,50.1,51.44,49.61,50.0,15764.0,78662360.0,50.0,51.34,49.51,49.9,True,斯迪克,False
2020-12-09,50.1,50.9,48.81,48.9,12112.0,59106560.0,50.0,50.8,48.71,48.8,True,斯迪克,False
2020-12-10,49.06,49.4,48.06,48.69,7651.0,37176209.0,48.96,49.3,47.96,48.59,True,斯迪克,False
2020-12-11,48.3,48.37,47.15,47.41,8422.0,39844482.0,48.2,48.27,47.05,47.31,True,斯迪克,False
2020-12-14,47.44,48.89,46.9,48.7,7574.0,36809640.0,47.34,48.79,46.8,48.6,True,斯迪克,False
2020-12-15,49.05,49.37,48.28,48.58,6159.0,29858832.0,48.95,49.27,48.18,48.48,True,斯迪克,False
2020-12-16,48.99,49.3,47.9,47.92,5602.0,26788764.0,48.89,49.2,47.8,47.82,True,斯迪克,False
2020-12-17,48.12,48.12,46.6,47.76,8372.0,39900952.0,48.02,48.02,46.5,47.66,True,斯迪克,False
2020-12-18,47.4,48.48,46.63,47.85,6189.0,29552475.0,47.3,48.38,46.53,47.75,True,斯迪克,False
2020-12-21,47.85,48.89,47.8,48.33,11014.0,53120522.0,47.75,48.79,47.7,48.23,True,斯迪克,False
2020-12-22,48.35,50.9,48.13,49.49,18179.0,89786081.0,48.25,50.8,48.03,49.39,True,斯迪克,False
2020-12-23,49.16,50.78,49.07,50.23,14663.0,73505619.0,49.06,50.68,48.97,50.13,True,斯迪克,False
2020-12-24,50.3,51.85,49.4,51.68,18511.0,95479738.0,50.2,51.75,49.3,51.58,True,斯迪克,False
2020-12-25,51.71,52.55,50.6,52.09,16591.0,86256609.0,51.61,52.45,50.5,51.99,True,斯迪克,False
2020-12-28,52.11,52.38,49.8,49.85,14728.0,73271800.0,52.01,52.28,49.7,49.75,True,斯迪克,False
2020-12-29,50.19,51.58,49.84,50.86,9655.0,49008780.0,50.09,51.48,49.74,50.76,True,斯迪克,False
2020-12-30,50.41,51.5,50.1,50.17,9324.0,46685268.0,50.31,51.4,50.0,50.07,True,斯迪克,False
2020-12-31,50.3,52.76,49.75,52.1,15707.0,81676400.0,50.2,52.66,49.65,52.0,True,斯迪克,False
2021-01-04,52.36,54.53,52.36,53.68,23757.0,127290006.0,52.26,54.43,52.26,53.58,True,斯迪克,False
2021-01-05,54.08,54.59,52.88,53.46,14100.0,75237600.0,53.98,54.49,52.78,53.36,True,斯迪克,False
2021-01-06,53.02,60.7,52.78,58.69,58240.0,341228160.0,52.92,60.6,52.68,58.59,True,斯迪克,False
2021-01-07,59.6,61.43,56.3,59.05,37750.0,222536250.0,59.5,61.33,56.2,58.95,True,斯迪克,False
2021-01-08,58.1,59.6,56.98,58.0,18124.0,104937960.0,58.0,59.5,56.88,57.9,True,斯迪克,False
2021-01-11,58.58,61.23,58.14,61.0,29382.0,178936380.0,58.48,61.13,58.04,60.9,True,斯迪克,False
2021-01-12,61.0,61.99,59.1,61.2,24196.0,147837560.0,60.9,61.89,59.0,61.1,True,斯迪克,False
2021-01-13,60.64,60.85,52.23,57.65,38007.0,218730285.0,60.54,60.75,52.13,57.55,True,斯迪克,False
2021-01-14,57.1,58.49,56.02,56.52,15780.0,89030760.0,57.0,58.39,55.92,56.42,True,斯迪克,False
2021-01-15,56.99,58.06,55.69,57.43,8998.0,51585534.0,56.89,57.96,55.59,57.33,True,斯迪克,False
2021-01-18,61.5,63.97,58.8,60.59,35334.0,213735366.0,61.4,63.87,58.7,60.49,True,斯迪克,False
2021-01-19,61.53,65.74,61.1,62.5,38422.0,239753280.0,61.43,65.64,61.0,62.4,True,斯迪克,False
2021-01-20,61.6,63.29,61.6,61.97,20824.0,128838088.0,61.5,63.19,61.5,61.87,True,斯迪克,False
2021-01-21,61.62,64.67,61.0,64.14,26154.0,167490216.00000003,61.52,64.57,60.9,64.04,True,斯迪克,False
2021-01-22,63.4,63.5,59.39,60.5,25559.0,154376360.0,63.3,63.4,59.29,60.4,True,斯迪克,False
2021-01-25,58.86,59.98,55.1,55.78,35535.0,197858880.0,58.76,59.88,55.0,55.68,True,斯迪克,False
2021-01-26,54.9,56.45,54.43,55.1,14535.0,79942500.0,54.8,56.35,54.33,55.0,True,斯迪克,False
2021-01-27,54.6,57.72,54.59,57.1,13531.0,77126700.0,54.5,57.62,54.49,57.0,True,斯迪克,False
2021-01-28,56.65,56.65,53.77,54.75,17532.0,95812380.0,56.55,56.55,53.67,54.65,True,斯迪克,False
2021-01-29,55.41,55.85,52.71,53.55,17381.0,92901445.0,55.31,55.75,52.61,53.45,True,斯迪克,False
2021-02-01,54.08,55.53,53.55,53.98,10236.0,55151568.0,53.98,55.43,53.45,53.88,True,斯迪克,False
2021-02-02,53.98,54.98,52.84,54.6,10988.0,59884600.0,53.88,54.88,52.74,54.5,True,斯迪克,False
2021-02-03,54.42,55.36,52.61,53.54,14855.0,79385120.0,54.32,55.26,52.51,53.44,True,斯迪克,False
2021-02-04,54.0,54.55,52.22,54.2,12849.0,69513090.0,53.9,54.45,52.12,54.1,True,斯迪克,False
2021-02-05,56.67,56.89,52.8,53.09,22051.0,116848249.0,56.57,56.79,52.7,52.99,True,斯迪克,False
2021-02-08,51.34,52.5,48.17,50.23,18674.0,93612762.0,51.24,52.4,48.07,50.13,True,斯迪克,False
2021-02-09,49.6,53.25,49.6,52.61,14897.0,78224147.0,49.5,53.15,49.5,52.51,True,斯迪克,False
2021-02-10,52.83,54.63,52.11,53.5,13749.0,73419660.0,52.73,54.53,52.01,53.4,True,斯迪克,False
2021-02-18,53.98,54.9,52.81,53.03,10214.0,54062702.0,53.88,54.8,52.71,52.93,True,斯迪克,False
2021-02-19,52.32,53.78,51.23,53.65,12185.0,65250675.0,52.22,53.68,51.13,53.55,True,斯迪克,False
2021-02-22,53.76,55.89,53.76,54.6,18757.0,102225650.0,53.66,55.79,53.66,54.5,True,斯迪克,False
2021-02-23,54.2,54.55,52.76,53.1,9045.0,47938500.0,54.1,54.45,52.66,53.0,True,斯迪克,False
2021-02-24,52.51,54.03,51.7,52.0,8717.0,45241230.0,52.41,53.93,51.6,51.9,True,斯迪克,False
2021-02-25,52.11,52.86,50.38,50.65,9604.0,48548220.0,52.01,52.76,50.28,50.55,True,斯迪克,False
2021-02-26,50.1,53.55,49.6,52.23,13053.0,68045289.0,50.0,53.45,49.5,52.13,True,斯迪克,False
2021-03-01,52.26,54.58,52.12,54.33,11594.0,62874262.0,52.16,54.48,52.02,54.23,True,斯迪克,False
2021-03-02,54.48,54.89,53.81,54.33,10600.0,57483800.0,54.38,54.79,53.71,54.23,True,斯迪克,False
2021-03-03,54.26,59.16,53.63,58.83,24563.0,144258499.0,54.16,59.06,53.53,58.73,True,斯迪克,False
2021-03-04,58.14,59.6,57.75,58.66,22870.0,133926720.0,58.04,59.5,57.65,58.56,True,斯迪克,False
2021-03-05,57.98,59.78,57.71,58.97,13030.0,76707610.0,57.88,59.68,57.61,58.87,True,斯迪克,False
2021-03-08,58.15,59.29,56.7,56.8,11790.0,66849300.0,58.05,59.19,56.6,56.7,True,斯迪克,False
2021-03-09,57.85,57.85,53.78,54.09,12322.0,66526478.0,57.75,57.75,53.68,53.99,True,斯迪克,False
2021-03-10,54.26,55.09,52.57,53.0,10750.0,56867500.0,54.16,54.99,52.47,52.9,True,斯迪克,False
2021-03-11,53.0,54.4,52.33,53.23,7144.0,37956072.0,52.9,54.3,52.23,53.13,True,斯迪克,False
2021-03-12,53.33,53.43,52.02,52.85,8197.0,43239175.0,53.23,53.33,51.92,52.75,True,斯迪克,False
2021-03-15,53.78,54.58,51.68,52.55,8222.0,43124390.0,53.68,54.48,51.58,52.45,True,斯迪克,False
2021-03-16,51.88,53.3,50.91,53.1,11745.0,62248500.0,51.78,53.2,50.81,53.0,True,斯迪克,False
2021-03-17,53.09,54.99,52.18,53.94,10594.0,57038096.0,52.99,54.89,52.08,53.84,True,斯迪克,False
2021-03-18,53.9,56.37,53.36,54.65,8321.0,45391055.0,53.8,56.27,53.26,54.55,True,斯迪克,False
2021-03-19,55.1,55.17,52.41,52.56,8416.0,44150336.0,55.0,55.07,52.31,52.46,True,斯迪克,False
2021-03-22,52.1,55.04,52.1,54.69,10446.0,57024714.0,52.0,54.94,52.0,54.59,True,斯迪克,False
2021-03-23,54.69,55.01,53.1,54.76,7029.0,38420514.0,54.59,54.91,53.0,54.66,True,斯迪克,False
2021-03-24,54.73,54.74,52.7,53.58,7222.0,38623256.0,54.63,54.64,52.6,53.48,True,斯迪克,False
2021-03-25,53.55,53.78,52.48,53.58,4284.0,22910832.0,53.45,53.68,52.38,53.48,True,斯迪克,False
2021-03-26,53.42,54.72,53.15,54.17,7300.0,39471100.0,53.32,54.62,53.05,54.07,True,斯迪克,False
2021-03-29,54.55,54.58,53.38,54.13,5990.0,32363970.0,54.45,54.48,53.28,54.03,True,斯迪克,False
2021-03-30,53.56,53.87,52.8,53.22,5128.0,27239936.0,53.46,53.77,52.7,53.12,True,斯迪克,False
2021-03-31,53.22,54.07,52.96,53.36,4484.0,23881784.0,53.12,53.97,52.86,53.26,True,斯迪克,False
2021-04-01,54.02,54.55,53.1,53.36,8278.0,44088628.0,53.92,54.45,53.0,53.26,True,斯迪克,False
2021-04-02,53.36,54.18,52.9,53.52,5790.0,30930180.0,53.26,54.08,52.8,53.42,True,斯迪克,False
2021-04-06,54.0,54.0,52.74,52.97,5538.0,29279406.0,53.9,53.9,52.64,52.87,True,斯迪克,False
2021-04-07,52.8,53.57,52.62,53.28,5846.0,31089028.0,52.7,53.47,52.52,53.18,True,斯迪克,False
2021-04-08,53.39,54.1,52.9,53.32,6521.0,34704762.0,53.29,54.0,52.8,53.22,True,斯迪克,False
2021-04-09,53.1,53.96,52.85,53.73,8525.0,45719575.0,53.0,53.86,52.75,53.63,True,斯迪克,False
2021-04-12,53.98,54.11,51.98,52.0,7844.0,40710360.0,53.88,54.01,51.88,51.9,True,斯迪克,False
2021-04-13,51.76,52.68,51.3,51.36,4208.0,21570208.0,51.66,52.58,51.2,51.26,True,斯迪克,False
2021-04-14,51.9,51.9,48.62,49.86,13979.0,69559504.0,51.8,51.8,48.52,49.76,True,斯迪克,False
2021-04-15,50.21,53.65,49.11,53.64,19143.0,102491622.0,50.11,53.55,49.01,53.54,True,斯迪克,False
2021-04-16,53.11,54.15,52.73,53.78,10934.0,58693712.0,53.01,54.05,52.63,53.68,True,斯迪克,False
2021-04-19,54.33,55.56,53.49,54.92,12303.0,67445046.0,54.23,55.46,53.39,54.82,True,斯迪克,False
2021-04-20,54.95,56.81,53.58,54.71,12771.0,69742431.0,54.85,56.71,53.48,54.61,True,斯迪克,False
2021-04-21,54.39,55.49,54.39,54.6,8020.0,43709000.0,54.29,55.39,54.29,54.5,True,斯迪克,False
2021-04-22,54.3,55.36,53.91,54.99,9951.0,54621039.0,54.2,55.26,53.81,54.89,True,斯迪克,False
2021-04-23,56.05,56.05,54.18,55.1,8767.0,48218500.0,55.95,55.95,54.08,55.0,True,斯迪克,False
2021-04-26,55.1,56.42,54.92,55.08,11606.0,63809788.0,55.0,56.32,54.82,54.98,True,斯迪克,False
2021-04-27,55.08,55.36,53.73,54.67,6514.0,35546898.0,54.98,55.26,53.63,54.57,True,斯迪克,False
2021-04-28,54.66,54.95,53.4,54.04,5676.0,30616344.0,54.56,54.85,53.3,53.94,True,斯迪克,False
2021-04-29,53.89,54.4,53.57,53.98,4322.0,23286936.0,53.79,54.3,53.47,53.88,True,斯迪克,False
2021-04-30,53.6,54.33,53.32,53.95,4711.0,25368735.0,53.5,54.23,53.22,53.85,True,斯迪克,False
2021-05-06,53.81,55.7,53.2,55.37,7752.0,42845304.0,53.71,55.6,53.1,55.27,True,斯迪克,False
2021-05-07,55.37,59.2,55.01,58.57,20866.0,122003502.0,55.27,59.1,54.91,58.47,True,斯迪克,False
2021-05-10,59.06,59.42,57.71,58.56,8380.0,48989480.0,58.96,59.32,57.61,58.46,True,斯迪克,False
2021-05-11,58.39,58.52,57.4,57.48,5270.0,30239260.0,58.29,58.42,57.3,57.38,True,斯迪克,False
2021-05-12,57.01,57.58,55.9,56.14,7487.0,41957148.0,56.91,57.48,55.8,56.04,True,斯迪克,False
2021-05-13,56.55,58.28,55.15,55.52,9444.0,52338648.0,56.45,58.18,55.05,55.42,True,斯迪克,False
2021-05-14,55.53,59.05,55.13,58.36,13218.0,77008068.0,55.43,58.95,55.03,58.26,True,斯迪克,False
2021-05-17,58.3,59.28,57.1,57.8,9135.0,52708950.0,58.2,59.18,57.0,57.7,True,斯迪克,False
2021-05-18,58.29,58.31,56.98,57.33,5685.0,32535255.0,58.19,58.21,56.88,57.23,True,斯迪克,False
2021-05-19,57.58,57.58,55.68,56.65,8794.0,49730070.0,57.48,57.48,55.58,56.55,True,斯迪克,False
2021-05-20,56.14,56.684,54.348,55.132,15514.0,53166478.00000001,34.9,35.24,33.78,34.27,True,斯迪克,False
2021-05-21,55.548,55.868,53.196,53.212,13147.0,43477129.0,34.53,34.73,33.06,33.07,True,斯迪克,False
2021-05-24,53.212,55.308,52.828,54.332,10870.0,36707990.0,33.07,34.38,32.83,33.77,True,斯迪克,False
2021-05-25,54.3,54.3,52.908,53.884,14240.0,47689760.0,33.75,33.75,32.88,33.49,True,斯迪克,False
2021-05-26,53.18,53.932,53.132,53.436,7266.0,24130386.0,33.05,33.52,33.02,33.21,True,斯迪克,False
2021-05-27,53.484,55.58,53.26,54.268,12429.0,41923016.99999999,33.24,34.55,33.1,33.73,True,斯迪克,False
2021-05-28,54.268,55.42,53.228,53.644,12028.0,40101352.00000001,33.73,34.45,33.08,33.34,True,斯迪克,False
2021-05-31,53.708,61.1,53.708,59.58,49231.0,182400855.0,33.38,38.0,33.38,37.05,True,斯迪克,False
2021-06-01,60.3,61.548,58.7,61.276,39700.0,151296700.0,37.5,38.28,36.5,38.11,True,斯迪克,False
2021-06-02,61.564,67.484,61.564,65.708,79100.0,323360800.0,38.29,41.99,38.29,40.88,True,斯迪克,False
2021-06-03,65.916,68.748,64.444,67.724,55350.0,233244900.0,41.01,42.78,40.09,42.14,True,斯迪克,False
2021-06-04,65.708,66.476,64.732,65.516,36472.0,148659872.0,40.88,41.36,40.27,40.76,True,斯迪克,False
2021-06-07,66.236,69.42,66.236,68.956,39944.0,171399704.0,41.21,43.2,41.21,42.91,True,斯迪克,False
2021-06-08,68.46,68.46,65.292,65.9,31364.0,128592400.0,42.6,42.6,40.62,41.0,True,斯迪克,False
2021-06-09,65.9,66.684,63.58,63.66,26556.0,105161760.0,41.0,41.49,39.55,39.6,True,斯迪克,False
2021-06-10,64.876,67.02,61.292,66.108,24993.0,102796209.0,40.36,41.7,38.12,41.13,True,斯迪克,False
2021-06-11,66.124,68.972,65.612,67.868,31728.0,133987344.0,41.14,42.92,40.82,42.23,True,斯迪克,False
2021-06-15,67.836,70.204,65.372,68.188,27215.0,115473245.0,42.21,43.69,40.67,42.43,True,斯迪克,False
2021-06-16,68.188,68.3,64.14,64.14,23065.0,92029350.0,42.43,42.5,39.9,39.9,True,斯迪克,False
2021-06-17,63.98,65.74,63.516,65.276,16652.0,67623772.0,39.8,40.9,39.51,40.61,True,斯迪克,False
2021-06-18,65.26,66.092,63.676,65.532,15410.0,62826570.00000001,40.6,41.12,39.61,40.77,True,斯迪克,False
2021-06-21,65.404,72.508,64.076,72.46,41491.0,187124410.0,40.69,45.13,39.86,45.1,True,斯迪克,False
2021-06-22,72.46,75.276,71.02,75.132,37518.0,175471686.0,45.1,46.86,44.2,46.77,True,斯迪克,False
2021-06-23,74.7,78.284,73.884,78.22,37670.0,183452900.0,46.5,48.74,45.99,48.7,True,斯迪克,False
2021-06-24,78.22,80.828,75.82,76.796,42749.0,204382969.0,48.7,50.33,47.2,47.81,True,斯迪克,False
2021-06-25,76.684,78.828,75.868,77.26,19340.0,93025400.0,47.74,49.08,47.23,48.1,True,斯迪克,False
2021-06-28,77.1,78.508,74.732,78.14,27678.0,134653470.0,48.0,48.88,46.52,48.65,True,斯迪克,False
2021-06-29,77.9,79.612,74.636,76.044,23574.0,111599316.0,48.5,49.57,46.46,47.34,True,斯迪克,False
2021-06-30,75.852,78.3,75.5,76.14,14982.0,71014680.0,47.22,48.75,47.0,47.4,True,斯迪克,False
2021-07-01,76.764,76.764,74.7,75.1,10553.0,49335275.0,47.79,47.79,46.5,46.75,True,斯迪克,False
2021-07-02,74.828,76.076,72.124,73.42,23364.0,106773480.0,46.58,47.36,44.89,45.7,True,斯迪克,False
2021-07-05,74.636,78.284,72.78,77.98,23209.0,112679695.0,46.46,48.74,45.3,48.55,True,斯迪克,False
2021-07-06,78.7,80.236,77.26,78.844,19711.0,96761299.0,49.0,49.96,48.1,49.09,True,斯迪克,False
2021-07-07,78.62,82.46,77.884,80.748,23670.0,119012760.0,48.95,51.35,48.49,50.28,True,斯迪克,False
2021-07-08,80.748,82.188,78.06,80.124,21104.0,105287856.0,50.28,51.18,48.6,49.89,True,斯迪克,False
2021-07-09,80.3,83.164,79.036,82.38,21190.0,108704700.0,50.0,51.79,49.21,51.3,True,斯迪克,False
2021-07-12,82.7,83.388,79.5,81.1,16836.0,85021800.0,51.5,51.93,49.5,50.5,True,斯迪克,False
2021-07-13,80.14,81.804,79.036,81.42,11781.0,59729670.0,49.9,50.94,49.21,50.7,True,斯迪克,False
2021-07-14,80.604,81.1,77.228,78.7,17349.0,85010100.0,50.19,50.5,48.08,49.0,True,斯迪克,False
2021-07-15,78.236,84.908,77.228,83.82,26382.0,137714040.0,48.71,52.88,48.08,52.2,True,斯迪克,False
2021-07-16,83.836,83.964,80.988,81.9,15285.0,77953500.0,52.21,52.29,50.43,51.0,True,斯迪克,False
2021-07-19,97.9,97.9,88.62,95.5,86058.0,512045100.0,61.0,61.0,55.2,59.5,True,斯迪克,False
2021-07-20,94.732,101.42,93.5,99.516,70840.0,439278840.0,59.02,63.2,58.25,62.01,True,斯迪克,False
2021-07-21,95.58,105.884,95.58,102.988,48812.0,313275416.00000006,59.55,65.99,59.55,64.18,True,斯迪克,False
2021-07-22,103.5,113.1,103.5,112.14,71404.0,499113960.00000006,64.5,70.5,64.5,69.9,True,斯迪克,False
2021-07-23,114.7,114.7,107.18,111.98,45333.0,316424340.0,71.5,71.5,66.8,69.8,True,斯迪克,False
2021-07-26,111.82,114.22,109.548,112.3,32935.0,230545000.0,69.7,71.2,68.28,70.0,True,斯迪克,False
2021-07-27,112.508,114.508,107.324,107.772,28347.0,190406799.0,70.13,71.38,66.89,67.17,True,斯迪克,False
2021-07-28,109.1,113.9,99.068,106.7,37190.0,247313500.0,68.0,71.0,61.73,66.5,True,斯迪克,False
2021-07-29,107.996,112.236,102.684,103.5,39128.0,252375600.0,67.31,69.96,63.99,64.5,True,斯迪克,False
2021-07-30,103.532,109.884,103.532,105.628,41212.0,271298596.0,64.52,68.49,64.52,65.83,True,斯迪克,False
2021-08-02,106.444,109.9,104.188,107.66,19264.0,129261440.0,66.34,68.5,64.93,67.1,True,斯迪克,False
2021-08-03,106.444,109.58,102.86,108.14,15395.0,103762300.0,66.34,68.3,64.1,67.4,True,斯迪克,False
2021-08-04,107.5,110.172,105.548,109.9,21943.0,150309550.0,67.0,68.67,65.78,68.5,True,斯迪克,False
2021-08-05,108.556,112.924,106.86,110.796,26151.0,180598806.0,67.66,70.39,66.6,69.06,True,斯迪克,False
2021-08-06,110.892,111.868,104.396,106.06,24152.0,159644720.0,69.12,69.73,65.06,66.1,True,斯迪克,False
2021-08-09,106.06,106.06,101.1,103.26,28290.0,182046150.0,66.1,66.1,63.0,64.35,True,斯迪克,False
2021-08-10,103.244,107.9,101.66,102.78,17872.0,114470160.0,64.34,67.25,63.35,64.05,True,斯迪克,False
2021-08-11,100.908,103.948,98.7,100.86,29072.0,182717520.0,62.88,64.78,61.5,62.85,True,斯迪克,False
2021-08-12,100.748,101.852,98.188,100.588,15713.0,98489084.0,62.78,63.47,61.18,62.68,True,斯迪克,False
2021-08-13,100.988,102.38,97.884,98.7,16991.0,104494650.0,62.93,63.8,60.99,61.5,True,斯迪克,False
2021-08-16,98.54,99.772,96.46,98.028,15195.0,92811060.0,61.4,62.17,60.1,61.08,True,斯迪克,False
2021-08-17,98.028,99.308,92.94,93.996,20935.0,122595360.0,61.08,61.88,57.9,58.56,True,斯迪克,False
2021-08-18,93.468,97.356,93.084,93.852,10702.0,62574594.0,58.23,60.66,57.99,58.47,True,斯迪克,False
2021-08-19,93.1,94.38,91.5,93.548,12811.0,74662508.0,58.0,58.8,57.0,58.28,True,斯迪克,False
2021-08-20,93.1,95.98,90.748,92.46,19326.0,111317760.0,58.0,59.8,56.53,57.6,True,斯迪克,False
2021-08-23,94.476,96.844,92.476,95.484,14151.0,84184299.0,58.86,60.34,57.61,59.49,True,斯迪克,False
2021-08-24,95.116,98.028,94.364,97.26,16977.0,102880620.0,59.26,61.08,58.79,60.6,True,斯迪克,False
2021-08-25,97.212,97.884,94.22,97.468,11272.0,68454856.0,60.57,60.99,58.7,60.73,True,斯迪克,False
2021-08-26,97.484,108.78,97.484,102.476,24314.0,155269204.0,60.74,67.8,60.74,63.86,True,斯迪克,False
2021-08-27,102.716,102.716,95.82,98.22,22878.0,140013360.0,64.01,64.01,59.7,61.2,True,斯迪克,False
2021-08-30,93.1,104.284,93.1,102.812,25027.0,160347988.99999997,58.0,64.99,58.0,64.07,True,斯迪克,False
2021-08-31,102.716,103.34,99.132,102.108,17810.0,113325030.0,64.01,64.4,61.77,63.63,True,斯迪克,False
2021-09-01,102.284,103.004,92.3,94.7,23217.0,136980300.0,63.74,64.19,57.5,59.0,True,斯迪克,False
2021-09-02,93.964,108.62,93.1,104.268,30535.0,198416430.0,58.54,67.7,58.0,64.98,True,斯迪克,False
2021-09-03,104.124,108.62,97.66,98.268,17524.0,107299452.0,64.89,67.7,60.85,61.23,True,斯迪克,False
2021-09-06,98.492,100.46,94.7,99.34,16397.0,101497430.0,61.37,62.6,59.0,61.9,True,斯迪克,False
2021-09-07,99.98,100.588,95.5,99.42,13729.0,85051155.0,62.3,62.68,59.5,61.95,True,斯迪克,False
2021-09-08,99.916,103.452,97.9,102.684,18170.0,116269830.0,62.26,64.47,61.0,63.99,True,斯迪克,False
2021-09-09,103.788,103.82,96.78,99.1,19098.0,117930150.0,64.68,64.7,60.3,61.75,True,斯迪克,False
2021-09-10,98.412,103.148,97.74,99.564,12168.0,75490272.0,61.32,64.28,60.9,62.04,True,斯迪克,False
2021-09-13,99.068,99.564,96.716,97.9,8248.0,50312800.0,61.73,62.04,60.26,61.0,True,斯迪克,False
2021-09-14,97.932,105.068,96.396,104.588,20939.0,136480402.0,61.02,65.48,60.06,65.18,True,斯迪克,False
2021-09-15,102.252,106.7,99.532,102.7,19104.0,122265600.0,63.72,66.5,62.02,64.0,True,斯迪克,False
2021-09-16,102.7,107.34,100.78,104.076,28065.0,182029590.0,64.0,66.9,62.8,64.86,True,斯迪克,False
2021-09-17,104.092,105.852,100.06,103.66,16243.0,104929780.0,64.87,65.97,62.35,64.6,True,斯迪克,False
2021-09-22,101.9,105.996,101.308,102.86,11704.0,75022640.0,63.5,66.06,63.13,64.1,True,斯迪克,False
2021-09-23,101.9,104.588,101.612,102.572,8083.0,51666536.0,63.5,65.18,63.32,63.92,True,斯迪克,False
2021-09-24,102.812,103.452,99.324,99.516,8608.0,53378208.0,64.07,64.47,61.89,62.01,True,斯迪克,False
2021-09-27,99.516,100.62,93.58,93.628,11997.0,69978501.0,62.01,62.7,58.3,58.33,True,斯迪克,False
2021-09-28,92.604,94.508,88.892,89.548,12508.0,69769624.0,57.69,58.88,55.37,55.78,True,斯迪克,False
2021-09-29,89.804,90.828,87.932,89.02,9222.0,51135990.0,55.94,56.58,54.77,55.45,True,斯迪克,False
2021-09-30,89.02,92.06,88.46,91.388,8182.0,46580126.0,55.45,57.35,55.1,56.93,True,斯迪克,False
2021-10-08,91.692,94.06,89.5,89.708,6150.0,34366200.0,57.12,58.6,55.75,55.88,True,斯迪克,False
2021-10-11,89.708,92.732,88.508,91.468,7020.0,39999960.0,55.88,57.77,55.13,56.98,True,斯迪克,False
2021-10-12,90.988,92.764,88.46,90.892,7067.0,40013354.0,56.68,57.79,55.1,56.62,True,斯迪克,False
2021-10-13,91.532,91.98,88.62,88.636,6426.0,35477946.0,57.02,57.3,55.2,55.21,True,斯迪克,False
2021-10-14,88.78,90.284,83.436,88.732,13979.0,77261933.0,55.3,56.24,51.96,55.27,True,斯迪克,False
2021-10-15,88.588,88.908,84.172,84.588,10590.0,55788120.0,55.18,55.38,52.42,52.68,True,斯迪克,False
2021-10-18,84.78,87.468,84.316,86.332,13262.0,71309774.0,52.8,54.48,52.51,53.77,True,斯迪克,False
2021-10-19,85.548,90.22,85.548,89.388,9860.0,54900480.0,53.28,56.2,53.28,55.68,True,斯迪克,False
2021-10-20,92.412,92.412,85.1,88.78,14620.0,80848600.0,57.57,57.57,53.0,55.3,True,斯迪克,False
2021-10-21,89.868,91.436,86.316,89.356,13709.0,76304294.0,55.98,56.96,53.76,55.66,True,斯迪克,False
2021-10-22,88.572,89.436,86.332,87.804,11683.0,63894327.0,55.17,55.71,53.77,54.69,True,斯迪克,False
2021-10-25,89.1,89.884,87.468,89.74,7710.0,43098900.0,55.5,55.99,54.48,55.9,True,斯迪克,False
2021-10-26,91.5,91.5,88.3,88.556,9319.0,51403604.0,57.0,57.0,55.0,55.16,True,斯迪克,False
2021-10-27,87.548,89.148,84.94,86.188,14405.0,77326040.0,54.53,55.53,52.9,53.68,True,斯迪克,False
2021-10-28,87.532,87.548,77.276,77.596,41271.0,199380201.0,54.52,54.53,48.11,48.31,True,斯迪克,False
2021-10-29,77.9,81.58,76.892,77.692,26380.0,127600060.0,48.5,50.8,47.87,48.37,True,斯迪克,False
2021-11-01,76.396,78.62,74.636,75.02,37813.0,176586710.0,47.56,48.95,46.46,46.7,True,斯迪克,False
2021-11-02,73.1,78.684,72.78,76.508,33192.0,158093496.0,45.5,48.99,45.3,47.63,True,斯迪克,False
2021-11-03,76.732,78.044,74.86,77.788,22993.0,111355099.0,47.77,48.59,46.6,48.43,True,斯迪克,False
2021-11-04,78.396,82.204,77.068,79.868,29044.0,144435812.0,48.81,51.19,47.98,49.73,True,斯迪克,False
2021-11-05,79.628,82.86,78.508,78.972,24307.0,119517519.0,49.58,51.6,48.88,49.17,True,斯迪克,False
2021-11-08,79.148,79.788,77.644,78.764,18366.0,90066864.0,49.28,49.68,48.34,49.04,True,斯迪克,False
2021-11-09,80.524,80.524,77.1,79.788,19888.0,98803584.0,50.14,50.14,48.0,49.68,True,斯迪克,False
2021-11-10,80.444,81.228,78.46,81.004,20353.0,102660532.0,50.09,50.58,48.85,50.44,True,斯迪克,False
2021-11-11,80.604,92.828,80.476,91.868,71869.0,411306287.0,50.19,57.83,50.11,57.23,True,斯迪克,False
2021-11-12,90.732,95.02,89.884,92.924,50400.0,291765600.0,56.52,59.2,55.99,57.89,True,斯迪克,False
2021-11-15,92.46,94.06,86.236,87.404,40546.0,220732424.0,57.6,58.6,53.71,54.44,True,斯迪克,False
2021-11-16,87.5,87.82,85.02,86.38,21294.0,114561720.0,54.5,54.7,52.95,53.8,True,斯迪克,False
2021-11-17,85.1,86.78,85.1,85.676,15013.0,80109368.0,53.0,54.05,53.0,53.36,True,斯迪克,False
2021-11-18,85.1,86.956,84.316,85.516,19038.0,101396388.0,53.0,54.16,52.51,53.26,True,斯迪克,False
2021-11-19,84.988,85.884,82.38,84.636,29311.0,154498281.0,52.93,53.49,51.3,52.71,True,斯迪克,False
2021-11-22,84.7,86.956,83.5,86.764,15860.0,85707440.0,52.75,54.16,52.0,54.04,True,斯迪克,False
2021-11-23,86.252,88.236,84.3,84.732,11628.0,61360956.0,53.72,54.96,52.5,52.77,True,斯迪克,False
2021-11-24,86.7,86.972,83.532,85.132,9909.0,52537518.0,54.0,54.17,52.02,53.02,True,斯迪克,False
2021-11-25,86.636,86.636,83.9,85.132,10581.0,56100462.0,53.96,53.96,52.25,53.02,True,斯迪克,False
2021-11-26,85.036,85.548,82.908,83.932,11430.0,59744610.0,52.96,53.28,51.63,52.27,True,斯迪克,False
2021-11-29,82.22,85.308,81.9,84.348,11087.0,58240011.0,51.2,53.13,51.0,52.53,True,斯迪克,False
2021-11-30,85.068,85.74,80.508,81.996,19915.0,101685990.0,52.98,53.4,50.13,51.06,True,斯迪克,False
2021-12-01,81.98,87.308,81.74,86.492,30877.0,166334399.0,51.05,54.38,50.9,53.87,True,斯迪克,False
2021-12-02,86.7,90.684,85.5,88.476,31419.0,173150109.0,54.0,56.49,53.25,55.11,True,斯迪克,False
2021-12-03,88.636,90.46,86.78,87.34,13080.0,71155200.0,55.21,56.35,54.05,54.4,True,斯迪克,False
2021-12-06,87.324,87.612,85.34,85.388,9293.0,49420174.0,54.39,54.57,53.15,53.18,True,斯迪克,False
2021-12-07,86.748,86.748,81.98,82.38,18926.0,97090380.0,54.03,54.03,51.05,51.3,True,斯迪克,False
2021-12-08,82.556,87.18,82.556,86.988,22745.0,123232410.0,51.41,54.3,51.41,54.18,True,斯迪克,False
2021-12-09,86.572,88.252,84.668,87.34,13017.0,70812480.0,53.92,54.97,52.73,54.4,True,斯迪克,False
2021-12-10,87.98,90.94,85.628,89.852,19475.0,109001575.0,54.8,56.65,53.33,55.97,True,斯迪克,False
2021-12-13,88.3,92.3,83.692,88.556,33723.0,186016068.0,55.0,57.5,52.12,55.16,True,斯迪克,False
2021-12-14,88.556,91.004,86.14,89.932,33460.0,187442920.0,55.16,56.69,53.65,56.02,True,斯迪克,False
2021-12-15,89.932,104.108,89.42,96.396,67437.0,405026622.0,56.02,64.88,55.7,60.06,True,斯迪克,False
2021-12-16,96.3,96.3,92.796,95.308,27141.0,161163258.0,60.0,60.0,57.81,59.38,True,斯迪克,False
2021-12-17,95.34,95.452,90.188,90.796,28108.0,158978848.0,59.4,59.47,56.18,56.56,True,斯迪克,False
2021-12-20,90.22,90.796,86.332,86.7,23450.0,126630000.0,56.2,56.56,53.77,54.0,True,斯迪克,False
2021-12-21,86.588,88.172,85.388,87.692,18647.0,101849914.0,53.93,54.92,53.18,54.62,True,斯迪克,False
2021-12-22,88.172,90.428,86.38,90.188,23816.0,133798288.0,54.92,56.33,53.8,56.18,True,斯迪克,False
2021-12-23,89.9,94.316,88.444,94.316,22399.0,131616524.0,56.0,58.76,55.09,58.76,True,斯迪克,False
2021-12-24,94.94,98.956,94.46,95.756,35295.0,210569970.0,59.15,61.66,58.85,59.66,True,斯迪克,False
2021-12-27,96.524,98.7,94.22,95.532,17641.0,104999232.0,60.14,61.5,58.7,59.52,True,斯迪克,False
2021-12-28,96.172,96.3,93.276,94.54,13308.0,78384120.0,59.92,60.0,58.11,58.9,True,斯迪克,False
2021-12-29,94.54,97.42,93.612,95.1,15501.0,91843425.0,58.9,60.7,58.32,59.25,True,斯迪克,False
2021-12-30,95.1,96.38,94.076,94.62,14453.0,85200435.0,59.25,60.05,58.61,58.95,True,斯迪克,False
2021-12-31,94.748,96.188,91.18,94.7,27077.0,159754300.0,59.03,59.93,56.8,59.0,True,斯迪克,False
2022-01-04,94.22,96.78,88.796,89.708,27280.0,152440640.0,58.7,60.3,55.31,55.88,True,斯迪克,False
2022-01-05,89.708,90.188,84.364,87.948,30954.0,169566012.0,55.88,56.18,52.54,54.78,True,斯迪克,False
2022-01-06,86.492,87.98,84.924,86.508,13683.0,73724004.0,53.87,54.8,52.89,53.88,True,斯迪克,False
2022-01-07,86.54,86.54,84.3,84.54,15419.0,81181035.0,53.9,53.9,52.5,52.65,True,斯迪克,False
2022-01-10,83.948,86.812,83.5,84.94,12180.0,64432200.0,52.28,54.07,52.0,52.9,True,斯迪克,False
2022-01-11,85.052,85.82,82.54,82.78,13149.0,67783095.0,52.97,53.45,51.4,51.55,True,斯迪克,False
2022-01-12,83.484,87.756,82.892,87.516,18981.0,103465431.0,51.99,54.66,51.62,54.51,True,斯迪克,False
2022-01-13,87.292,87.98,85.148,85.42,12547.0,66750040.0,54.37,54.8,53.03,53.2,True,斯迪克,False
2022-01-14,85.66,86.508,84.348,85.356,8712.0,46312992.0,53.35,53.88,52.53,53.16,True,斯迪克,False
2022-01-17,85.98,86.06,84.076,85.372,10999.0,58481683.0,53.55,53.6,52.36,53.17,True,斯迪克,False
2022-01-18,85.1,86.748,84.06,85.772,6305.0,33681310.0,53.0,54.03,52.35,53.42,True,斯迪克,False
2022-01-19,85.324,85.612,82.396,83.5,13184.0,68556800.0,53.14,53.32,51.31,52.0,True,斯迪克,False
2022-01-20,83.372,83.66,80.268,80.94,14371.0,72429840.0,51.92,52.1,49.98,50.4,True,斯迪克,False
2022-01-21,80.492,83.148,79.788,81.868,12124.0,61808151.99999999,50.12,51.78,49.68,50.98,True,斯迪克,False
2022-01-24,83.02,85.932,81.436,85.18,14199.0,75325695.0,51.7,53.52,50.71,53.05,True,斯迪克,False
2022-01-25,85.1,89.1,85.1,87.02,20376.0,110437920.0,53.0,55.5,53.0,54.2,True,斯迪克,False
2022-01-26,85.804,87.196,84.844,86.86,9327.0,50459070.0,53.44,54.31,52.84,54.1,True,斯迪克,False
2022-01-27,87.5,89.26,81.116,81.404,12750.0,64629750.0,54.5,55.6,50.51,50.69,True,斯迪克,False
2022-01-28,81.404,83.452,80.668,81.26,12071.0,61079260.0,50.69,51.97,50.23,50.6,True,斯迪克,False
2022-02-07,81.9,85.34,81.9,84.812,8252.0,43587064.0,51.0,53.15,51.0,52.82,True,斯迪克,False
2022-02-08,83.532,84.508,81.068,83.196,7989.0,41391009.0,52.02,52.63,50.48,51.81,True,斯迪克,False
2022-02-09,83.964,87.18,81.612,86.412,10551.0,56785482.0,52.29,54.3,50.82,53.82,True,斯迪克,False
2022-02-10,86.556,86.972,84.588,85.228,7420.0,39385360.0,53.91,54.17,52.68,53.08,True,斯迪克,False
2022-02-11,85.228,85.9,83.564,84.108,7141.0,37404558.0,53.08,53.5,52.04,52.38,True,斯迪克,False
2022-02-14,83.708,84.908,82.38,84.396,7940.0,41732640.0,52.13,52.88,51.3,52.56,True,斯迪克,False
2022-02-15,86.172,86.172,81.9,82.396,6836.0,35075516.0,53.67,53.67,51.0,51.31,True,斯迪克,False
2022-02-16,82.684,83.292,81.964,82.652,3535.0,18194645.0,51.49,51.87,51.04,51.47,True,斯迪克,False
2022-02-17,82.3,86.668,81.724,85.42,7563.0,40235160.0,51.25,53.98,50.89,53.2,True,斯迪克,False
2022-02-18,85.404,85.708,84.3,84.636,3511.0,18506481.0,53.19,53.38,52.5,52.71,True,斯迪克,False
2022-02-21,83.948,84.844,83.228,83.5,4612.0,23982400.0,52.28,52.84,51.83,52.0,True,斯迪克,False
2022-02-22,82.06,83.724,81.42,81.484,7324.0,37161976.0,51.1,52.14,50.7,50.74,True,斯迪克,False
2022-02-23,82.204,84.524,81.436,83.852,8276.0,43217272.0,51.19,52.64,50.71,52.22,True,斯迪克,False
2022-02-24,83.852,84.94,80.652,81.868,8230.0,41956540.0,52.22,52.9,50.22,50.98,True,斯迪克,False
2022-02-25,81.708,83.116,81.596,81.884,9461.0,48241639.0,50.88,51.76,50.81,50.99,True,斯迪克,False
2022-02-28,81.884,82.476,80.876,81.196,8063.0,40766528.0,50.99,51.36,50.36,50.56,True,斯迪克,False
2022-03-01,81.884,81.884,76.54,77.42,17299.0,83381180.0,50.99,50.99,47.65,48.2,True,斯迪克,False
2022-03-02,77.116,78.028,75.5,77.82,7377.0,35741565.0,48.01,48.58,47.0,48.45,True,斯迪克,False
2022-03-03,78.22,78.22,73.932,74.46,13617.0,63114795.0,48.7,48.7,46.02,46.35,True,斯迪克,False
2022-03-04,73.916,75.02,71.404,73.1,9480.0,43134000.0,46.01,46.7,44.44,45.5,True,斯迪克,False
2022-03-07,72.3,72.652,67.66,68.972,18151.0,77904092.0,45.0,45.22,42.1,42.92,True,斯迪克,False
2022-03-08,69.196,69.868,67.308,67.596,11846.0,49824276.0,43.06,43.48,41.88,42.06,True,斯迪克,False
2022-03-09,67.708,68.572,62.7,67.548,12684.0,53310852.0,42.13,42.67,39.0,42.03,True,斯迪克,False
2022-03-10,68.46,70.364,65.532,66.156,15391.0,63349355.99999999,42.6,43.79,40.77,41.16,True,斯迪克,False
2022-03-11,65.724,65.9,63.964,64.876,12946.0,52250056.0,40.89,41.0,39.79,40.36,True,斯迪克,False
2022-03-14,64.62,66.124,64.124,64.844,16009.0,64580306.00000001,40.2,41.14,39.89,40.34,True,斯迪克,False
2022-03-15,64.748,64.748,62.14,62.316,17538.0,67977288.0,40.28,40.28,38.65,38.76,True,斯迪克,False
2022-03-16,62.716,63.836,59.66,63.804,16509.0,65524220.99999999,39.01,39.71,37.1,39.69,True,斯迪克,False
2022-03-17,63.9,68.156,63.9,67.324,16432.0,68833648.0,39.75,42.41,39.75,41.89,True,斯迪克,False
2022-03-18,66.7,67.9,65.9,67.388,13030.0,54634790.0,41.5,42.25,41.0,41.93,True,斯迪克,False
2022-03-21,67.436,67.9,65.756,67.34,5027.0,21063130.0,41.96,42.25,40.91,41.9,True,斯迪克,False
2022-03-22,67.356,68.108,66.508,66.732,10193.0,42321336.0,41.91,42.38,41.38,41.52,True,斯迪克,False
2022-03-23,66.732,68.7,66.236,67.82,8970.0,37853400.0,41.52,42.75,41.21,42.2,True,斯迪克,False
2022-03-24,67.5,67.948,66.284,66.62,7778.0,32239810.000000004,42.0,42.28,41.24,41.45,True,斯迪克,False
2022-03-25,66.38,67.084,64.908,65.132,4127.0,16722604.000000002,41.3,41.74,40.38,40.52,True,斯迪克,False
2022-03-28,65.132,66.396,63.5,64.188,8395.0,33521235.0,40.52,41.31,39.5,39.93,True,斯迪克,False
2022-03-29,64.556,65.1,62.54,63.324,8657.0,34099923.0,40.16,40.5,38.9,39.39,True,斯迪克,False
2022-03-30,63.644,65.74,63.212,64.092,10597.0,42250239.0,39.59,40.9,39.32,39.87,True,斯迪克,False
2022-03-31,63.964,64.22,61.58,62.924,10347.0,40498158.0,39.79,39.95,38.3,39.14,True,斯迪克,False
2022-04-01,61.42,62.94,61.036,61.1,15249.0,57946200.0,38.2,39.15,37.96,38.0,True,斯迪克,False
2022-04-06,61.116,61.644,58.7,59.372,13692.0,50550864.0,38.01,38.34,36.5,36.92,True,斯迪克,False
2022-04-07,59.42,59.948,57.212,57.324,10010.0,35675640.0,36.95,37.28,35.57,35.64,True,斯迪克,False
2022-04-08,57.42,58.54,56.076,58.236,9893.0,35822553.0,35.7,36.4,34.86,36.21,True,斯迪克,False
2022-04-11,57.868,58.428,55.26,55.292,9105.0,31293885.0,35.98,36.33,34.35,34.37,True,斯迪克,False
2022-04-12,55.372,57.5,55.02,56.508,11349.0,39869037.0,34.42,35.75,34.2,35.13,True,斯迪克,False
2022-04-13,57.724,57.724,54.396,54.396,8231.0,27829011.000000004,35.89,35.89,33.81,33.81,True,斯迪克,False
2022-04-14,54.828,55.82,54.396,55.308,5786.0,19892268.0,34.08,34.7,33.81,34.38,True,斯迪克,False
2022-04-15,55.004,57.724,54.06,56.62,9259.0,32591680.000000004,34.19,35.89,33.6,35.2,True,斯迪克,False
2022-04-18,56.62,59.004,55.676,58.14,8392.0,30337080.0,35.2,36.69,34.61,36.15,True,斯迪克,False
2022-04-19,58.14,59.372,57.996,58.476,9048.0,32898528.0,36.15,36.92,36.06,36.36,True,斯迪克,False
2022-04-20,58.828,59.148,56.716,56.94,6002.0,21247080.0,36.58,36.78,35.26,35.4,True,斯迪克,False
2022-04-21,56.956,57.74,55.5,55.676,7714.0,26698154.0,35.41,35.9,34.5,34.61,True,斯迪克,False
2022-04-22,55.66,56.332,54.54,54.716,4875.0,16579874.999999998,34.6,35.02,33.9,34.01,True,斯迪克,False
2022-04-25,54.38,55.708,52.62,52.62,14140.0,46237800.00000001,33.8,34.63,32.7,32.7,True,斯迪克,False
2022-04-26,53.74,53.74,48.572,48.604,24493.0,73944367.0,33.4,33.4,30.17,30.19,True,斯迪克,False
2022-04-27,47.82,52.3,47.82,51.82,14071.0,45308620.00000001,29.7,32.5,29.7,32.2,True,斯迪克,False
2022-04-28,51.372,54.14,50.668,53.9,15576.0,52179600.0,31.92,33.65,31.48,33.5,True,斯迪克,False
2022-04-29,53.292,62.06,52.812,60.62,31545.0,118924650.0,33.12,38.6,32.82,37.7,True,斯迪克,False
2022-05-05,59.308,59.644,57.18,57.98,19993.0,72074765.0,36.88,37.09,35.55,36.05,True,斯迪克,False
2022-05-06,56.044,58.22,56.044,57.74,9288.0,33343920.0,34.84,36.2,34.84,35.9,True,斯迪克,False
2022-05-09,56.972,58.06,56.332,56.668,6174.0,21751002.0,35.42,36.1,35.02,35.23,True,斯迪克,False
2022-05-10,55.58,58.012,55.34,57.052,6495.0,23037765.0,34.55,36.07,34.4,35.47,True,斯迪克,False
2022-05-11,57.052,60.524,56.684,58.86,11258.0,41204280.0,35.47,37.64,35.24,36.6,True,斯迪克,False
2022-05-12,58.524,58.7,57.068,57.404,7887.0,28148703.0,36.39,36.5,35.48,35.69,True,斯迪克,False
2022-05-13,57.468,59.292,56.636,57.084,5630.0,19980870.0,35.73,36.87,35.21,35.49,True,斯迪克,False
2022-05-16,57.564,58.668,56.732,57.292,7725.0,27516450.0,35.79,36.48,35.27,35.62,True,斯迪克,False
2022-05-17,57.852,58.22,56.668,57.388,7796.0,27816128.0,35.97,36.2,35.23,35.68,True,斯迪克,False
2022-05-18,57.1,58.028,56.7,58.028,11259.0,40622472.0,35.5,36.08,35.25,36.08,True,斯迪克,False
2022-05-19,57.548,59.436,56.78,58.636,10119.0,36893874.0,35.78,36.96,35.3,36.46,True,斯迪克,False
2022-05-20,58.556,60.428,58.284,59.276,11219.0,41353234.0,36.41,37.58,36.24,36.86,True,斯迪克,False
2022-05-23,60.108,60.108,57.676,57.836,9122.0,32802712.0,37.38,37.38,35.86,35.96,True,斯迪克,False
2022-05-24,57.836,58.972,54.844,55.148,14647.0,50209916.0,35.96,36.67,34.09,34.28,True,斯迪克,False
2022-05-25,55.18,55.66,54.06,54.876,8444.0,28802484.0,34.3,34.6,33.6,34.11,True,斯迪克,False
2022-05-26,55.324,55.932,53.548,55.548,11271.0,38918763.0,34.39,34.77,33.28,34.53,True,斯迪克,False
2022-05-27,57.1,58.348,54.54,54.86,12044.0,41070040.0,35.5,36.28,33.9,34.1,True,斯迪克,False
2022-05-30,55.708,57.196,54.412,57.004,10021.0,35514424.0,34.63,35.56,33.82,35.44,True,斯迪克,False
2022-05-31,57.58,60.908,55.868,59.244,14684.0,54095856.00000001,35.8,37.88,34.73,36.84,True,斯迪克,False
2022-06-01,59.564,63.34,58.204,63.02,24990.0,97960800.0,37.04,39.4,36.19,39.2,True,斯迪克,False
2022-06-02,62.623,64.338,61.292,63.75,28527.0,70490217.0,24.27,24.94,23.75,24.71,True,斯迪克,False
2022-06-06,63.57,66.54,62.598,65.337,27716.0,70204628.0,24.64,25.8,24.26,25.33,True,斯迪克,False
2022-06-07,66.028,68.844,64.85,65.055,36114.0,91079508.0,25.6,26.7,25.14,25.22,True,斯迪克,False
2022-06-08,65.004,66.105,63.238,65.849,22892.0,58443276.0,25.2,25.63,24.51,25.53,True,斯迪克,False
2022-06-09,65.849,66.694,63.417,64.108,25960.0,64510600.0,25.53,25.86,24.58,24.85,True,斯迪克,False
2022-06-10,63.954,66.489,63.673,65.209,20015.0,50597920.0,24.79,25.78,24.68,25.28,True,斯迪克,False
2022-06-13,65.465,67.052,64.748,65.439,22288.0,56544656.0,25.38,26.0,25.1,25.37,True,斯迪克,False
2022-06-14,64.518,65.337,63.289,65.055,19008.0,47938176.0,25.01,25.33,24.53,25.22,True,斯迪克,False
2022-06-15,65.055,69.561,65.03,65.26,52830.0,133659900.0,25.22,26.98,25.21,25.3,True,斯迪克,False
2022-06-16,65.004,67.308,64.646,65.106,23385.0,59023740.0,25.2,26.1,25.06,25.24,True,斯迪克,False
2022-06-17,64.953,67.538,64.492,67.026,28783.0,74807017.0,25.18,26.19,25.0,25.99,True,斯迪克,False
2022-06-20,68.46,69.023,66.284,66.591,32493.0,83896926.0,26.55,26.77,25.7,25.82,True,斯迪克,False
2022-06-21,66.668,67.001,64.466,64.671,22916.0,57450412.0,25.85,25.98,24.99,25.07,True,斯迪克,False
2022-06-22,64.569,66.745,63.929,64.518,25571.0,63953071.00000001,25.03,25.88,24.78,25.01,True,斯迪克,False
2022-06-23,64.543,67.564,63.263,67.052,41676.0,108357600.0,25.02,26.2,24.52,26.0,True,斯迪克,False
2022-06-24,66.975,67.922,64.774,66.822,47324.0,122616484.0,25.97,26.34,25.11,25.91,True,斯迪克,False
2022-06-27,67.564,72.889,67.564,72.198,52730.0,147696730.0,26.2,28.28,26.2,28.01,True,斯迪克,False
2022-06-28,72.428,73.964,70.38,73.708,52475.0,150078500.0,28.1,28.7,27.3,28.6,True,斯迪克,False
2022-06-29,72.786,78.06,72.223,74.502,58921.0,170340611.0,28.24,30.3,28.02,28.91,True,斯迪克,False
2022-06-30,74.681,76.754,72.249,73.17,36942.0,104878338.0,28.98,29.79,28.03,28.39,True,斯迪克,False
2022-07-01,73.119,73.708,70.662,71.148,19029.0,52520040.0,28.37,28.6,27.41,27.6,True,斯迪克,False
2022-07-04,71.148,75.116,70.636,73.938,31970.0,91721930.0,27.6,29.15,27.4,28.69,True,斯迪克,False
2022-07-05,73.682,74.476,71.353,71.916,33215.0,92669850.0,28.59,28.9,27.68,27.9,True,斯迪克,False
2022-07-06,71.404,73.094,70.15,71.071,22893.0,63116001.0,27.7,28.36,27.21,27.57,True,斯迪克,False
2022-07-07,71.071,71.609,69.151,70.098,21676.0,58937044.0,27.57,27.78,26.82,27.19,True,斯迪克,False
2022-07-08,70.738,71.097,68.588,69.023,17062.0,45674974.0,27.44,27.58,26.6,26.77,True,斯迪克,False
2022-07-11,68.255,68.409,66.079,67.052,20122.0,52317200.0,26.47,26.53,25.62,26.0,True,斯迪克,False
2022-07-12,67.308,69.817,66.54,66.54,14960.0,38596800.0,26.1,27.08,25.8,25.8,True,斯迪克,False
2022-07-13,67.206,68.05,65.823,67.41,12857.0,33608198.0,26.06,26.39,25.52,26.14,True,斯迪克,False
2022-07-14,67.41,70.585,66.207,69.74,16801.0,45446705.0,26.14,27.38,25.67,27.05,True,斯迪克,False
2022-07-15,69.74,73.094,68.921,71.097,18919.0,52178602.0,27.05,28.36,26.73,27.58,True,斯迪克,False
2022-07-18,71.865,72.326,69.689,69.919,18401.0,49903512.0,27.88,28.06,27.03,27.12,True,斯迪克,False
2022-07-19,69.919,72.121,69.049,71.046,18351.0,50575356.0,27.12,27.98,26.78,27.56,True,斯迪克,False
2022-07-20,70.329,71.814,70.329,71.609,14278.0,39664284.0,27.28,27.86,27.28,27.78,True,斯迪克,False
2022-07-21,71.148,73.708,69.894,70.866,13502.0,37116998.0,27.6,28.6,27.11,27.49,True,斯迪克,False
2022-07-22,71.89,72.479,69.177,70.687,16047.0,44000874.0,27.89,28.12,26.83,27.42,True,斯迪克,False
2022-07-25,70.226,73.196,69.612,72.095,21319.0,59629243.0,27.24,28.4,27.0,27.97,True,斯迪克,False
2022-07-26,71.839,72.505,70.687,72.326,10322.0,28963532.0,27.87,28.13,27.42,28.06,True,斯迪克,False
2022-07-27,72.607,73.145,71.174,72.402,14533.0,40823197.0,28.17,28.38,27.61,28.09,True,斯迪克,False
2022-07-28,72.71,75.5,72.402,74.297,21761.0,62736963.0,28.21,29.3,28.09,28.83,True,斯迪克,False
2022-07-29,74.425,74.604,71.66,72.172,19447.0,54451600.0,28.88,28.95,27.8,28.0,True,斯迪克,False
2022-08-01,72.121,72.684,70.15,72.172,31358.0,87802400.0,27.98,28.2,27.21,28.0,True,斯迪克,False
2022-08-02,71.686,72.556,67.692,69.023,36379.0,97386583.0,27.81,28.15,26.25,26.77,True,斯迪克,False
2022-08-03,69.612,71.634,68.793,69.023,31764.0,85032228.0,27.0,27.79,26.68,26.77,True,斯迪克,False
2022-08-04,69.023,70.38,66.54,67.052,25921.0,67394600.0,26.77,27.3,25.8,26.0,True,斯迪克,False
2022-08-05,67.513,69.714,67.436,68.87,23583.0,62990193.0,26.18,27.04,26.15,26.71,True,斯迪克,False
2022-08-08,68.767,69.612,67.308,69.126,23988.0,64311828.0,26.67,27.0,26.1,26.81,True,斯迪克,False
2022-08-09,69.766,70.278,68.614,69.074,18758.0,50252682.0,27.06,27.26,26.61,26.79,True,斯迪克,False
2022-08-10,69.586,76.498,68.486,75.193,75292.0,219702056.0,26.99,29.69,26.56,29.18,True,斯迪克,False
2022-08-11,76.191,79.545,75.193,75.679,79158.0,232487046.0,29.57,30.88,29.18,29.37,True,斯迪克,False
2022-08-12,75.705,80.236,74.911,78.393,81632.0,248406176.0,29.38,31.15,29.07,30.43,True,斯迪克,False
2022-08-15,78.009,79.186,76.806,77.215,53647.0,160780059.0,30.28,30.74,29.81,29.97,True,斯迪克,False
2022-08-16,77.343,80.876,76.319,78.06,57056.0,172879680.0,30.02,31.4,29.62,30.3,True,斯迪克,False
2022-08-17,77.881,89.298,77.062,87.634,180059.0,612920836.0,30.23,34.69,29.91,34.04,True,斯迪克,False
2022-08-18,89.452,98.822,89.452,97.746,213332.0,810448268.0,34.75,38.41,34.75,37.99,True,斯迪克,False
2022-08-19,97.849,101.33,86.764,87.276,149228.0,505882920.0,38.03,39.39,33.7,33.9,True,斯迪克,False
2022-08-22,88.249,91.654,84.972,90.194,100671.0,352751184.0,34.28,35.61,33.0,35.04,True,斯迪克,False
2022-08-23,88.863,93.932,87.02,92.806,79808.0,287787648.0,34.52,36.5,33.8,36.06,True,斯迪克,False
2022-08-24,92.754,92.754,85.996,87.353,60404.0,204950772.0,36.04,36.04,33.4,33.93,True,斯迪克,False
2022-08-25,87.353,88.556,81.311,82.796,53973.0,173523195.0,33.93,34.4,31.57,32.15,True,斯迪克,False
2022-08-26,81.926,84.178,81.388,81.977,32214.0,102537162.0,31.81,32.69,31.6,31.83,True,斯迪克,False
2022-08-29,80.697,88.812,78.751,87.25,56319.0,190865091.0,31.33,34.5,30.57,33.89,True,斯迪克,False
2022-08-30,86.662,93.087,85.817,87.634,83346.0,283709784.0,33.66,36.17,33.33,34.04,True,斯迪克,False
2022-08-31,87.25,87.686,81.567,82.002,47999.0,152828816.0,33.89,34.06,31.67,31.84,True,斯迪克,False
2022-09-01,82.361,83.666,80.569,81.721,26255.0,83307115.0,31.98,32.49,31.28,31.73,True,斯迪克,False
2022-09-02,82.591,86.098,81.9,84.767,27447.0,90355524.0,32.07,33.44,31.8,32.92,True,斯迪克,False
2022-09-05,84.767,84.972,78.982,79.289,36471.0,112257738.0,32.92,33.0,30.66,30.78,True,斯迪克,False
2022-09-06,79.801,81.9,78.444,81.132,31468.0,99124200.0,30.98,31.8,30.45,31.5,True,斯迪克,False
2022-09-07,81.388,86.15,78.828,82.924,39427.0,126954940.0,31.6,33.46,30.6,32.2,True,斯迪克,False
2022-09-08,83.052,84.998,79.724,79.929,25524.0,79200972.0,32.25,33.01,30.95,31.03,True,斯迪克,False
2022-09-09,79.954,81.055,77.497,78.06,25159.0,76231770.0,31.04,31.47,30.08,30.3,True,斯迪克,False
2022-09-13,78.47,80.492,76.473,77.164,16777.0,50247115.0,30.46,31.25,29.68,29.95,True,斯迪克,False
2022-09-14,76.985,76.985,73.145,74.169,38893.0,111934054.0,29.88,29.88,28.38,28.78,True,斯迪克,False
2022-09-15,74.962,74.962,66.873,69.177,55313.0,148404779.0,29.09,29.09,25.93,26.83,True,斯迪克,False
2022-09-16,70.226,71.097,68.818,69.1,25620.0,68661600.0,27.24,27.58,26.69,26.8,True,斯迪克,False
2022-09-19,69.458,70.892,68.127,68.281,19412.0,51402976.0,26.94,27.5,26.42,26.48,True,斯迪克,False
2022-09-20,69.51,70.406,67.308,68.358,25023.0,66335973.00000001,26.96,27.31,26.1,26.51,True,斯迪克,False
2022-09-21,67.82,68.306,66.233,66.438,22000.0,56672000.0,26.3,26.49,25.68,25.76,True,斯迪克,False
2022-09-22,66.412,67.615,65.106,65.926,26956.0,68899536.0,25.75,26.22,25.24,25.56,True,斯迪克,False
2022-09-23,66.77,67.026,60.934,62.111,61021.0,146877547.0,25.89,25.99,23.61,24.07,True,斯迪克,False
2022-09-26,62.086,63.058,60.422,60.959,47525.0,112254050.0,24.06,24.44,23.41,23.62,True,斯迪克,False
2022-09-27,61.19,62.239,60.652,62.06,26917.0,64735385.0,23.71,24.12,23.5,24.05,True,斯迪克,False
2022-09-28,61.676,62.623,58.783,58.988,32885.0,75142225.0,23.9,24.27,22.77,22.85,True,斯迪克,False
2022-09-29,59.73,61.138,58.86,60.14,27026.0,62970580.0,23.14,23.69,22.8,23.3,True,斯迪克,False
2022-09-30,59.73,59.961,57.836,57.836,21879.0,49008960.0,23.14,23.23,22.4,22.4,True,斯迪克,False
2022-10-10,58.22,59.014,56.3,56.556,24488.0,53628720.0,22.55,22.86,21.8,21.9,True,斯迪克,False
2022-10-11,56.377,57.682,55.327,55.788,19776.0,42716160.0,21.83,22.34,21.42,21.6,True,斯迪克,False
2022-10-12,56.146,57.529,54.892,57.35,34835.0,77368535.0,21.74,22.28,21.25,22.21,True,斯迪克,False
2022-10-13,57.35,58.911,56.377,57.606,33704.0,75193624.0,22.21,22.82,21.83,22.31,True,斯迪克,False
2022-10-14,58.271,60.268,57.068,59.116,29588.0,67756520.0,22.57,23.35,22.1,22.9,True,斯迪克,False
2022-10-17,58.834,62.188,58.578,61.83,39997.0,95832812.0,22.79,24.1,22.69,23.96,True,斯迪克,False
2022-10-18,63.494,64.825,60.806,62.495,46830.0,113422260.0,24.61,25.13,23.56,24.22,True,斯迪克,False
2022-10-19,61.625,62.623,60.14,60.345,23533.0,55020154.0,23.88,24.27,23.3,23.38,True,斯迪克,False
2022-10-20,60.14,62.265,59.398,61.394,28385.0,67527915.0,23.3,24.13,23.01,23.79,True,斯迪克,False
2022-10-21,61.394,61.65,59.526,60.831,20406.0,48096942.0,23.79,23.89,23.06,23.57,True,斯迪克,False
2022-10-24,60.857,62.342,59.551,60.012,20823.0,48413475.0,23.58,24.16,23.07,23.25,True,斯迪克,False
2022-10-25,59.526,61.266,58.092,59.986,16766.0,38964184.0,23.06,23.74,22.5,23.24,True,斯迪克,False
2022-10-26,59.372,62.239,59.346,61.932,27092.0,65020800.0,23.0,24.12,22.99,24.0,True,斯迪克,False
2022-10-27,61.906,62.214,59.116,59.526,28114.0,64830884.0,23.99,24.11,22.9,23.06,True,斯迪克,False
2022-10-28,59.398,59.782,56.556,56.812,25446.0,55981200.0,23.01,23.16,21.9,22.0,True,斯迪克,False
2022-10-31,56.71,59.09,56.428,57.631,20409.0,45552888.0,21.96,22.89,21.85,22.32,True,斯迪克,False
2022-11-01,58.118,60.114,57.452,59.73,22040.0,51000560.0,22.51,23.29,22.25,23.14,True,斯迪克,False
2022-11-02,62.316,65.004,60.652,62.982,51880.0,126639080.0,24.15,25.2,23.5,24.41,True,斯迪克,False
2022-11-03,63.647,68.255,63.238,64.978,81399.0,205044081.0,24.67,26.47,24.51,25.19,True,斯迪克,False
2022-11-04,64.466,66.054,64.031,65.183,38228.0,96602156.0,24.99,25.61,24.82,25.27,True,斯迪克,False
2022-11-07,65.004,69.842,63.903,67.078,78944.0,205333344.0,25.2,27.09,24.77,26.01,True,斯迪克,False
2022-11-08,66.412,66.898,63.673,64.799,38069.0,95629328.0,25.75,25.94,24.68,25.12,True,斯迪克,False
2022-11-09,65.951,69.638,64.825,69.458,66978.0,180438732.0,25.57,27.01,25.13,26.94,True,斯迪克,False
2022-11-10,69.228,73.785,68.306,69.151,84225.0,225891450.0,26.85,28.63,26.49,26.82,True,斯迪克,False
2022-11-11,70.841,70.841,66.361,66.847,53988.0,139936896.0,27.48,27.48,25.73,25.92,True,斯迪克,False
2022-11-14,66.284,69.254,65.542,66.54,36407.0,93930060.0,25.7,26.86,25.41,25.8,True,斯迪克,False
2022-11-15,66.284,74.348,66.284,74.348,82525.0,238084625.0,25.7,28.85,25.7,28.85,True,斯迪克,False
2022-11-16,74.348,75.654,71.737,73.273,58126.0,165252218.0,28.85,29.36,27.83,28.43,True,斯迪克,False
2022-11-17,72.172,72.812,69.1,71.225,48020.0,132679260.0,28.0,28.25,26.8,27.63,True,斯迪克,False
2022-11-18,70.61,71.225,68.076,68.537,50547.0,134353926.0,27.39,27.63,26.4,26.58,True,斯迪克,False
2022-11-21,67.718,74.425,67.718,74.041,77797.0,223510781.0,26.26,28.88,26.26,28.73,True,斯迪克,False
2022-11-22,74.169,76.37,70.61,71.148,51079.0,140978040.0,28.78,29.64,27.39,27.6,True,斯迪克,False
2022-11-23,71.174,71.455,68.844,70.918,30254.0,83228754.0,27.61,27.72,26.7,27.51,True,斯迪克,False
2022-11-24,71.481,73.452,70.15,72.479,41823.0,117606276.0,27.73,28.5,27.21,28.12,True,斯迪克,False
2022-11-25,71.814,71.814,70.15,70.764,23718.0,65105910.0,27.86,27.86,27.21,27.45,True,斯迪克,False
2022-11-28,69.1,70.687,67.564,68.767,28121.0,74998707.0,26.8,27.42,26.2,26.67,True,斯迪克,False
2022-11-29,69.228,70.329,65.823,66.233,73266.0,188147088.0,26.85,27.28,25.52,25.68,True,斯迪克,False
2022-11-30,66.233,67.026,63.98,66.335,40418.0,103955096.0,25.68,25.99,24.8,25.72,True,斯迪克,False
2022-12-01,67.001,69.919,66.361,69.254,40464.0,108686304.0,25.98,27.12,25.73,26.86,True,斯迪克,False
2022-12-02,69.049,69.868,68.05,68.46,27684.0,73501020.0,26.78,27.1,26.39,26.55,True,斯迪克,False
2022-12-05,68.767,68.844,66.54,67.897,36729.0,96707457.0,26.67,26.7,25.8,26.33,True,斯迪克,False
2022-12-06,67.974,69.228,66.438,68.588,36333.0,96645780.0,26.36,26.85,25.76,26.6,True,斯迪克,False
2022-12-07,68.588,69.586,67.615,67.743,18201.0,47814027.0,26.6,26.99,26.22,26.27,True,斯迪克,False
2022-12-08,67.743,70.329,67.129,68.767,31991.0,85319997.0,26.27,27.28,26.03,26.67,True,斯迪克,False
2022-12-09,67.692,69.126,67.052,67.308,17989.0,46951290.0,26.25,26.81,26.0,26.1,True,斯迪克,False
2022-12-12,67.487,68.204,66.412,67.641,14576.0,38232848.0,26.17,26.45,25.75,26.23,True,斯迪克,False
2022-12-13,67.129,67.82,63.238,63.929,51432.0,127448496.0,26.03,26.3,24.51,24.78,True,斯迪克,False
2022-12-14,64.057,66.284,63.673,63.826,31969.0,79091306.0,24.83,25.7,24.68,24.74,True,斯迪克,False
2022-12-15,63.801,64.62,63.161,64.39,15408.0,38458368.0,24.73,25.05,24.48,24.96,True,斯迪克,False
2022-12-16,64.262,64.262,61.241,61.471,37833.0,90118206.0,24.91,24.91,23.73,23.82,True,斯迪克,False
2022-12-19,61.625,62.393,60.908,61.471,25718.0,61260276.0,23.88,24.18,23.6,23.82,True,斯迪克,False
2022-12-20,62.034,62.06,60.14,61.42,23879.0,56832020.0,24.04,24.05,23.3,23.8,True,斯迪克,False
2022-12-21,61.42,61.753,60.524,60.729,16143.0,37984479.0,23.8,23.93,23.45,23.53,True,斯迪克,False
2022-12-22,60.78,61.113,58.732,59.142,22365.0,51238215.0,23.55,23.68,22.75,22.91,True,斯迪克,False
2022-12-23,58.348,59.244,58.041,58.322,14679.0,33159861.0,22.6,22.95,22.48,22.59,True,斯迪克,False
2022-12-26,58.374,60.857,58.271,60.396,14268.0,33387120.0,22.61,23.58,22.57,23.4,True,斯迪克,False
2022-12-27,60.601,62.316,60.345,61.983,22363.0,53715926.0,23.48,24.15,23.38,24.02,True,斯迪克,False
2022-12-28,62.086,62.854,60.908,61.343,17273.0,41057921.0,24.06,24.36,23.6,23.77,True,斯迪克,False
2022-12-29,61.343,61.804,60.038,60.191,22534.0,52549288.0,23.77,23.95,23.26,23.32,True,斯迪克,False
2022-12-30,60.857,61.83,59.833,60.524,24942.0,58488990.0,23.58,23.96,23.18,23.45,True,斯迪克,False
2023-01-03,60.575,61.983,59.526,61.497,27405.0,65306114.99999999,23.47,24.02,23.06,23.83,True,斯迪克,False
2023-01-04,61.394,62.572,59.884,60.447,23760.0,55645920.00000001,23.79,24.25,23.2,23.42,True,斯迪克,False
2023-01-05,60.345,62.316,59.628,61.01,38868.0,91883952.0,23.38,24.15,23.1,23.64,True,斯迪克,False
2023-01-06,60.985,63.212,60.524,62.854,45297.0,110343492.0,23.63,24.5,23.45,24.36,True,斯迪克,False
2023-01-09,62.7,63.622,62.239,63.033,17333.0,42344519.0,24.3,24.66,24.12,24.43,True,斯迪克,False
2023-01-10,62.572,63.084,62.009,62.239,12670.0,30560040.0,24.25,24.45,24.03,24.12,True,斯迪克,False
2023-01-11,62.265,63.622,62.188,62.342,22205.0,53647280.0,24.13,24.66,24.1,24.16,True,斯迪克,False
2023-01-12,62.444,63.212,62.06,62.7,13790.0,33509700.0,24.2,24.5,24.05,24.3,True,斯迪克,False
2023-01-13,62.598,63.289,62.214,62.854,13407.0,32659452.0,24.26,24.53,24.11,24.36,True,斯迪克,False
2023-01-16,62.854,65.234,62.623,65.106,29224.0,73761376.0,24.36,25.29,24.27,25.24,True,斯迪克,False
2023-01-17,65.772,65.772,64.262,65.49,23585.0,59882315.0,25.5,25.5,24.91,25.39,True,斯迪克,False
2023-01-18,65.772,65.9,64.543,65.823,15842.0,40428784.0,25.5,25.55,25.02,25.52,True,斯迪克,False
2023-01-19,65.593,68.076,65.593,67.359,22599.0,59028588.0,25.43,26.4,25.43,26.12,True,斯迪克,False
2023-01-20,67.359,68.46,66.975,67.308,14499.0,37842390.0,26.12,26.55,25.97,26.1,True,斯迪克,False
2023-01-30,69.996,70.38,67.462,67.948,24280.0,63977800.0,27.15,27.3,26.16,26.35,True,斯迪克,False
2023-01-31,69.228,69.612,67.385,67.666,14047.0,36859328.0,26.85,27.0,26.13,26.24,True,斯迪克,False
2023-02-01,67.718,71.66,67.666,70.866,28990.0,79693510.0,26.26,27.8,26.24,27.49,True,斯迪克,False
2023-02-02,71.788,71.814,69.996,70.124,14506.0,39456320.0,27.85,27.86,27.15,27.2,True,斯迪克,False
2023-02-03,70.124,70.559,67.948,70.15,24572.0,66860412.0,27.2,27.37,26.35,27.21,True,斯迪克,False
2023-02-06,70.124,71.097,69.023,70.943,21960.0,60433920.0,27.2,27.58,26.77,27.52,True,斯迪克,False
2023-02-07,70.636,74.271,70.636,73.273,33245.0,94515535.0,27.4,28.82,27.4,28.43,True,斯迪克,False
2023-02-08,73.324,73.682,71.43,72.3,25079.0,70346595.0,28.45,28.59,27.71,28.05,True,斯迪克,False
2023-02-09,71.66,73.094,71.404,72.889,12666.0,35819448.0,27.8,28.36,27.7,28.28,True,斯迪克,False
2023-02-10,72.863,76.089,72.812,75.244,42838.0,125086960.0,28.27,29.53,28.25,29.2,True,斯迪克,False
2023-02-13,75.705,77.113,74.374,76.012,21459.0,63304050.0,29.38,29.93,28.86,29.5,True,斯迪克,False
2023-02-14,77.164,77.369,74.732,76.242,11700.0,34620300.0,29.95,30.03,29.0,29.59,True,斯迪克,False
2023-02-15,76.242,76.601,74.476,74.732,18029.0,52284100.0,29.59,29.73,28.9,29.0,True,斯迪克,False
2023-02-16,74.732,75.065,70.662,72.044,32137.0,89822915.0,29.0,29.13,27.41,27.95,True,斯迪克,False
2023-02-17,71.89,72.607,71.148,71.404,12052.0,33384040.0,27.89,28.17,27.6,27.7,True,斯迪克,False
2023-02-20,71.609,72.556,70.918,72.121,13296.0,37202208.0,27.78,28.15,27.51,27.98,True,斯迪克,False
2023-02-21,72.172,73.35,71.532,72.505,12368.0,34791184.0,28.0,28.46,27.75,28.13,True,斯迪克,False
2023-02-22,71.378,73.99,71.302,73.196,17239.0,48958760.0,27.69,28.71,27.66,28.4,True,斯迪克,False
2023-02-23,72.684,74.988,72.684,73.785,25245.0,72276435.0,28.2,29.1,28.2,28.63,True,斯迪克,False
2023-02-24,73.785,76.37,73.58,73.862,38792.0,111177872.0,28.63,29.64,28.55,28.66,True,斯迪克,False
2023-02-27,73.938,76.37,73.222,74.86,23655.0,68717775.0,28.69,29.64,28.41,29.05,True,斯迪克,False
2023-02-28,75.628,75.628,73.913,75.577,14975.0,43921675.0,29.35,29.35,28.68,29.33,True,斯迪克,False
2023-03-01,75.5,75.577,74.604,74.86,14111.0,40992455.0,29.3,29.33,28.95,29.05,True,斯迪克,False
2023-03-02,75.116,76.78,74.732,76.37,23754.0,70406856.0,29.15,29.8,29.0,29.64,True,斯迪克,False
2023-03-03,76.345,77.138,74.681,75.244,13236.0,38649120.0,29.63,29.94,28.98,29.2,True,斯迪克,False
2023-03-06,75.884,75.884,73.708,74.425,23341.0,67408808.0,29.45,29.45,28.6,28.88,True,斯迪克,False
2023-03-07,74.553,74.732,72.198,72.3,20402.0,57227610.0,28.93,29.0,28.01,28.05,True,斯迪克,False
2023-03-08,72.914,73.938,72.326,73.657,10939.0,31263662.0,28.29,28.69,28.06,28.58,True,斯迪克,False
2023-03-09,73.708,75.09,73.247,73.529,12678.0,36170334.0,28.6,29.14,28.42,28.53,True,斯迪克,False
2023-03-10,73.401,73.785,71.558,71.967,18449.0,51509608.0,28.48,28.63,27.76,27.92,True,斯迪克,False
2023-03-13,71.609,73.17,70.969,72.94,18404.0,52083320.0,27.78,28.39,27.53,28.3,True,斯迪克,False
2023-03-14,73.247,74.066,70.713,71.916,19360.0,54014400.0,28.42,28.74,27.43,27.9,True,斯迪克,False
2023-03-15,71.916,73.17,71.404,72.044,19296.0,53932320.0,27.9,28.39,27.7,27.95,True,斯迪克,False
2023-03-16,72.121,72.121,69.561,70.687,20222.0,55448724.0,27.98,27.98,26.98,27.42,True,斯迪克,False
2023-03-17,70.559,71.737,68.818,68.972,15916.0,42575300.0,27.37,27.83,26.69,26.75,True,斯迪克,False
2023-03-20,68.946,70.124,67.436,69.356,23090.0,62112100.0,26.74,27.2,26.15,26.9,True,斯迪克,False
2023-03-21,69.407,70.918,69.202,70.815,16460.0,45215620.0,26.92,27.51,26.84,27.47,True,斯迪克,False
2023-03-22,71.25,71.916,70.278,70.585,13614.0,37275132.0,27.64,27.9,27.26,27.38,True,斯迪克,False
2023-03-23,69.996,70.866,69.074,69.945,21078.0,57184614.0,27.15,27.49,26.79,27.13,True,斯迪克,False
2023-03-24,70.252,75.372,69.663,73.426,39443.0,112373107.0,27.25,29.25,27.02,28.49,True,斯迪克,False
2023-03-27,74.732,76.268,73.862,75.116,64390.0,187696850.0,29.0,29.6,28.66,29.15,True,斯迪克,False
2023-03-28,75.142,75.321,71.993,72.505,34257.0,96364941.0,29.16,29.23,27.93,28.13,True,斯迪克,False
2023-03-29,72.172,73.401,71.865,72.684,18716.0,52779120.0,28.0,28.48,27.88,28.2,True,斯迪克,False
2023-03-30,72.71,75.116,72.351,73.529,42257.0,120559221.0,28.21,29.15,28.07,28.53,True,斯迪克,False
2023-03-31,72.607,73.196,68.793,70.329,44748.0,122072544.0,28.17,28.4,26.68,27.28,True,斯迪克,False
2023-04-03,69.586,70.457,68.793,69.049,30279.0,81087162.0,26.99,27.33,26.68,26.78,True,斯迪克,False
2023-04-04,68.639,70.866,68.358,70.022,30702.0,83386632.0,26.62,27.49,26.51,27.16,True,斯迪克,False
2023-04-06,70.022,70.098,67.59,68.562,28934.0,76935506.0,27.16,27.19,26.21,26.59,True,斯迪克,False
2023-04-07,68.946,69.074,67.462,67.948,23124.0,60931740.0,26.74,26.79,26.16,26.35,True,斯迪克,False
2023-04-10,67.948,68.716,54.457,67.078,21213.0,55175013.0,26.35,26.65,21.08,26.01,True,斯迪克,False
2023-04-11,67.129,67.513,63.98,64.39,30280.0,75578880.0,26.03,26.18,24.8,24.96,True,斯迪克,False
2023-04-12,64.774,65.004,62.623,63.775,23798.0,58828656.0,25.11,25.2,24.27,24.72,True,斯迪克,False
2023-04-13,63.775,63.775,61.599,61.625,16681.0,39834228.0,24.72,24.72,23.87,23.88,True,斯迪克,False
2023-04-14,61.471,63.622,61.446,62.854,19336.0,47102496.0,23.82,24.66,23.81,24.36,True,斯迪克,False
2023-04-17,62.93,63.058,60.678,60.985,19485.0,46043055.0,24.39,24.44,23.51,23.63,True,斯迪克,False
2023-04-18,60.959,61.676,60.038,60.652,16582.0,38967700.0,23.62,23.9,23.26,23.5,True,斯迪克,False
2023-04-19,60.678,61.113,59.065,60.089,13926.0,32419728.0,23.51,23.68,22.88,23.28,True,斯迪克,False
2023-04-20,60.089,60.089,58.092,58.962,16400.0,37457600.0,23.28,23.28,22.5,22.84,True,斯迪克,False
2023-04-21,59.398,59.398,56.326,56.838,21577.0,47490977.0,23.01,23.01,21.81,22.01,True,斯迪克,False
2023-04-24,58.015,60.396,57.017,58.45,32237.0,72984568.0,22.47,23.4,22.08,22.64,True,斯迪克,False
2023-04-25,58.886,59.065,55.532,56.812,23579.0,51873800.0,22.81,22.88,21.5,22.0,True,斯迪克,False
2023-04-26,56.863,59.91,56.3,59.372,34236.0,78742800.0,22.02,23.21,21.8,23.0,True,斯迪克,False
2023-04-27,58.783,59.807,58.63,59.116,26976.0,61775039.99999999,22.77,23.17,22.71,22.9,True,斯迪克,False
2023-04-28,59.705,59.833,58.809,59.807,18268.0,42326956.0,23.13,23.18,22.78,23.17,True,斯迪克,False
2023-05-04,60.78,60.78,55.583,58.937,13270.0,30295410.0,23.55,23.55,21.52,22.83,True,斯迪克,False
2023-05-05,59.27,59.551,58.092,58.809,9686.0,22064708.0,22.96,23.07,22.5,22.78,True,斯迪克,False
2023-05-08,59.09,59.961,58.527,58.937,19438.0,44376954.0,22.89,23.23,22.67,22.83,True,斯迪克,False
2023-05-09,58.937,59.551,58.297,58.553,12312.0,27923616.0,22.83,23.07,22.58,22.68,True,斯迪克,False
2023-05-10,58.169,59.372,57.324,58.476,19773.0,44785845.0,22.53,23.0,22.2,22.65,True,斯迪克,False
2023-05-11,58.886,59.244,57.554,57.657,13690.0,30569770.0,22.81,22.95,22.29,22.33,True,斯迪克,False
2023-05-12,57.657,59.065,56.812,57.273,18675.0,41421150.0,22.33,22.88,22.0,22.18,True,斯迪克,False
2023-05-15,56.863,60.14,56.812,59.577,27310.0,63031479.99999999,22.02,23.3,22.0,23.08,True,斯迪克,False
2023-05-16,59.782,61.113,58.937,60.294,29662.0,69290432.0,23.16,23.68,22.83,23.36,True,斯迪克,False
2023-05-17,60.294,66.796,60.294,65.055,48316.0,121852952.0,23.36,25.9,23.36,25.22,True,斯迪克,False
2023-05-18,65.132,68.076,64.594,67.513,34593.0,90564474.0,25.25,26.4,25.04,26.18,True,斯迪克,False
2023-05-19,67.001,68.332,66.412,67.308,12416.0,32405760.0,25.98,26.5,25.75,26.1,True,斯迪克,False
2023-05-22,67.026,68.025,65.106,67.257,21331.0,55631248.0,25.99,26.38,25.24,26.08,True,斯迪克,False
2023-05-23,67.257,67.743,66.514,66.95,22330.0,57968680.0,26.08,26.27,25.79,25.96,True,斯迪克,False
2023-05-24,66.54,68.204,66.233,67.948,17583.0,46331205.0,25.8,26.45,25.68,26.35,True,斯迪克,False
2023-05-25,68.306,70.636,67.769,69.74,31428.0,85012740.0,26.49,27.4,26.28,27.05,True,斯迪克,False
2023-05-26,69.74,71.02,68.639,70.79,23215.0,63748390.0,27.05,27.55,26.62,27.46,True,斯迪克,False
2023-05-29,70.892,71.353,69.561,70.636,17194.0,47111560.0,27.5,27.68,26.98,27.4,True,斯迪克,False
2023-05-30,70.636,70.764,69.484,69.996,26884.0,72990060.0,27.4,27.45,26.95,27.15,True,斯迪克,False
2023-05-31,69.433,70.124,68.05,68.46,30258.0,80334990.0,26.93,27.2,26.39,26.55,True,斯迪克,False
2023-06-01,68.537,69.305,67.615,68.434,16270.0,43180580.0,26.58,26.88,26.22,26.54,True,斯迪克,False
2023-06-02,69.1,71.25,68.025,68.742,42831.0,81378900.0,19.1,19.7,18.8,19.0,True,斯迪克,False
2023-06-05,68.742,72.29,67.523,70.713,68166.0,133264530.0,19.0,19.99,18.66,19.55,True,斯迪克,False
2023-06-06,70.354,72.72,68.921,69.566,48384.0,93042432.0,19.45,20.11,19.05,19.23,True,斯迪克,False
2023-06-07,69.064,69.817,68.312,68.849,19996.0,38052388.0,19.09,19.3,18.88,19.03,True,斯迪克,False
2023-06-08,68.562,69.781,67.236,67.272,19785.0,36780315.0,18.95,19.29,18.58,18.59,True,斯迪克,False
2023-06-09,66.77,68.097,65.552,66.054,20434.0,37292050.0,18.45,18.82,18.11,18.25,True,斯迪克,False
2023-06-12,67.021,68.025,65.193,67.021,28791.0,53320932.0,18.52,18.8,18.01,18.52,True,斯迪克,False
2023-06-13,66.627,67.308,65.444,65.659,13861.0,25143854.0,18.41,18.6,18.08,18.14,True,斯迪克,False
2023-06-14,65.373,66.412,65.014,65.588,15644.0,28346928.0,18.06,18.35,17.96,18.12,True,斯迪克,False
2023-06-15,65.265,66.448,64.871,65.695,11473.0,20823495.0,18.03,18.36,17.92,18.15,True,斯迪克,False
2023-06-16,65.695,66.484,65.158,66.448,19194.0,35240184.0,18.15,18.37,18.0,18.36,True,斯迪克,False
2023-06-19,66.448,66.914,65.014,65.803,24927.0,45317286.0,18.36,18.49,17.96,18.18,True,斯迪克,False
2023-06-20,66.663,66.663,65.158,65.444,31268.0,56532543.99999999,18.42,18.42,18.0,18.08,True,斯迪克,False
2023-06-21,65.444,66.842,65.014,65.767,21957.0,39895869.00000001,18.08,18.47,17.96,18.17,True,斯迪克,False
2023-06-26,65.229,65.229,63.151,63.617,17439.0,30640323.0,18.02,18.02,17.44,17.57,True,斯迪克,False
2023-06-27,63.401,64.656,62.756,64.118,17096.0,30277016.0,17.51,17.86,17.33,17.71,True,斯迪克,False
2023-06-28,64.763,66.197,63.115,65.91,20059.0,36527439.0,17.89,18.29,17.43,18.21,True,斯迪克,False
2023-06-29,65.158,66.34,64.548,65.48,21613.0,39097917.0,18.0,18.33,17.83,18.09,True,斯迪克,False
2023-06-30,65.48,68.383,65.158,67.738,23354.0,43718688.0,18.09,18.9,18.0,18.72,True,斯迪克,False
2023-07-03,68.777,69.387,66.842,67.093,27587.0,51146298.0,19.01,19.18,18.47,18.54,True,斯迪克,False
2023-07-04,67.416,69.1,67.057,69.028,22568.0,43059743.99999999,18.63,19.1,18.53,19.08,True,斯迪克,False
2023-07-05,69.028,71.035,68.025,70.283,28701.0,55766043.0,19.08,19.64,18.8,19.43,True,斯迪克,False
2023-07-06,70.319,70.785,69.53,70.175,17988.0,34896720.0,19.44,19.57,19.22,19.4,True,斯迪克,False
2023-07-07,71.43,71.43,67.666,68.24,26996.0,50914456.0,19.75,19.75,18.7,18.86,True,斯迪克,False
2023-07-10,68.562,68.921,67.344,68.132,13437.0,25301871.0,18.95,19.05,18.61,18.83,True,斯迪克,False
2023-07-11,68.67,69.781,67.738,69.638,22422.0,43162350.0,18.98,19.29,18.72,19.25,True,斯迪克,False
2023-07-12,69.745,69.745,68.204,68.204,19976.0,37654760.0,19.28,19.28,18.85,18.85,True,斯迪克,False
2023-07-13,68.67,69.602,67.846,69.064,19787.0,37773383.0,18.98,19.24,18.75,19.09,True,斯迪克,False
2023-07-14,69.064,69.458,67.881,69.315,23751.0,45506916.0,19.09,19.2,18.76,19.16,True,斯迪克,False
2023-07-17,69.817,70.175,67.666,68.849,24892.0,47369476.0,19.3,19.4,18.7,19.03,True,斯迪克,False
2023-07-18,68.813,73.437,68.419,71.322,46055.0,90820460.0,19.02,20.31,18.91,19.72,True,斯迪克,False
2023-07-19,71.358,72.935,69.673,70.283,26401.0,51297143.0,19.73,20.17,19.26,19.43,True,斯迪克,False
2023-07-20,70.319,71.43,68.598,68.742,26443.0,50241700.0,19.44,19.75,18.96,19.0,True,斯迪克,False
2023-07-21,68.742,69.781,67.953,68.634,30239.0,57363383.0,19.0,19.29,18.78,18.97,True,斯迪克,False
2023-07-24,68.957,69.028,67.523,67.631,13955.0,26081895.0,19.06,19.08,18.66,18.69,True,斯迪克,False
2023-07-25,67.702,68.706,67.308,68.025,22980.0,43202400.0,18.71,18.99,18.6,18.8,True,斯迪克,False
2023-07-26,68.312,71.358,68.24,68.993,26319.0,50190333.0,18.88,19.73,18.86,19.07,True,斯迪克,False
2023-07-27,69.028,69.458,66.448,67.917,32559.0,61113243.0,19.08,19.2,18.36,18.77,True,斯迪克,False
2023-07-28,67.559,67.595,66.52,66.627,14140.0,26031740.0,18.67,18.68,18.38,18.41,True,斯迪克,False
2023-07-31,67.272,70.426,67.021,68.276,22578.0,42604686.0,18.59,19.47,18.52,18.87,True,斯迪克,False
2023-08-01,68.706,70.426,68.061,69.853,22989.0,44391759.0,18.99,19.47,18.81,19.31,True,斯迪克,False
2023-08-02,70.319,70.319,68.742,69.279,10406.0,19927490.0,19.44,19.44,19.0,19.15,True,斯迪克,False
2023-08-03,69.208,69.494,68.598,69.136,8523.0,16287453.0,19.13,19.21,18.96,19.11,True,斯迪克,False
2023-08-04,69.136,70.354,67.523,69.387,24916.0,47788888.0,19.11,19.45,18.66,19.18,True,斯迪克,False
2023-08-07,69.387,69.53,68.097,68.742,15505.0,29459500.0,19.18,19.22,18.82,19.0,True,斯迪克,False
2023-08-08,68.742,69.136,67.774,68.168,10386.0,19567224.0,19.0,19.11,18.73,18.84,True,斯迪克,False
2023-08-09,67.846,68.527,67.165,67.451,9048.0,16865472.0,18.75,18.94,18.56,18.64,True,斯迪克,False
2023-08-10,67.81,68.706,66.95,68.562,9408.0,17828160.0,18.74,18.99,18.5,18.95,True,斯迪克,False
2023-08-11,68.24,69.889,67.666,67.738,14355.0,26872560.0,18.86,19.32,18.7,18.72,True,斯迪克,False
2023-08-14,67.738,69.243,66.627,69.028,15541.0,29652228.0,18.72,19.14,18.41,19.08,True,斯迪克,False
2023-08-15,69.458,71.788,69.172,70.498,35158.0,68522942.0,19.2,19.85,19.12,19.49,True,斯迪克,False
2023-08-16,70.39,71.25,69.387,69.458,22331.0,42875520.0,19.46,19.7,19.18,19.2,True,斯迪克,False
2023-08-17,69.315,70.139,67.702,69.423,22911.0,43966209.0,19.16,19.39,18.71,19.19,True,斯迪克,False
2023-08-18,69.387,71.788,69.387,69.638,27687.0,53297475.0,19.18,19.85,19.18,19.25,True,斯迪克,False
2023-08-21,69.494,70.534,68.67,68.921,16353.0,31152465.0,19.21,19.5,18.98,19.05,True,斯迪克,False
2023-08-22,68.742,69.351,58.671,62.219,85458.0,146816844.0,19.0,19.17,16.19,17.18,True,斯迪克,False
2023-08-23,61.609,61.789,59.853,60.14,34706.0,57611960.00000001,17.01,17.06,16.52,16.6,True,斯迪克,False
2023-08-24,60.391,64.692,60.319,63.366,41549.0,72710750.0,16.67,17.87,16.65,17.5,True,斯迪克,False
2023-08-25,63.473,63.867,61.932,62.362,19101.0,32891922.0,17.53,17.64,17.1,17.22,True,斯迪克,False
2023-08-28,64.763,66.376,59.387,60.319,52207.0,86924655.0,17.89,18.34,16.39,16.65,True,斯迪克,False
2023-08-29,59.782,64.871,59.423,63.33,46995.0,82194255.0,16.5,17.92,16.4,17.49,True,斯迪克,False
2023-08-30,62.864,64.333,61.932,63.509,31915.0,55978910.0,17.36,17.77,17.1,17.54,True,斯迪克,False
2023-08-31,63.115,65.444,63.115,63.652,24518.0,43102643.99999999,17.43,18.08,17.43,17.58,True,斯迪克,False
2023-09-01,63.652,64.584,62.326,63.975,14754.0,26070318.000000004,17.58,17.84,17.21,17.67,True,斯迪克,False
2023-09-04,63.76,64.728,61.753,62.04,25371.0,43460523.0,17.61,17.88,17.05,17.13,True,斯迪克,False
2023-09-05,61.681,63.724,61.574,62.756,26231.0,45458322.99999999,17.03,17.6,17.0,17.33,True,斯迪克,False
2023-09-06,62.29,66.806,62.147,66.34,37859.0,69395547.0,17.2,18.46,17.16,18.33,True,斯迪克,False
2023-09-07,66.591,66.95,64.584,65.014,35142.0,63115032.0,18.4,18.5,17.84,17.96,True,斯迪克,False
2023-09-08,64.871,72.899,64.584,70.534,141533.0,275989350.0,17.92,20.16,17.84,19.5,True,斯迪克,False
2023-09-11,69.064,74.118,66.627,71.25,156682.0,308663540.0,19.09,20.5,18.41,19.7,True,斯迪克,False
2023-09-12,68.419,69.208,66.233,67.702,89104.0,166713584.0,18.91,19.13,18.3,18.71,True,斯迪克,False
2023-09-13,67.021,67.953,63.366,64.369,78688.0,139907264.0,18.52,18.78,17.5,17.78,True,斯迪克,False
2023-09-14,64.082,65.516,63.366,64.728,39417.0,70477596.0,17.7,18.1,17.5,17.88,True,斯迪克,False
2023-09-15,64.763,66.125,63.151,65.05,26527.0,47669019.0,17.89,18.27,17.44,17.97,True,斯迪克,False
2023-09-18,64.656,66.161,63.652,65.48,22984.0,41578056.0,17.86,18.28,17.58,18.09,True,斯迪克,False
2023-09-19,64.226,65.552,63.186,63.401,22914.0,40122414.0,17.74,18.11,17.45,17.51,True,斯迪克,False
2023-09-20,63.222,64.047,62.649,63.401,17175.0,30073425.000000004,17.46,17.69,17.3,17.51,True,斯迪克,False
2023-09-21,63.222,63.366,60.964,62.398,30411.0,52398153.0,17.46,17.5,16.83,17.23,True,斯迪克,False
2023-09-22,61.932,63.796,61.359,63.724,22376.0,39381760.0,17.1,17.62,16.94,17.6,True,斯迪克,False
2023-09-25,63.294,65.086,63.007,64.011,20149.0,35623432.0,17.48,17.98,17.4,17.68,True,斯迪克,False
2023-09-26,64.978,64.978,62.183,63.043,14424.0,25112184.0,17.95,17.95,17.17,17.41,True,斯迪克,False
2023-09-27,62.434,63.724,62.326,62.971,17115.0,29762985.0,17.24,17.6,17.21,17.39,True,斯迪克,False
2023-09-28,63.724,64.871,62.685,64.763,23459.0,41968151.0,17.6,17.92,17.31,17.89,True,斯迪克,False
2023-10-09,64.513,66.233,63.724,64.441,29430.0,52385400.0,17.82,18.3,17.6,17.8,True,斯迪克,False
2023-10-10,64.513,64.978,63.652,63.903,15211.0,26847415.0,17.82,17.95,17.58,17.65,True,斯迪克,False
2023-10-11,63.76,67.738,63.401,66.699,63457.0,116951251.0,17.61,18.72,17.51,18.43,True,斯迪克,False
2023-10-12,66.699,69.458,66.161,69.351,95705.0,183466485.00000003,18.43,19.2,18.28,19.17,True,斯迪克,False
2023-10-13,68.742,69.387,67.344,67.81,46046.0,86290204.0,19.0,19.18,18.61,18.74,True,斯迪克,False
2023-10-16,67.81,68.562,65.695,66.448,43250.0,79407000.0,18.74,18.95,18.15,18.36,True,斯迪克,False
2023-10-17,66.52,66.699,65.229,65.982,33601.0,61254623.0,18.38,18.43,18.02,18.23,True,斯迪克,False
2023-10-18,65.624,65.946,63.366,63.581,32957.0,57872491.99999999,18.13,18.22,17.5,17.56,True,斯迪克,False
2023-10-19,63.366,64.548,62.04,62.183,31975.0,54901075.00000001,17.5,17.83,17.13,17.17,True,斯迪克,False
2023-10-20,62.147,62.147,60.964,61.179,18143.0,30643527.0,17.16,17.16,16.83,16.89,True,斯迪克,False
2023-10-23,61.036,61.681,59.531,60.463,15544.0,25942936.000000004,16.85,17.03,16.43,16.69,True,斯迪克,False
2023-10-24,60.642,62.29,60.248,61.215,23345.0,39453050.0,16.74,17.2,16.63,16.9,True,斯迪克,False
2023-10-25,61.072,61.753,55.875,56.556,70065.0,109301400.0,16.86,17.05,15.41,15.6,True,斯迪克,False
2023-10-26,54.979,56.054,52.291,54.8,79933.0,120778763.0,15.16,15.46,14.41,15.11,True,斯迪克,False
2023-10-27,54.047,57.165,53.725,56.52,45087.0,70290633.0,14.9,15.77,14.81,15.59,True,斯迪克,False
2023-10-30,56.484,61.968,55.875,60.642,59049.0,98848026.0,15.58,17.11,15.41,16.74,True,斯迪克,False
2023-10-31,60.678,62.147,59.638,61.359,47181.0,79924614.0,16.75,17.16,16.46,16.94,True,斯迪克,False
2023-11-01,61.215,61.717,60.355,60.964,17131.0,28831473.0,16.9,17.04,16.66,16.83,True,斯迪克,False
2023-11-02,60.893,61.932,59.674,59.71,19072.0,31430656.0,16.81,17.1,16.47,16.48,True,斯迪克,False
2023-11-03,60.104,61.502,59.352,60.498,15695.0,26210650.0,16.59,16.98,16.38,16.7,True,斯迪克,False
2023-11-06,60.785,63.688,60.534,63.151,31764.0,55396416.00000001,16.78,17.59,16.71,17.44,True,斯迪克,False
2023-11-07,62.971,63.688,62.111,63.222,17006.0,29692476.0,17.39,17.59,17.15,17.46,True,斯迪克,False
2023-11-08,63.222,63.581,62.936,63.366,13081.0,22891750.0,17.46,17.56,17.38,17.5,True,斯迪克,False
2023-11-09,62.936,64.082,61.86,62.075,20857.0,35748898.0,17.38,17.7,17.08,17.14,True,斯迪克,False
2023-11-10,62.075,62.183,61.036,61.072,22264.0,37537104.0,17.14,17.17,16.85,16.86,True,斯迪克,False
2023-11-13,62.004,62.47,59.997,60.713,17327.0,29040052.000000004,17.12,17.25,16.56,16.76,True,斯迪克,False
2023-11-14,60.713,61.466,58.025,58.886,46565.0,75668125.0,16.76,16.97,16.01,16.25,True,斯迪克,False
2023-11-15,59.137,59.423,57.703,58.491,40045.0,64632630.0,16.32,16.4,15.92,16.14,True,斯迪克,False
2023-11-16,58.348,58.384,57.416,57.488,24823.0,39369278.0,16.1,16.11,15.84,15.86,True,斯迪克,False
2023-11-17,57.488,58.527,57.022,58.133,35724.0,57301296.0,15.86,16.15,15.73,16.04,True,斯迪克,False
2023-11-20,58.312,60.749,57.165,60.463,49032.0,81834408.0,16.09,16.77,15.77,16.69,True,斯迪克,False
2023-11-21,60.498,64.799,60.498,64.441,121424.0,216134720.0,16.7,17.9,16.7,17.8,True,斯迪克,False
2023-11-22,63.545,64.978,63.115,64.082,66186.0,117149220.0,17.55,17.95,17.43,17.7,True,斯迪克,False
2023-11-23,64.369,64.369,61.574,61.968,46258.0,79147438.0,17.78,17.78,17.0,17.11,True,斯迪克,False
2023-11-24,61.574,62.183,59.137,59.495,44854.0,73650268.00000001,17.0,17.17,16.32,16.42,True,斯迪克,False
2023-11-27,59.423,59.531,56.413,57.094,58097.0,91502775.0,16.4,16.43,15.56,15.75,True,斯迪克,False
2023-11-28,56.986,59.065,56.771,58.886,40944.0,66534000.0,15.72,16.3,15.66,16.25,True,斯迪克,False
2023-11-29,58.671,59.244,57.595,58.061,28396.0,45490392.0,16.19,16.35,15.89,16.02,True,斯迪克,False
2023-11-30,58.133,58.169,56.556,57.452,29705.0,47082425.0,16.04,16.05,15.6,15.85,True,斯迪克,False
2023-12-01,57.667,57.703,55.803,56.269,35615.0,55274480.0,15.91,15.92,15.39,15.52,True,斯迪克,False
2023-12-04,56.377,56.807,55.481,56.09,21483.0,33234201.0,15.55,15.67,15.3,15.47,True,斯迪克,False
2023-12-05,56.198,56.198,54.011,54.083,40765.0,60780615.0,15.5,15.5,14.89,14.91,True,斯迪克,False
2023-12-06,54.226,54.585,53.725,54.334,22887.0,34284726.0,14.95,15.05,14.81,14.98,True,斯迪克,False
2023-12-07,54.047,54.119,52.614,52.757,48211.0,70098794.0,14.9,14.92,14.5,14.54,True,斯迪克,False
2023-12-08,52.757,53.366,51.18,51.395,41589.0,58890024.0,14.54,14.71,14.1,14.16,True,斯迪克,False
2023-12-11,51.359,51.825,50.535,51.682,28882.0,41127968.0,14.15,14.28,13.92,14.24,True,斯迪克,False
2023-12-12,51.718,52.542,51.503,52.219,22103.0,31806217.0,14.25,14.48,14.19,14.39,True,斯迪克,False
2023-12-13,52.649,54.298,51.969,53.868,46187.0,68587695.0,14.51,14.97,14.32,14.85,True,斯迪克,False
2023-12-14,53.832,54.692,53.402,53.51,22423.0,33073925.0,14.84,15.08,14.72,14.75,True,斯迪克,False
2023-12-15,53.689,53.94,51.933,52.219,22202.0,31948678.0,14.8,14.87,14.31,14.39,True,斯迪克,False
2023-12-18,52.112,52.219,49.03,49.603,50371.0,68806786.0,14.36,14.39,13.5,13.66,True,斯迪克,False
2023-12-19,49.567,50.893,49.316,50.212,26159.0,36177897.0,13.65,14.02,13.58,13.83,True,斯迪克,False
2023-12-20,50.212,50.893,49.531,49.782,22055.0,30237405.000000004,13.83,14.02,13.64,13.71,True,斯迪克,False
2023-12-21,49.926,50.069,48.42,50.069,27815.0,38356885.0,13.75,13.79,13.33,13.79,True,斯迪克,False
2023-12-22,50.141,50.248,49.101,49.531,19893.0,27134052.0,13.81,13.84,13.52,13.64,True,斯迪克,False
2023-12-25,49.854,50.069,49.03,49.567,9786.0,13357890.0,13.73,13.79,13.5,13.65,True,斯迪克,False
2023-12-26,49.567,49.603,48.313,48.671,15504.0,20775360.0,13.65,13.66,13.3,13.4,True,斯迪克,False
2023-12-27,48.743,49.03,48.313,48.492,15702.0,20962170.0,13.42,13.5,13.3,13.35,True,斯迪克,False
2023-12-28,48.456,49.854,47.56,49.245,33806.0,45840936.0,13.34,13.73,13.09,13.56,True,斯迪克,False
2023-12-29,49.424,51.431,49.065,51.073,48321.0,67987647.0,13.61,14.17,13.51,14.07,True,斯迪克,False
2024-01-02,51.359,51.431,49.065,49.567,55862.0,76251630.0,14.15,14.17,13.51,13.65,True,斯迪克,False
2024-01-03,49.746,49.926,47.309,48.062,41282.0,54616086.0,13.7,13.75,13.02,13.23,True,斯迪克,False
2024-01-04,47.883,47.954,46.449,46.915,36444.0,47049204.0,13.18,13.2,12.78,12.91,True,斯迪克,False
2024-01-05,46.843,47.596,45.84,46.019,28533.0,36122778.0,12.89,13.1,12.61,12.66,True,斯迪克,False
2024-01-08,45.732,46.27,44.37,44.55,36983.0,45304175.0,12.58,12.73,12.2,12.25,True,斯迪克,False
2024-01-09,44.98,45.912,44.37,45.553,32741.0,41024473.0,12.37,12.63,12.2,12.53,True,斯迪克,False
2024-01-10,45.983,45.983,44.37,44.908,33491.0,41361385.0,12.65,12.65,12.2,12.35,True,斯迪克,False
2024-01-11,44.908,45.41,44.406,45.195,47941.0,59590663.0,12.35,12.49,12.21,12.43,True,斯迪克,False
2024-01-12,45.087,45.876,44.693,45.195,27307.0,33942601.0,12.4,12.62,12.29,12.43,True,斯迪克,False
2024-01-15,45.159,45.625,44.442,44.729,27843.0,34246890.0,12.42,12.55,12.22,12.3,True,斯迪克,False
2024-01-16,44.944,45.087,43.689,44.406,42060.0,51355260.0,12.36,12.4,12.01,12.21,True,斯迪克,False
2024-01-17,44.729,44.729,42.793,42.973,27876.0,32921556.0,12.3,12.3,11.76,11.81,True,斯迪克,False
2024-01-18,42.865,42.973,41.145,41.79,62215.0,71422820.0,11.78,11.81,11.3,11.48,True,斯迪克,False
2024-01-19,41.79,42.65,41.503,41.682,40148.0,45969460.0,11.48,11.72,11.4,11.45,True,斯迪克,False
2024-01-22,41.682,42.077,38.349,38.636,52008.0,55128480.0,11.45,11.56,10.52,10.6,True,斯迪克,False
2024-01-23,38.636,39.317,38.242,38.923,45151.0,48221268.0,10.6,10.79,10.49,10.68,True,斯迪克,False
2024-01-24,39.066,39.711,36.772,38.529,54769.0,57890833.0,10.72,10.9,10.08,10.57,True,斯迪克,False
2024-01-25,38.6,39.64,37.919,39.568,56216.0,61050576.0,10.59,10.88,10.4,10.86,True,斯迪克,False
2024-01-26,39.568,40.034,37.382,37.561,58099.0,59841970.00000001,10.86,10.99,10.25,10.3,True,斯迪克,False
2024-01-29,37.919,38.421,36.521,36.737,47689.0,48022823.0,10.4,10.54,10.01,10.07,True,斯迪克,False
2024-01-30,36.378,37.167,35.59,35.733,35938.0,35183302.0,9.97,10.19,9.75,9.79,True,斯迪克,False
2024-01-31,35.733,35.733,32.973,33.009,96404.0,87052812.0,9.79,9.79,9.02,9.03,True,斯迪克,False
2024-02-01,32.902,33.368,31.468,31.826,136551.0,118799370.0,9.0,9.13,8.6,8.7,True,斯迪克,False
2024-02-02,32.113,32.902,29.103,30.572,100155.0,83629425.0,8.78,9.0,7.94,8.35,True,斯迪克,False
2024-02-05,29.927,30.393,26.45,27.346,122767.0,91461415.0,8.17,8.3,7.2,7.45,True,斯迪克,False
2024-02-06,27.275,28.78,25.375,28.278,149734.0,115444914.0,7.43,7.85,6.9,7.71,True,斯迪克,False
2024-02-07,28.278,28.386,25.734,26.63,128732.0,93330700.0,7.71,7.74,7.0,7.25,True,斯迪克,False
2024-02-08,26.988,31.468,26.092,31.325,124725.0,106764600.0,7.35,8.6,7.1,8.56,True,斯迪克,False
2024-02-19,32.113,32.185,30.178,31.074,128371.0,108986979.0,8.78,8.8,8.24,8.49,True,斯迪克,False
2024-02-20,30.966,31.432,30.357,31.217,89691.0,76506423.0,8.46,8.59,8.29,8.53,True,斯迪克,False
2024-02-21,30.68,33.296,30.536,31.826,95050.0,82693500.0,8.38,9.11,8.34,8.7,True,斯迪克,False
2024-02-22,31.325,32.83,31.217,32.794,99517.0,89266749.0,8.56,8.98,8.53,8.97,True,斯迪克,False
2024-02-23,32.973,34.694,32.902,34.514,115565.0,109208925.0,9.02,9.5,9.0,9.45,True,斯迪克,False
2024-02-26,34.264,35.769,33.654,34.98,131902.0,126362116.0,9.38,9.8,9.21,9.58,True,斯迪克,False
2024-02-27,34.945,36.056,34.407,35.984,98669.0,97287634.0,9.57,9.88,9.42,9.86,True,斯迪克,False
2024-02-28,36.127,36.88,32.077,32.221,162952.0,143560712.0,9.9,10.11,8.77,8.81,True,斯迪克,False
2024-02-29,31.468,33.833,31.468,33.762,115734.0,106938216.0,8.6,9.26,8.6,9.24,True,斯迪克,False
2024-03-01,34.049,34.622,33.475,34.335,114493.0,107623420.0,9.32,9.48,9.16,9.4,True,斯迪克,False
2024-03-04,35.16,35.984,33.296,34.407,114324.0,107693208.0,9.63,9.86,9.11,9.42,True,斯迪克,False
2024-03-05,34.084,36.45,33.224,35.016,203992.0,195628328.0,9.33,9.99,9.09,9.59,True,斯迪克,False
2024-03-06,35.59,36.486,34.622,36.306,225620.0,224491900.0,9.75,10.0,9.48,9.95,True,斯迪克,False
2024-03-07,36.199,36.772,34.765,34.801,184272.0,175611216.0,9.92,10.08,9.52,9.53,True,斯迪克,False
2024-03-08,35.124,35.518,34.264,34.945,106899.0,102302343.0,9.62,9.73,9.38,9.57,True,斯迪克,False
2024-03-11,34.514,35.231,34.335,35.231,91629.0,88421985.0,9.45,9.65,9.4,9.65,True,斯迪克,False
2024-03-12,35.16,36.235,35.088,36.235,126682.0,125795226.0,9.63,9.93,9.61,9.93,True,斯迪克,False
2024-03-13,36.665,37.131,35.948,36.629,112949.0,113400796.0,10.05,10.18,9.85,10.04,True,斯迪克,False
2024-03-14,36.629,36.629,34.873,35.59,118275.0,115318125.0,10.04,10.04,9.55,9.75,True,斯迪克,False
2024-03-15,35.41,36.235,35.052,36.02,89489.0,88325643.0,9.7,9.93,9.6,9.87,True,斯迪克,False
2024-03-18,36.486,36.772,36.091,36.593,97379.0,97671137.0,10.0,10.08,9.89,10.03,True,斯迪克,False
2024-03-19,36.521,38.349,36.199,37.382,165825.0,169970625.0,10.01,10.52,9.92,10.25,True,斯迪克,False
2024-03-20,37.131,38.636,37.023,38.313,147555.0,155080305.0,10.18,10.6,10.15,10.51,True,斯迪克,False
2024-03-21,38.098,38.349,36.952,37.633,110438.0,113972016.0,10.45,10.52,10.13,10.32,True,斯迪克,False
2024-03-22,37.525,37.525,36.127,36.271,104744.0,104115536.0,10.29,10.29,9.9,9.94,True,斯迪克,False
2024-03-25,36.02,36.486,34.443,34.514,99441.0,93971745.0,9.87,10.0,9.43,9.45,True,斯迪克,False
2024-03-26,34.12,35.052,33.439,34.729,77003.0,73229853.0,9.34,9.6,9.15,9.51,True,斯迪克,False
2024-03-27,34.694,34.801,32.292,32.507,73483.0,65326387.00000001,9.5,9.53,8.83,8.89,True,斯迪克,False
2024-03-28,32.364,33.869,32.328,33.188,75012.0,68110896.0,8.85,9.27,8.84,9.08,True,斯迪克,False
2024-03-29,33.188,33.798,32.257,33.224,74482.0,67704138.0,9.08,9.25,8.82,9.09,True,斯迪克,False
2024-04-01,33.332,39.64,33.332,37.525,246518.0,253667022.0,9.12,10.88,9.12,10.29,True,斯迪克,False
2024-04-02,37.848,38.098,36.737,37.346,173919.0,178093056.0,10.38,10.45,10.07,10.24,True,斯迪克,False
2024-04-03,37.023,37.453,35.41,35.876,132519.0,130266177.0,10.15,10.27,9.7,9.83,True,斯迪克,False
2024-04-08,35.446,35.733,33.403,33.618,135631.0,124780520.0,9.71,9.79,9.14,9.2,True,斯迪克,False
2024-04-09,33.798,34.837,33.547,34.837,120584.0,115037136.0,9.25,9.54,9.18,9.54,True,斯迪克,False
2024-04-10,34.909,34.98,32.543,33.081,133170.0,120518850.0,9.56,9.58,8.9,9.05,True,斯迪克,False
2024-04-11,32.651,33.332,32.221,32.722,89093.0,79738235.0,8.93,9.12,8.81,8.95,True,斯迪克,False
2024-04-12,32.579,33.045,31.432,31.647,99377.0,85961105.0,8.91,9.04,8.59,8.65,True,斯迪克,False
2024-04-15,31.11,32.077,29.031,29.64,126572.0,102396748.0,8.5,8.77,7.92,8.09,True,斯迪克,False
2024-04-16,29.282,29.353,26.881,26.988,106468.0,78253980.0,7.99,8.01,7.32,7.35,True,斯迪克,False
2024-04-17,27.526,29.819,27.526,29.819,109639.0,89246146.0,7.5,8.14,7.5,8.14,True,斯迪克,False
2024-04-18,29.784,30.465,28.744,29.855,106638.0,86909970.0,8.13,8.32,7.84,8.15,True,斯迪克,False
2024-04-19,29.676,31.468,29.389,30.321,98236.0,81339408.0,8.1,8.6,8.02,8.28,True,斯迪克,False
2024-04-22,29.891,30.357,29.246,29.604,70885.0,57275080.0,8.16,8.29,7.98,8.08,True,斯迪克,False
2024-04-23,29.712,30.644,29.533,30.249,63872.0,52758272.0,8.11,8.37,8.06,8.26,True,斯迪克,False
2024-04-24,30.249,31.361,30.178,31.289,75421.0,64484955.00000001,8.26,8.57,8.24,8.55,True,斯迪克,False
2024-04-25,31.289,32.006,30.93,31.504,61789.0,53200329.0,8.55,8.75,8.45,8.61,True,斯迪克,False
2024-04-26,31.468,32.077,31.074,31.826,53472.0,46520639.99999999,8.6,8.77,8.49,8.7,True,斯迪克,False
2024-04-29,31.683,32.902,31.683,32.758,59658.0,53453568.00000001,8.66,9.0,8.66,8.96,True,斯迪克,False
2024-04-30,33.153,33.296,32.328,33.081,62791.0,56825855.00000001,9.07,9.11,8.84,9.05,True,斯迪克,False
2024-05-06,33.583,34.192,33.583,34.12,49383.0,46123722.0,9.19,9.36,9.19,9.34,True,斯迪克,False
2024-05-07,34.084,34.729,33.977,34.658,53874.0,51126426.0,9.33,9.51,9.3,9.49,True,斯迪克,False
2024-05-08,34.622,35.231,33.511,33.905,78050.0,72430400.0,9.48,9.65,9.17,9.28,True,斯迪克,False
2024-05-09,33.977,34.873,33.977,34.335,52033.0,48911020.0,9.3,9.55,9.3,9.4,True,斯迪克,False
2024-05-10,34.586,34.873,33.583,33.762,43828.0,40497072.0,9.47,9.55,9.19,9.24,True,斯迪克,False
2024-05-13,33.439,33.547,32.651,33.045,46061.0,41639143.99999999,9.15,9.18,8.93,9.04,True,斯迪克,False
2024-05-14,32.973,33.833,32.973,33.439,37935.0,34710525.0,9.02,9.26,9.02,9.15,True,斯迪克,False
2024-05-15,33.26,33.547,32.615,32.722,35284.0,31579180.0,9.1,9.18,8.92,8.95,True,斯迪克,False
2024-05-16,32.973,33.583,32.83,32.937,33648.0,30316848.0,9.02,9.19,8.98,9.01,True,斯迪克,False
2024-05-17,33.153,33.941,32.758,33.869,41821.0,38768067.0,9.07,9.29,8.96,9.27,True,斯迪克,False
2024-05-20,33.977,34.622,33.798,34.407,45291.0,42664122.0,9.3,9.48,9.25,9.42,True,斯迪克,False
2024-05-21,34.55,34.55,33.618,33.905,37179.0,34502112.0,9.46,9.46,9.2,9.28,True,斯迪克,False
2024-05-22,33.869,34.299,33.654,34.228,29381.0,27529997.0,9.27,9.39,9.21,9.37,True,斯迪克,False
2024-05-23,34.299,35.625,33.511,34.729,150702.0,143016198.0,9.37,9.74,9.15,9.49,True,斯迪克,False
2024-05-24,34.227,36.7,34.084,36.557,277730.0,277730000.0,9.35,10.04,9.31,10.0,True,斯迪克,False
2024-05-27,36.915,37.13,33.69,34.371,230024.0,215992536.0,10.1,10.16,9.2,9.39,True,斯迪克,False
2024-05-28,33.618,35.697,33.403,33.761,159397.0,146964034.0,9.18,9.76,9.12,9.22,True,斯迪克,False
2024-05-29,33.045,35.052,32.901,33.833,115697.0,106904028.0,9.02,9.58,8.98,9.24,True,斯迪克,False
2024-05-30,33.761,34.263,33.511,33.905,91273.0,84518798.0,9.22,9.36,9.15,9.26,True,斯迪克,False
2024-05-31,34.012,35.804,33.905,35.374,138606.0,134032002.0,9.29,9.79,9.26,9.67,True,斯迪克,False
2024-06-03,35.195,35.948,34.048,34.872,125029.0,119152637.0,9.62,9.83,9.3,9.53,True,斯迪克,False
2024-06-04,34.55,36.664,33.26,36.664,248582.0,249327746.0,9.44,10.03,9.08,10.03,True,斯迪克,False
2024-06-05,36.557,36.664,34.801,34.98,156696.0,149801376.0,10.0,10.03,9.51,9.56,True,斯迪克,False
2024-06-06,34.693,35.984,33.045,33.439,172263.0,157276119.0,9.48,9.84,9.02,9.13,True,斯迪克,False
2024-06-07,34.227,35.123,33.403,34.335,109880.0,103067440.0,9.35,9.6,9.12,9.38,True,斯迪克,False
2024-06-11,33.761,34.98,33.546,34.98,99758.0,95368648.0,9.22,9.56,9.16,9.56,True,斯迪克,False
2024-06-12,36.557,41.825,36.055,39.962,437434.0,478990230.0,10.0,11.47,9.86,10.95,True,斯迪克,False
2024-06-13,39.783,45.517,39.03,43.295,532948.0,633142224.0,10.9,12.5,10.69,11.88,True,斯迪克,False
2024-06-14,41.754,41.79,39.783,39.962,379009.0,415014855.0,11.45,11.46,10.9,10.95,True,斯迪克,False
2024-06-17,39.998,47.811,39.998,47.811,712279.0,935934606.0,10.96,13.14,10.96,13.14,True,斯迪克,False
2024-06-18,48.097,51.251,45.947,50.893,811025.0,1135435000.0,13.22,14.1,12.62,14.0,True,斯迪克,False
2024-06-19,47.918,48.922,46.592,48.312,546872.0,726246016.0,13.17,13.45,12.8,13.28,True,斯迪克,False
2024-06-20,46.736,46.807,43.295,43.402,433607.0,516425937.0,12.84,12.86,11.88,11.91,True,斯迪克,False
2024-06-21,42.112,44.621,41.969,42.506,297727.0,347149682.0,11.55,12.25,11.51,11.66,True,斯迪克,False
2024-06-24,41.503,43.116,39.998,40.141,255296.0,280825600.0,11.38,11.83,10.96,11.0,True,斯迪克,False
2024-06-25,40.679,42.435,39.532,42.005,267912.0,308634624.0,11.15,11.64,10.83,11.52,True,斯迪克,False
2024-06-26,40.822,42.757,39.783,42.757,257659.0,302234007.0,11.19,11.73,10.9,11.73,True,斯迪克,False
2024-06-27,42.65,42.721,39.926,39.998,230119.0,252210424.00000003,11.7,11.72,10.94,10.96,True,斯迪克,False
2024-06-28,39.317,41.825,38.349,40.858,245681.0,275162720.0,10.77,11.47,10.5,11.2,True,斯迪克,False
2024-07-01,40.786,41.001,39.102,39.783,148475.0,161837750.0,11.18,11.24,10.71,10.9,True,斯迪克,False
2024-07-02,39.89,40.105,37.811,38.062,195290.0,203492180.0,10.93,10.99,10.35,10.42,True,斯迪克,False
2024-07-03,37.991,38.636,37.023,38.062,140366.0,146261372.0,10.4,10.58,10.13,10.42,True,斯迪克,False
2024-07-04,38.062,38.241,36.521,36.557,129031.0,129031000.0,10.42,10.47,9.99,10.0,True,斯迪克,False
2024-07-05,36.485,37.991,35.697,37.417,130950.0,134092800.0,9.98,10.4,9.76,10.24,True,斯迪克,False
2024-07-08,37.668,37.668,36.378,36.557,78499.0,78499000.0,10.31,10.31,9.95,10.0,True,斯迪克,False
2024-07-09,36.485,38.779,36.091,38.707,176740.0,187344400.0,9.98,10.62,9.87,10.6,True,斯迪克,False
2024-07-10,38.6,39.89,37.632,39.603,247807.0,268870595.0,10.57,10.93,10.3,10.85,True,斯迪克,False
2024-07-11,40.248,42.829,38.887,41.718,345243.0,394957992.0,11.03,11.75,10.65,11.44,True,斯迪克,False
2024-07-12,40.535,41.467,40.141,40.284,206538.0,228017952.0,11.11,11.37,11.0,11.04,True,斯迪克,False
2024-07-15,39.711,40.213,37.56,37.776,174348.0,180275832.0,10.88,11.02,10.28,10.34,True,斯迪克,False
2024-07-16,38.062,38.958,37.31,38.528,117686.0,124158730.0,10.42,10.67,10.21,10.55,True,斯迪克,False
2024-07-17,38.349,38.564,36.915,36.951,111904.0,113134944.0,10.5,10.56,10.1,10.11,True,斯迪克,False
2024-07-18,36.629,37.632,36.306,37.381,113321.0,115927383.0,10.02,10.3,9.93,10.23,True,斯迪克,False
2024-07-19,37.417,38.887,37.202,37.776,128724.0,133100616.0,10.24,10.65,10.18,10.34,True,斯迪克,False
2024-07-22,37.453,37.883,36.987,37.238,92165.0,93916135.0,10.25,10.37,10.12,10.19,True,斯迪克,False
2024-07-23,37.238,37.453,36.234,36.27,95525.0,94760800.0,10.19,10.25,9.91,9.92,True,斯迪克,False
2024-07-24,35.912,36.664,35.41,35.984,73212.0,72040608.0,9.82,10.03,9.68,9.84,True,斯迪克,False
2024-07-25,35.482,36.557,34.407,35.768,76420.0,74738760.0,9.7,10.0,9.4,9.78,True,斯迪克,False
2024-07-26,35.518,36.449,35.518,35.804,49882.0,48834477.99999999,9.71,9.97,9.71,9.79,True,斯迪克,False
2024-07-29,35.804,38.062,35.482,37.955,158075.0,164239925.0,9.79,10.42,9.7,10.39,True,斯迪克,False
2024-07-30,37.632,37.776,36.521,36.772,107564.0,108209384.0,10.3,10.34,9.99,10.06,True,斯迪克,False
2024-07-31,36.378,38.349,36.378,38.241,140440.0,147040680.0,9.95,10.5,9.95,10.47,True,斯迪克,False
2024-08-01,38.17,38.528,37.811,37.991,87955.0,91473200.0,10.45,10.55,10.35,10.4,True,斯迪克,False
2024-08-02,37.632,38.134,36.736,36.951,80479.0,81364269.0,10.3,10.44,10.05,10.11,True,斯迪克,False
2024-08-05,36.736,37.13,34.622,34.657,103319.0,97843093.0,10.05,10.16,9.46,9.47,True,斯迪克,False
2024-08-06,35.804,35.804,34.622,35.088,58705.0,56298095.0,9.79,9.79,9.46,9.59,True,斯迪克,False
2024-08-07,35.052,35.553,34.729,34.98,50790.0,48555240.0,9.58,9.72,9.49,9.56,True,斯迪克,False
2024-08-08,34.765,35.052,33.69,34.156,81233.0,75790389.0,9.5,9.58,9.2,9.33,True,斯迪克,False
2024-08-09,34.335,36.163,34.084,35.661,133213.0,129882675.0,9.38,9.89,9.31,9.75,True,斯迪克,False
2024-08-12,35.123,35.159,33.941,34.192,77764.0,72631576.0,9.6,9.61,9.27,9.34,True,斯迪克,False
2024-08-13,34.012,34.622,33.797,34.407,44064.0,41420160.0,9.29,9.46,9.23,9.4,True,斯迪克,False
2024-08-14,34.442,35.589,34.335,35.123,73034.0,70112640.0,9.41,9.73,9.38,9.6,True,斯迪克,False
2024-08-15,34.693,35.984,34.55,35.518,76624.0,74401904.0,9.48,9.84,9.44,9.71,True,斯迪克,False
2024-08-16,35.876,37.811,35.446,36.449,183326.0,182776022.0,9.81,10.35,9.69,9.97,True,斯迪克,False
2024-08-19,36.163,36.378,34.586,34.908,118306.0,112863924.0,9.89,9.95,9.45,9.54,True,斯迪克,False
2024-08-20,34.765,36.342,34.693,34.837,70516.0,67131232.0,9.5,9.94,9.48,9.52,True,斯迪克,False
2024-08-21,34.407,38.206,34.084,36.987,204067.0,206515804.0,9.4,10.46,9.31,10.12,True,斯迪克,False
2024-08-22,37.274,37.632,35.697,35.984,124815.0,122817960.0,10.2,10.3,9.76,9.84,True,斯迪克,False
2024-08-23,35.876,39.245,34.263,38.062,234839.0,244702238.0,9.81,10.75,9.36,10.42,True,斯迪克,False
2024-08-26,38.564,40.858,38.17,40.213,320725.0,353438950.0,10.56,11.2,10.45,11.02,True,斯迪克,False
2024-08-27,39.245,39.424,37.704,38.277,187798.0,196812304.0,10.75,10.8,10.32,10.48,True,斯迪克,False
2024-08-28,37.668,38.707,37.13,37.811,123595.0,127920825.0,10.31,10.6,10.16,10.35,True,斯迪克,False
2024-08-29,37.095,40.392,36.844,39.962,225920.0,247382400.0,10.15,11.07,10.08,10.95,True,斯迪克,False
2024-08-30,40.428,45.517,39.998,42.327,364522.0,423210042.0,11.08,12.5,10.96,11.61,True,斯迪克,False
2024-09-02,43.402,46.52,41.933,43.797,434613.0,522404826.0,11.91,12.78,11.5,12.02,True,斯迪克,False
2024-09-03,42.148,48.492,41.216,44.8,507768.0,624554640.0,11.56,13.33,11.3,12.3,True,斯迪克,False
2024-09-04,43.402,43.725,40.033,42.614,374365.0,437632685.0,11.91,12.0,10.97,11.69,True,斯迪克,False
2024-09-05,41.79,42.148,40.356,41.252,237458.0,268564998.0,11.46,11.56,11.06,11.31,True,斯迪克,False
2024-09-06,40.858,42.184,39.568,39.998,180931.0,198300376.00000003,11.2,11.57,10.84,10.96,True,斯迪克,False
2024-09-09,41.037,41.79,38.994,39.317,162905.0,175448685.0,11.25,11.46,10.68,10.77,True,斯迪克,False
2024-09-10,39.209,40.858,38.349,40.858,156423.0,175193760.0,10.74,11.2,10.5,11.2,True,斯迪克,False
2024-09-11,40.858,43.331,39.998,41.037,321995.0,362244375.0,11.2,11.89,10.96,11.25,True,斯迪克,False
2024-09-12,38.887,40.679,38.313,38.421,249055.0,262005860.0,10.65,11.15,10.49,10.52,True,斯迪克,False
2024-09-13,37.919,37.955,35.267,35.589,201807.0,196358211.0,10.38,10.39,9.64,9.73,True,斯迪克,False
2024-09-18,35.733,36.449,34.657,35.195,98197.0,94465514.0,9.77,9.97,9.47,9.62,True,斯迪克,False
2024-09-19,35.195,35.804,34.801,35.446,97917.0,94881573.0,9.62,9.79,9.51,9.69,True,斯迪克,False
2024-09-20,35.446,35.661,34.657,34.944,87123.0,83202465.0,9.69,9.75,9.47,9.55,True,斯迪克,False
2024-09-23,34.729,35.195,34.263,34.299,78759.0,73797183.0,9.49,9.62,9.36,9.37,True,斯迪克,False
2024-09-24,34.407,35.553,34.048,35.553,107504.0,104493888.0,9.4,9.72,9.3,9.72,True,斯迪克,False
2024-09-25,35.589,37.166,35.518,36.055,145042.0,143011412.0,9.73,10.17,9.71,9.86,True,斯迪克,False
2024-09-26,35.984,37.13,35.553,37.059,112107.0,113676498.0,9.84,10.16,9.72,10.14,True,斯迪克,False
2024-09-27,37.525,39.639,37.023,39.281,179203.0,192822428.0,10.27,10.86,10.13,10.76,True,斯迪克,False
2024-09-30,40.213,45.875,39.89,45.338,317627.0,395445615.0,11.02,12.6,10.93,12.45,True,斯迪克,False
2024-10-08,53.76,53.796,46.628,51.61,380422.0,540199240.0,14.8,14.81,12.81,14.2,True,斯迪克,False
2024-10-09,48.671,49.101,43.008,43.152,319489.0,378274976.0,13.38,13.5,11.8,11.84,True,斯迪克,False
2024-10-10,44.693,45.804,42.614,43.546,198374.0,237056930.0,12.27,12.58,11.69,11.95,True,斯迪克,False
2024-10-11,43.152,43.367,40.714,41.288,152474.0,172600568.0,11.84,11.9,11.16,11.32,True,斯迪克,False
2024-10-14,41.324,46.449,40.428,45.517,251961.0,314951250.0,11.33,12.76,11.08,12.5,True,斯迪克,False
2024-10-15,45.159,49.639,44.478,46.879,431225.0,555417800.0,12.4,13.65,12.21,12.88,True,斯迪克,False
2024-10-16,46.413,48.348,45.875,46.234,199100.0,252857000.0,12.75,13.29,12.6,12.7,True,斯迪克,False
2024-10-17,47.273,51.825,46.592,48.958,369335.0,497124910.00000006,12.99,14.26,12.8,13.46,True,斯迪克,False
2024-10-18,48.886,51.538,48.384,49.746,294164.0,402416352.0,13.44,14.18,13.3,13.68,True,斯迪克,False
2024-10-21,49.459,52.255,48.563,50.212,274217.0,378693677.0,13.6,14.38,13.35,13.81,True,斯迪克,False
2024-10-22,49.459,51.359,49.029,49.818,179308.0,245651960.0,13.6,14.13,13.48,13.7,True,斯迪克,False
2024-10-23,49.746,49.746,47.811,48.133,149217.0,197414091.0,13.68,13.68,13.14,13.23,True,斯迪克,False
2024-10-24,47.811,48.42,47.094,47.596,107948.0,141195984.0,13.14,13.31,12.94,13.08,True,斯迪克,False
2024-10-25,47.596,48.814,47.13,47.99,98030.0,129301570.0,13.08,13.42,12.95,13.19,True,斯迪克,False
2024-10-28,48.205,48.456,47.022,47.99,87867.0,115896573.0,13.25,13.32,12.92,13.19,True,斯迪克,False
2024-10-29,48.348,48.886,47.166,47.201,108288.0,140449536.0,13.29,13.44,12.96,12.97,True,斯迪克,False
2024-10-30,47.166,51.61,47.166,50.678,288383.0,402005902.0,12.96,14.2,12.96,13.94,True,斯迪克,False
2024-10-31,51.072,58.061,49.101,56.878,428966.0,672189722.0,14.05,16.0,13.5,15.67,True,斯迪克,False
2024-11-01,55.731,57.38,51.538,51.968,283742.0,405751060.0,15.35,15.81,14.18,14.3,True,斯迪克,False
2024-11-04,52.685,59.387,52.004,55.982,269912.0,416204304.0,14.5,16.37,14.31,15.42,True,斯迪克,False
2024-11-05,55.122,57.703,54.477,56.197,284708.0,440727984.0,15.18,15.9,15.0,15.48,True,斯迪克,False
2024-11-06,55.552,57.093,53.33,53.688,235752.0,348441456.0,15.3,15.73,14.68,14.78,True,斯迪克,False
2024-11-07,53.258,55.731,52.685,54.764,160746.0,242404968.0,14.66,15.35,14.5,15.08,True,斯迪克,False
2024-11-08,57.38,58.276,55.696,56.412,270183.0,419864382.0,15.81,16.06,15.34,15.54,True,斯迪克,False
2024-11-11,54.477,58.025,54.298,56.771,183492.0,286981488.0,15.0,15.99,14.95,15.64,True,斯迪克,False
2024-11-12,56.376,56.592,52.972,53.438,222592.0,327432832.0,15.53,15.59,14.58,14.71,True,斯迪克,False
2024-11-13,53.33,54.513,51.932,54.262,108879.0,162665226.0,14.68,15.01,14.29,14.94,True,斯迪克,False
2024-11-14,53.187,54.154,49.854,50.104,174969.0,241107282.0,14.64,14.91,13.71,13.78,True,斯迪克,False
2024-11-15,49.854,50.535,47.309,47.596,173272.0,226639776.0,13.71,13.9,13.0,13.08,True,斯迪克,False
2024-11-18,47.703,48.169,44.693,44.944,143836.0,177493624.0,13.11,13.24,12.27,12.34,True,斯迪克,False
2024-11-19,45.696,47.201,44.908,47.13,110369.0,142927855.0,12.55,12.97,12.33,12.95,True,斯迪克,False
2024-11-20,46.7,47.954,46.7,47.667,101732.0,133268920.0,12.83,13.18,12.83,13.1,True,斯迪克,False
2024-11-21,47.381,49.674,46.592,48.097,123656.0,163473232.0,13.02,13.66,12.8,13.22,True,斯迪克,False
2024-11-22,47.811,49.352,45.624,45.732,127741.0,160442696.0,13.14,13.57,12.53,12.56,True,斯迪克,False
2024-11-25,46.198,47.811,45.517,47.596,90073.0,117815484.0,12.69,13.14,12.5,13.08,True,斯迪克,False
2024-11-26,47.667,48.85,47.309,47.99,93823.0,123752537.0,13.1,13.43,13.0,13.19,True,斯迪克,False
2024-11-27,47.667,49.925,46.951,49.639,128366.0,175219590.0,13.1,13.73,12.9,13.65,True,斯迪克,False
2024-11-28,49.639,51.251,48.778,50.248,127401.0,176068182.0,13.65,14.1,13.41,13.82,True,斯迪克,False
2024-11-29,50.535,52.649,49.459,51.861,131614.0,187813178.0,13.9,14.49,13.6,14.27,True,斯迪克,False
2024-12-02,51.61,53.402,51.431,52.864,125692.0,182881860.0,14.2,14.7,14.15,14.55,True,斯迪克,False
2024-12-03,52.792,56.126,52.255,54.441,193703.0,290360797.0,14.53,15.46,14.38,14.99,True,斯迪克,False
2024-12-04,53.33,54.298,52.327,52.864,142628.0,207523740.0,14.68,14.95,14.4,14.55,True,斯迪克,False
2024-12-05,52.721,53.76,52.076,52.434,96339.0,139017177.0,14.51,14.8,14.33,14.43,True,斯迪克,False
2024-12-06,52.076,53.294,51.61,53.008,79614.0,116156826.0,14.33,14.67,14.2,14.59,True,斯迪克,False
2024-12-09,52.9,52.9,50.391,50.929,111238.0,155844438.0,14.56,14.56,13.86,14.01,True,斯迪克,False
2024-12-10,52.685,52.864,50.75,50.965,96459.0,135235518.0,14.5,14.55,13.96,14.02,True,斯迪克,False
2024-12-11,51.0,52.506,50.75,51.538,78584.0,111432112.0,14.03,14.45,13.96,14.18,True,斯迪克,False
2024-12-12,51.466,54.226,51.466,53.868,129894.0,192632802.0,14.16,14.93,14.16,14.83,True,斯迪克,False
2024-12-13,53.868,53.975,52.649,52.828,82706.0,120254524.0,14.83,14.86,14.49,14.54,True,斯迪克,False
2024-12-16,52.649,53.33,51.968,52.577,72737.0,105250439.0,14.49,14.68,14.3,14.47,True,斯迪克,False
2024-12-17,52.327,53.581,50.355,50.57,126590.0,176086690.0,14.4,14.75,13.85,13.91,True,斯迪克,False
2024-12-18,50.821,52.792,49.28,51.825,88787.0,126610262.0,13.98,14.53,13.55,14.26,True,斯迪克,False
2024-12-19,51.359,51.825,49.961,51.323,74649.0,105404388.0,14.13,14.26,13.74,14.12,True,斯迪克,False
2024-12-20,51.108,52.757,51.0,52.183,67213.0,96517868.0,14.06,14.52,14.03,14.36,True,斯迪克,False
2024-12-23,51.681,53.509,49.997,50.14,90845.0,125275255.0,14.22,14.73,13.75,13.79,True,斯迪克,False
2024-12-24,49.71,50.965,49.101,50.176,61021.0,84208980.0,13.67,14.02,13.5,13.8,True,斯迪克,False
2024-12-25,49.925,50.14,48.814,49.101,59038.0,79701300.0,13.73,13.79,13.42,13.5,True,斯迪克,False
2024-12-26,49.029,50.821,48.85,50.355,51017.0,70658545.0,13.48,13.98,13.43,13.85,True,斯迪克,False
2024-12-27,50.606,51.251,49.746,49.961,52642.0,72330108.0,13.92,14.1,13.68,13.74,True,斯迪克,False
2024-12-30,49.997,50.176,48.241,49.352,44008.0,59718856.0,13.75,13.8,13.26,13.57,True,斯迪克,False
2024-12-31,49.961,49.961,47.13,47.13,67205.0,87030475.0,13.74,13.74,12.95,12.95,True,斯迪克,False
2025-01-02,47.309,47.632,45.517,46.27,49622.0,63069562.00000001,13.0,13.09,12.5,12.71,True,斯迪克,False
2025-01-03,46.771,47.058,44.191,44.549,69996.0,85605108.0,12.85,12.93,12.13,12.23,True,斯迪克,False
2025-01-06,44.728,46.986,43.367,45.983,65782.0,83082666.0,12.28,12.91,11.9,12.63,True,斯迪克,False
2025-01-07,45.911,46.449,45.087,45.768,50389.0,63338973.0,12.61,12.76,12.38,12.57,True,斯迪克,False
2025-01-08,45.696,46.951,44.191,46.341,63699.0,81088827.0,12.55,12.9,12.13,12.73,True,斯迪克,False
2025-01-09,46.234,48.241,45.768,46.843,74320.0,95649840.0,12.7,13.26,12.57,12.87,True,斯迪克,False
2025-01-10,46.628,47.345,44.8,44.8,59262.0,72892260.0,12.81,13.01,12.3,12.3,True,斯迪克,False
2025-01-13,44.442,45.338,43.546,44.908,47047.0,58008951.0,12.2,12.45,11.95,12.33,True,斯迪克,False
2025-01-14,44.979,48.743,44.8,48.743,104766.0,140386440.0,12.35,13.4,12.3,13.4,True,斯迪克,False
2025-01-15,48.743,48.743,46.592,46.807,63244.0,81331784.0,13.4,13.4,12.8,12.86,True,斯迪克,False
2025-01-16,47.273,53.115,46.843,52.577,230434.0,333437998.0,12.99,14.62,12.87,14.47,True,斯迪克,False
2025-01-17,51.968,55.086,50.463,54.477,276860.0,415290000.0,14.3,15.17,13.88,15.0,True,斯迪克,False
2025-01-20,56.018,57.165,54.011,54.513,246145.0,369463645.0,15.43,15.75,14.87,15.01,True,斯迪克,False
2025-01-21,55.552,56.269,53.438,55.875,214319.0,329836941.0,15.3,15.5,14.71,15.39,True,斯迪克,False
2025-01-22,57.165,59.136,55.803,56.269,274773.0,425898150.0,15.75,16.3,15.37,15.5,True,斯迪克,False
2025-01-23,56.305,58.563,55.624,56.914,252108.0,395305344.0,15.51,16.14,15.32,15.68,True,斯迪克,False
2025-01-24,56.986,58.348,56.412,57.201,135223.0,213111448.0,15.7,16.08,15.54,15.76,True,斯迪克,False
2025-01-27,57.38,58.312,56.018,56.018,111743.0,172419449.0,15.81,16.07,15.43,15.43,True,斯迪克,False
2025-02-05,56.627,58.778,56.197,57.523,172223.0,272973455.0,15.6,16.2,15.48,15.85,True,斯迪克,False
2025-02-06,57.38,62.469,57.022,62.433,281812.0,485280264.0,15.81,17.23,15.71,17.22,True,斯迪克,False
2025-02-07,62.433,63.365,60.641,61.537,190445.0,323185165.0,17.22,17.48,16.72,16.97,True,斯迪克,False
2025-02-10,61.537,66.232,61.537,65.838,240939.0,437786163.00000006,16.97,18.28,16.97,18.17,True,斯迪克,False
2025-02-11,65.587,67.989,64.154,66.053,164798.0,300426754.0,18.1,18.77,17.7,18.23,True,斯迪克,False
2025-02-12,65.301,70.247,64.871,69.924,216044.0,417180964.0,18.02,19.4,17.9,19.31,True,斯迪克,False
2025-02-13,70.605,72.397,68.813,71.25,201878.0,397295904.0,19.5,20.0,19.0,19.68,True,斯迪克,False
2025-02-14,70.677,72.039,68.311,69.386,186416.0,357173056.0,19.52,19.9,18.86,19.16,True,斯迪克,False
2025-02-17,68.849,73.078,67.738,70.963,187869.0,368223240.0,19.01,20.19,18.7,19.6,True,斯迪克,False
2025-02-18,70.605,72.397,69.064,70.641,149034.0,290765334.0,19.5,20.0,19.07,19.51,True,斯迪克,False
2025-02-19,70.748,73.902,70.067,72.899,169771.0,341918794.0,19.54,20.42,19.35,20.14,True,斯迪克,False
2025-02-20,72.648,80.282,72.361,79.135,207443.0,453885284.0,20.07,22.2,19.99,21.88,True,斯迪克,False
2025-02-21,79.135,84.368,76.698,77.665,334572.0,718326084.0,21.88,23.34,21.2,21.47,True,斯迪克,False
2025-02-24,76.877,81.608,75.694,79.493,237281.0,521543638.0,21.25,22.57,20.92,21.98,True,斯迪克,False
2025-02-25,80.031,81.357,74.906,76.339,252682.0,533159020.00000006,22.13,22.5,20.7,21.1,True,斯迪克,False
2025-02-26,75.945,77.522,72.469,73.616,287192.0,584148528.0,20.99,21.43,20.02,20.34,True,斯迪克,False
2025-02-27,74.046,75.873,72.397,74.834,250107.0,517221276.0,20.46,20.97,20.0,20.68,True,斯迪克,False
2025-02-28,74.01,75.085,69.96,70.426,187397.0,364487165.0,20.45,20.75,19.32,19.45,True,斯迪克,False
2025-03-03,71.68,73.15,69.637,70.247,161304.0,312929760.0,19.8,20.21,19.23,19.4,True,斯迪克,False
2025-03-04,69.53,70.999,68.562,69.171,133697.0,255361270.00000003,19.2,19.61,18.93,19.1,True,斯迪克,False
2025-03-05,69.888,73.472,67.953,72.755,228766.0,459819660.00000006,19.3,20.3,18.76,20.1,True,斯迪克,False
2025-03-06,72.397,73.831,69.924,70.032,202612.0,391851608.0,20.0,20.4,19.31,19.34,True,斯迪克,False
2025-03-07,69.888,72.791,68.813,70.318,179137.0,347884054.00000006,19.3,20.11,19.0,19.42,True,斯迪克,False
2025-03-10,69.888,70.282,67.128,68.132,151624.0,285204744.0,19.3,19.41,18.53,18.81,True,斯迪克,False
2025-03-11,67.666,68.311,65.946,68.024,127173.0,238830894.0,18.68,18.86,18.2,18.78,True,斯迪克,False
2025-03-12,68.705,69.709,67.702,68.024,107907.0,202649346.0,18.97,19.25,18.69,18.78,True,斯迪克,False
2025-03-13,67.738,68.562,64.01,65.982,175032.0,318733272.0,18.7,18.93,17.66,18.21,True,斯迪克,False
2025-03-14,65.946,71.537,65.336,70.497,254763.0,496023561.0,18.2,19.76,18.03,19.47,True,斯迪克,False
2025-03-17,71.752,73.221,69.96,72.54,301170.0,603544680.0,19.82,20.23,19.32,20.04,True,斯迪克,False
2025-03-18,72.397,72.397,69.171,70.139,230683.0,446832971.0,20.0,20.0,19.1,19.37,True,斯迪克,False
2025-03-19,70.103,70.462,68.526,69.637,92935.0,178714005.0,19.36,19.46,18.92,19.23,True,斯迪克,False
2025-03-20,68.956,68.956,64.727,65.408,202216.0,364999880.0,19.04,19.04,17.86,18.05,True,斯迪克,False
2025-03-21,64.154,64.763,61.251,61.86,216606.0,369529836.0,17.7,17.87,16.89,17.06,True,斯迪克,False
2025-03-24,61.86,62.72,60.068,62.254,112558.0,193262086.00000003,17.06,17.3,16.56,17.17,True,斯迪克,False
2025-03-25,62.613,63.544,60.641,61.537,79582.0,135050654.0,17.27,17.53,16.72,16.97,True,斯迪克,False
2025-03-26,61.358,62.792,61.072,62.039,67067.0,114751637.0,16.92,17.32,16.84,17.11,True,斯迪克,False
2025-03-27,61.752,63.76,60.964,62.577,96388.0,166365688.00000003,17.03,17.59,16.81,17.26,True,斯迪克,False
2025-03-28,62.541,63.079,61.179,61.179,64174.0,108261538.0,17.25,17.4,16.87,16.87,True,斯迪克,False
2025-03-31,60.856,61.537,59.459,61.179,62383.0,105240121.0,16.78,16.97,16.39,16.87,True,斯迪克,False
2025-04-01,61.573,63.58,60.856,61.752,72240.0,123024720.0,16.98,17.54,16.78,17.03,True,斯迪克,False
2025-04-02,62.147,63.437,61.788,62.398,65280.0,112346880.0,17.14,17.5,17.04,17.21,True,斯迪克,False
2025-04-03,61.609,62.29,60.355,60.928,64688.0,108675840.0,16.99,17.18,16.64,16.8,True,斯迪克,False
2025-04-07,53.76,56.233,48.886,50.176,172016.0,237382080.0,14.8,15.49,13.44,13.8,True,斯迪克,False
2025-04-08,50.929,53.294,50.499,51.61,121139.0,172017380.0,14.01,14.67,13.89,14.2,True,斯迪克,False
2025-04-09,50.535,54.477,47.237,53.76,163006.0,241248880.0,13.9,15.0,12.98,14.8,True,斯迪克,False
2025-04-10,55.373,56.376,54.119,54.262,124638.0,186209172.0,15.25,15.53,14.9,14.94,True,斯迪克,False
2025-04-11,53.545,57.703,53.402,56.233,109995.0,170382255.0,14.74,15.9,14.7,15.49,True,斯迪克,False
2025-04-14,57.523,58.061,56.448,57.631,96370.0,153035560.0,15.85,16.0,15.55,15.88,True,斯迪克,False
2025-04-15,57.308,57.918,55.875,56.807,69264.0,108398160.0,15.79,15.96,15.39,15.65,True,斯迪克,False
2025-04-16,56.305,57.523,53.438,54.728,87469.0,131815783.0,15.51,15.85,14.71,15.07,True,斯迪克,False
2025-04-17,54.405,55.624,54.19,54.441,54012.0,80963988.0,14.98,15.32,14.92,14.99,True,斯迪克,False
2025-04-18,54.656,54.656,53.402,54.226,49725.0,74239425.0,15.05,15.05,14.7,14.93,True,斯迪克,False
2025-04-21,54.083,55.05,53.76,54.835,55269.0,83456190.0,14.89,15.16,14.8,15.1,True,斯迪克,False
2025-04-22,54.692,54.692,53.223,53.473,67206.0,98927232.0,15.06,15.06,14.65,14.72,True,斯迪克,False
2025-04-23,54.047,55.767,54.047,55.373,86567.0,132014675.0,14.88,15.36,14.88,15.25,True,斯迪克,False
2025-04-24,55.194,55.301,52.864,53.366,79299.0,116490231.0,15.2,15.23,14.55,14.69,True,斯迪克,False
2025-04-25,52.757,55.194,52.47,53.975,102723.0,152646378.0,14.52,15.2,14.44,14.86,True,斯迪克,False
2025-04-28,53.975,54.477,53.151,53.402,56994.0,83781180.0,14.86,15.0,14.63,14.7,True,斯迪克,False
2025-04-29,53.079,54.298,52.828,53.688,51543.0,76180554.0,14.61,14.95,14.54,14.78,True,斯迪克,False
2025-04-30,53.832,56.233,53.688,55.588,84122.0,128790782.0,14.82,15.49,14.78,15.31,True,斯迪克,False
2025-05-06,55.767,59.029,54.943,58.419,125881.0,202668410.00000003,15.36,16.27,15.13,16.1,True,斯迪克,False
2025-05-07,58.957,60.176,57.918,58.849,124294.0,201604868.0,16.25,16.59,15.96,16.22,True,斯迪克,False
2025-05-08,58.778,60.713,58.097,59.387,104566.0,171174542.0,16.2,16.74,16.01,16.37,True,斯迪克,False
2025-05-09,59.208,59.244,57.344,57.953,69309.0,110686473.0,16.32,16.33,15.8,15.97,True,斯迪克,False
2025-05-12,58.67,59.817,57.631,59.423,105840.0,173365920.0,16.17,16.49,15.88,16.38,True,斯迪克,False
2025-05-13,59.566,60.57,58.061,58.742,91736.0,148520584.0,16.42,16.7,16.0,16.19,True,斯迪克,False
2025-05-14,61.645,64.19,59.638,60.713,267919.0,448496406.0,17.0,17.71,16.44,16.74,True,斯迪克,False
2025-05-15,60.606,63.043,59.781,60.856,235694.0,395494532.0,16.71,17.39,16.48,16.78,True,斯迪克,False
2025-05-16,60.211,65.301,60.176,64.118,259928.0,459812632.00000006,16.6,18.02,16.59,17.69,True,斯迪克,False
2025-05-19,63.222,63.437,60.247,61.072,183606.0,309192504.0,17.44,17.5,16.61,16.84,True,斯迪克,False
2025-05-20,61.036,61.287,59.925,60.391,106020.0,176523299.99999997,16.83,16.9,16.52,16.65,True,斯迪克,False
2025-05-21,60.068,60.677,58.312,58.67,140217.0,226730889.00000003,16.56,16.73,16.07,16.17,True,斯迪克,False
2025-05-22,58.419,59.244,57.559,57.81,81311.0,129528423.0,16.1,16.33,15.86,15.93,True,斯迪克,False
2025-05-23,57.703,58.814,57.165,57.308,68234.0,107741486.0,15.9,16.21,15.75,15.79,True,斯迪克,False
2025-05-26,57.093,58.204,56.95,57.703,55160.0,87704400.0,15.73,16.04,15.69,15.9,True,斯迪克,False
2025-05-27,57.595,57.667,56.197,57.488,62310.0,98699040.0,15.87,15.89,15.48,15.84,True,斯迪克,False
2025-05-28,57.237,57.953,56.627,56.986,42119.0,66126830.0,15.77,15.97,15.6,15.7,True,斯迪克,False
2025-05-29,56.627,58.168,56.627,57.953,51039.0,81509283.0,15.6,16.03,15.6,15.97,True,斯迪克,False
2025-05-30,57.882,57.882,55.373,55.696,64227.0,98524218.0,15.95,15.95,15.25,15.34,True,斯迪克,False
2025-06-03,54.943,57.989,54.943,56.771,66225.0,103575900.0,15.13,15.98,15.13,15.64,True,斯迪克,False
2025-06-04,56.627,58.778,56.627,57.308,76461.0,120731919.0,15.6,16.2,15.6,15.79,True,斯迪克,False
2025-06-05,57.201,58.348,56.269,57.738,95121.0,151337511.0,15.76,16.08,15.5,15.91,True,斯迪克,False
2025-06-06,57.703,58.957,57.201,57.595,75775.0,120254925.0,15.9,16.25,15.76,15.87,True,斯迪克,False
2025-06-09,57.452,60.068,57.452,59.674,109924.0,180824980.0,15.83,16.56,15.83,16.45,True,斯迪克,False
2025-06-10,59.423,59.817,57.272,58.276,79953.0,128404518.0,16.38,16.49,15.78,16.06,True,斯迪克,False
2025-06-11,58.276,58.849,57.272,57.452,84919.0,134426777.0,16.06,16.22,15.78,15.83,True,斯迪克,False
2025-06-12,57.452,58.384,56.807,58.061,49999.0,79998400.0,15.83,16.09,15.65,16.0,True,斯迪克,False
2025-06-13,57.703,58.025,55.767,55.911,66846.0,102942840.0,15.9,15.99,15.36,15.4,True,斯迪克,False
2025-06-16,55.911,56.341,55.552,55.696,46448.0,71251232.0,15.4,15.52,15.3,15.34,True,斯迪克,False
2025-06-17,55.552,57.488,55.552,56.807,59133.0,92543145.0,15.3,15.84,15.3,15.65,True,斯迪克,False
2025-06-18,56.556,56.842,55.911,56.09,42780.0,66095100.0,15.58,15.66,15.4,15.45,True,斯迪克,False
2025-06-19,56.269,57.559,54.441,54.692,59856.0,90143136.0,15.5,15.86,14.99,15.06,True,斯迪克,False
2025-06-20,55.337,55.731,54.298,54.728,35432.0,53396024.0,15.24,15.35,14.95,15.07,True,斯迪克,False
2025-06-23,54.334,55.696,54.119,55.516,31441.0,48073289.0,14.96,15.34,14.9,15.29,True,斯迪克,False
2025-06-24,55.731,58.885,55.588,58.814,115921.0,187907941.0,15.35,16.23,15.31,16.21,True,斯迪克,False
2025-06-25,58.527,59.674,58.097,59.315,87510.0,143078850.0,16.13,16.45,16.01,16.35,True,斯迪克,False
2025-06-26,59.208,59.709,58.132,58.276,68521.0,109976205.0,16.31,16.45,16.01,16.05,True,斯迪克,False
2025-06-27,58.634,59.709,58.312,58.67,56260.0,90916160.0,16.15,16.45,16.06,16.16,True,斯迪克,False
2025-06-30,59.064,60.068,58.598,59.889,85933.0,141789450.0,16.27,16.55,16.14,16.5,True,斯迪克,False
2025-07-01,59.781,60.319,58.885,59.924,56223.0,92824173.0,16.47,16.62,16.22,16.51,True,斯迪克,False
2025-07-02,59.996,59.996,58.061,58.491,59498.0,95851278.0,16.53,16.53,15.99,16.11,True,斯迪克,False
2025-07-03,58.491,59.745,58.204,59.208,59258.0,96649798.0,16.11,16.46,16.03,16.31,True,斯迪克,False
2025-07-04,57.846,58.204,55.982,56.125,155746.0,240627570.0,15.93,16.03,15.41,15.45,True,斯迪克,False
2025-07-07,56.197,57.953,55.946,56.448,60525.0,94055850.0,15.47,15.96,15.4,15.54,True,斯迪克,False
2025-07-08,56.627,60.605,56.125,59.745,174478.0,287190788.0,15.59,16.7,15.45,16.46,True,斯迪克,False
2025-07-09,59.817,60.605,59.351,59.996,102618.0,169627554.0,16.48,16.7,16.35,16.53,True,斯迪克,False
2025-07-10,59.96,60.856,58.491,59.279,73677.0,120314541.0,16.52,16.77,16.11,16.33,True,斯迪克,False
2025-07-11,59.028,59.889,58.204,59.136,60271.0,98181459.0,16.26,16.5,16.03,16.29,True,斯迪克,False
2025-07-14,59.172,62.505,59.136,60.677,159558.0,266780976.0,16.3,17.23,16.29,16.72,True,斯迪克,False
2025-07-15,60.211,61.215,59.351,60.104,84640.0,140163840.0,16.59,16.87,16.35,16.56,True,斯迪克,False
2025-07-16,60.14,60.964,59.781,60.211,64719.0,107368821.0,16.57,16.8,16.47,16.59,True,斯迪克,False
2025-07-17,60.355,62.397,59.889,62.362,115942.0,199304298.0,16.63,17.2,16.5,17.19,True,斯迪克,False
2025-07-18,62.254,62.648,61.107,61.609,97408.0,165398784.0,17.16,17.27,16.84,16.98,True,斯迪克,False
2025-07-21,61.681,61.824,60.82,61.466,67613.0,114536422.0,17.0,17.04,16.76,16.94,True,斯迪克,False
2025-07-22,61.573,62.541,60.749,62.147,92479.0,158416527.0,16.97,17.24,16.74,17.13,True,斯迪克,False
2025-07-23,62.075,62.326,61.251,61.501,70883.0,120146685.0,17.11,17.18,16.88,16.95,True,斯迪克,False
2025-07-24,61.681,62.648,61.466,62.218,64740.0,111029100.0,17.0,17.27,16.94,17.15,True,斯迪克,False
2025-07-25,62.218,62.577,61.681,61.967,51827.0,88520515.99999999,17.15,17.25,17.0,17.08,True,斯迪克,False
2025-07-28,62.218,66.77,62.147,65.659,233481.0,422834091.0,17.15,18.42,17.13,18.11,True,斯迪克,False
2025-07-29,65.551,68.204,65.121,67.415,171029.0,318113940.0,18.08,18.82,17.96,18.6,True,斯迪克,False
2025-07-30,68.132,69.028,66.268,66.842,158885.0,292983940.0,18.8,19.05,18.28,18.44,True,斯迪克,False
2025-07-31,66.77,68.92,66.053,66.519,138038.0,253299730.00000003,18.42,19.02,18.22,18.35,True,斯迪克,False
2025-08-01,66.698,67.021,64.942,65.336,100294.0,180729788.0,18.4,18.49,17.91,18.02,True,斯迪克,False
2025-08-04,64.763,66.555,64.62,66.053,85094.0,155041268.0,17.86,18.36,17.82,18.22,True,斯迪克,False
2025-08-05,66.053,67.487,65.766,66.877,83256.0,153607320.0,18.22,18.62,18.14,18.45,True,斯迪克,False
2025-08-06,66.77,68.849,66.555,68.06,119688.0,224774064.0,18.42,19.0,18.36,18.78,True,斯迪克,False
2025-08-07,67.666,70.927,67.415,68.669,151287.0,286688865.0,18.67,19.58,18.6,18.95,True,斯迪克,False
2025-08-08,68.311,69.386,67.092,67.809,96010.0,179634710.0,18.85,19.15,18.51,18.71,True,斯迪克,False
2025-08-11,68.06,69.458,67.773,68.275,79363.0,149519892.0,18.78,19.17,18.7,18.84,True,斯迪克,False
2025-08-12,68.132,77.629,67.988,76.017,368437.0,773717700.0,18.8,21.45,18.76,21.0,True,斯迪克,False
2025-08-13,77.379,79.601,75.336,78.848,330243.0,719599497.0,21.38,22.0,20.81,21.79,True,斯迪克,False
2025-08-14,78.454,79.852,76.375,76.733,268499.0,569217880.0,21.68,22.07,21.1,21.2,True,斯迪克,False
2025-08-15,77.379,79.565,76.268,79.063,234937.0,513337345.00000006,21.38,21.99,21.07,21.85,True,斯迪克,False
2025-08-18,84.332,90.353,81.751,86.84,446570.0,1072661140.0,23.32,25.0,22.6,24.02,True,斯迪克,False
2025-08-19,86.267,87.414,83.185,84.26,289132.0,673677560.0,23.86,24.18,23.0,23.3,True,斯迪克,False
2025-08-20,84.977,95.908,83.615,95.37,489910.0,1293362400.0,23.5,26.55,23.12,26.4,True,斯迪克,False
2025-08-21,92.539,93.829,89.492,91.428,325595.0,823755350.0,25.61,25.97,24.76,25.3,True,斯迪克,False
2025-08-22,93.22,97.27,91.786,92.109,276448.0,704665952.0,25.8,26.93,25.4,25.49,True,斯迪克,False
2025-08-25,90.819,92.718,86.41,91.535,315625.0,799478125.0,25.13,25.66,23.9,25.33,True,斯迪克,False
2025-08-26,92.109,97.055,91.679,93.256,369532.0,953762092.0,25.49,26.87,25.37,25.81,True,斯迪克,False
2025-08-27,95.048,98.488,89.17,89.636,366024.0,907739520.0,26.31,27.27,24.67,24.8,True,斯迪克,False
2025-08-28,89.277,92.288,86.769,92.073,262684.0,669318832.0,24.7,25.54,24.0,25.48,True,斯迪克,False
2025-08-29,90.604,92.109,89.779,91.392,174957.0,442466253.0,25.07,25.49,24.84,25.29,True,斯迪克,False
2025-09-01,92.109,92.861,88.919,92.109,180818.0,460905082.0,25.49,25.7,24.6,25.49,True,斯迪克,False
2025-09-02,92.79,93.865,84.475,85.335,266887.0,629853320.0,25.68,25.98,23.36,23.6,True,斯迪克,False
2025-09-03,86.625,88.059,84.905,86.589,171278.0,410210810.0,23.96,24.36,23.48,23.95,True,斯迪克,False
2025-09-04,87.055,88.561,79.421,81.357,258187.0,580662563.0,24.08,24.5,21.95,22.49,True,斯迪克,False
2025-09-05,82.074,85.12,80.497,84.547,173162.0,404852756.0,22.69,23.54,22.25,23.38,True,斯迪克,False
2025-09-08,85.048,86.231,83.185,84.618,123178.0,288236520.0,23.52,23.85,23.0,23.4,True,斯迪克,False
2025-09-09,84.296,84.582,80.963,81.93,140711.0,318710415.0,23.31,23.39,22.38,22.65,True,斯迪克,False
2025-09-10,82.038,84.26,81.608,82.826,120502.0,275949580.0,22.68,23.3,22.56,22.9,True,斯迪克,False
2025-09-11,82.468,89.994,81.751,89.349,227634.0,562711248.0,22.8,24.9,22.6,24.72,True,斯迪克,False
2025-09-12,90.209,98.237,88.919,94.259,320662.0,836607158.0,24.96,27.2,24.6,26.09,True,斯迪克,False
2025-09-15,93.937,96.983,93.435,94.761,180765.0,474146595.0,26.0,26.85,25.86,26.23,True,斯迪克,False
2025-09-16,94.904,96.266,91.965,94.653,171615.0,449631300.0,26.27,26.65,25.45,26.2,True,斯迪克,False
2025-09-17,94.116,100.316,93.937,97.807,225735.0,611290380.0,26.05,27.78,26.0,27.08,True,斯迪克,False
2025-09-18,97.162,99.994,93.292,94.904,242824.0,637898648.0,26.9,27.69,25.82,26.27,True,斯迪克,False
2025-09-19,96.66,98.596,92.754,93.972,175778.0,457198578.0,26.76,27.3,25.67,26.01,True,斯迪克,False
2025-09-22,92.897,100.244,91.141,100.029,321484.0,890510680.0,25.71,27.76,25.22,27.7,True,斯迪克,False
2025-09-23,100.065,100.639,93.722,96.983,236659.0,635429415.0,27.71,27.87,25.94,26.85,True,斯迪克,False
2025-09-24,96.087,99.671,93.937,98.13,177920.0,483408640.00000006,26.6,27.6,26.0,27.17,True,斯迪克,False
2025-09-25,98.202,99.85,96.087,98.094,187244.0,508554704.0,27.19,27.65,26.6,27.16,True,斯迪克,False
2025-09-26,97.521,98.094,92.18,93.507,210900.0,545809200.0,27.0,27.16,25.51,25.88,True,斯迪克,False
2025-09-29,93.256,96.41,92.396,93.507,151719.0,392648772.0,25.81,26.69,25.57,25.88,True,斯迪克,False
2025-09-30,93.937,95.155,92.145,94.51,126165.0,330047640.0,26.0,26.34,25.5,26.16,True,斯迪克,False
2025-10-09,94.295,108.273,94.295,103.793,348439.0,1001762125.0,26.1,30.0,26.1,28.75,True,斯迪克,False
2025-10-10,101.821,104.653,100.639,102.789,230754.0,656956638.0,28.2,28.99,27.87,28.47,True,斯迪克,False
2025-10-13,96.481,105.011,96.374,103.506,221902.0,636193034.0,26.71,29.09,26.68,28.67,True,斯迪克,False
2025-10-14,106.409,111.821,99.492,100.137,362626.0,1005561898.0,29.48,30.99,27.55,27.73,True,斯迪克,False
2025-10-15,101.463,101.965,96.087,101.105,181804.0,509051200.0,28.1,28.24,26.6,28.0,True,斯迪克,False
2025-10-16,101.105,106.911,99.707,104.115,267508.0,771493072.0,28.0,29.62,27.61,28.84,True,斯迪克,False
2025-10-17,103.183,108.058,100.854,102.61,266028.0,756051576.0,28.58,29.94,27.93,28.42,True,斯迪克,False
2025-10-20,104.689,104.76,89.743,89.779,401060.0,996233040.0,29.0,29.02,24.83,24.84,True,斯迪克,False
2025-10-21,89.743,93.901,88.238,93.578,240009.0,621623310.0,24.83,25.99,24.41,25.9,True,斯迪克,False
2025-10-22,93.327,94.259,90.424,91.177,138715.0,349977945.0,25.83,26.09,25.02,25.23,True,斯迪克,False
2025-10-23,90.496,92.145,88.202,91.213,116473.0,293977852.0,25.04,25.5,24.4,25.24,True,斯迪克,False
2025-10-24,92.145,96.266,91.607,95.37,169148.0,446550720.0,25.5,26.65,25.35,26.4,True,斯迪克,False
2025-10-27,95.729,97.807,91.428,94.94,197996.0,520333488.0,26.5,27.08,25.3,26.28,True,斯迪克,False
2025-10-28,93.937,100.675,93.757,99.671,252660.0,697341600.0,26.0,27.88,25.95,27.6,True,斯迪克,False
2025-10-29,98.775,103.721,97.521,101.75,183946.0,518359828.0,27.35,28.73,27.0,28.18,True,斯迪克,False
2025-10-30,102.18,104.402,99.313,99.779,194944.0,538630272.0,28.3,28.92,27.5,27.63,True,斯迪克,False
2025-10-31,100.28,102.001,96.553,97.556,213315.0,576163815.0,27.77,28.25,26.73,27.01,True,斯迪克,False
2025-11-03,95.012,96.374,87.091,90.711,274211.0,688269610.0,26.3,26.68,24.09,25.1,True,斯迪克,False
2025-11-04,91.428,97.592,89.815,94.403,203415.0,531523395.0,25.3,27.02,24.85,26.13,True,斯迪克,False
2025-11-05,93.471,95.98,91.679,94.618,125107.0,327655233.0,25.87,26.57,25.37,26.19,True,斯迪克,False
2025-11-06,95.442,100.71,94.295,99.886,188839.0,522328674.0,26.42,27.89,26.1,27.66,True,斯迪克,False
2025-11-07,98.596,99.528,95.299,96.087,146977.0,390958820.0,27.3,27.56,26.38,26.6,True,斯迪克,False
2025-11-10,97.521,100.567,96.66,98.668,135580.0,370404560.0,27.0,27.85,26.76,27.32,True,斯迪克,False
2025-11-11,97.7,111.749,97.341,108.237,451405.0,1353763595.0,27.05,30.97,26.95,29.99,True,斯迪克,False
2025-11-12,108.237,110.351,104.008,105.047,267148.0,777400680.0,29.99,30.58,28.81,29.1,True,斯迪克,False
2025-11-13,105.585,106.086,102.287,104.724,202578.0,587678778.0,29.25,29.39,28.33,29.01,True,斯迪克,False
2025-11-14,103.363,109.635,99.958,106.732,288684.0,853638588.0,28.63,30.38,27.68,29.57,True,斯迪克,False
2025-11-17,113.434,115.441,107.878,111.534,356014.0,1100439274.0,31.44,32.0,29.89,30.91,True,斯迪克,False
2025-11-18,108.739,113.649,107.878,109.348,236102.0,715389060.0,30.13,31.5,29.89,30.3,True,斯迪克,False
2025-11-19,109.204,109.204,97.556,99.384,319298.0,878708096.0,30.26,30.26,27.01,27.52,True,斯迪克,False
2025-11-20,99.886,101.427,95.729,96.445,168815.0,450736050.0,27.66,28.09,26.5,26.7,True,斯迪克,False
2025-11-21,92.18,95.621,90.854,91.105,145657.0,367201297.0,25.51,26.47,25.14,25.21,True,斯迪克,False
2025-11-24,92.431,93.901,87.665,93.041,125551.0,323293825.0,25.58,25.99,24.25,25.75,True,斯迪克,False
2025-11-25,93.399,99.313,93.399,95.514,118117.0,312301348.0,25.85,27.5,25.85,26.44,True,斯迪克,False
2025-11-26,95.012,96.374,92.539,95.119,88337.0,232591321.0,26.3,26.68,25.61,26.33,True,斯迪克,False
2025-11-27,94.653,98.488,94.51,96.338,91382.0,243715794.00000003,26.2,27.27,26.16,26.67,True,斯迪克,False
2025-11-28,97.879,102.18,95.585,100.388,149542.0,415726760.0,27.1,28.3,26.46,27.8,True,斯迪克,False
2025-12-01,99.528,101.821,96.625,98.488,137786.0,375742422.0,27.56,28.2,26.75,27.27,True,斯迪克,False
2025-12-02,97.592,100.209,97.556,98.202,76881.0,209039439.0,27.02,27.75,27.01,27.19,True,斯迪克,False
2025-12-03,98.596,98.596,95.37,95.693,63465.0,168118785.0,27.3,27.3,26.4,26.49,True,斯迪克,False
2025-12-04,95.37,103.183,93.65,100.388,159231.0,442662180.0,26.4,28.58,25.92,27.8,True,斯迪克,False
2025-12-05,95.944,97.055,94.152,96.481,141211.0,377174581.0,26.56,26.87,26.06,26.71,True,斯迪克,False
2025-12-08,95.944,97.377,95.012,96.768,72048.0,193016592.0,26.56,26.96,26.3,26.79,True,斯迪克,False
2025-12-09,96.517,96.768,93.722,94.152,89101.0,232197206.0,26.72,26.79,25.94,26.06,True,斯迪克,False
2025-12-10,94.008,96.159,92.503,95.478,67748.0,179057964.0,26.02,26.62,25.6,26.43,True,斯迪克,False
2025-12-11,96.553,97.055,94.582,95.191,45694.0,120403690.0,26.73,26.87,26.18,26.35,True,斯迪克,False
2025-12-12,94.653,96.302,94.008,95.119,54288.0,142940304.0,26.2,26.66,26.02,26.33,True,斯迪克,False
2025-12-15,95.012,97.091,94.474,96.517,67954.0,181573088.0,26.3,26.88,26.15,26.72,True,斯迪克,False
2025-12-16,96.374,96.517,93.327,93.614,59664.0,154589424.0,26.68,26.72,25.83,25.91,True,斯迪克,False
2025-12-17,93.435,97.521,93.327,96.804,89704.0,240406720.0,25.86,27.0,25.83,26.8,True,斯迪克,False
2025-12-18,96.876,99.886,96.23,96.481,91073.0,243255983.0,26.82,27.66,26.64,26.71,True,斯迪克,False
2025-12-19,97.27,102.897,96.481,101.284,182787.0,512717535.0,26.93,28.5,26.71,28.05,True,斯迪克,False
2025-12-22,101.821,107.018,101.356,106.696,164149.0,485224444.0,28.2,29.65,28.07,29.56,True,斯迪克,False
2025-12-23,106.301,108.918,105.477,106.552,196433.0,579870216.0,29.45,30.18,29.22,29.52,True,斯迪克,False
2025-12-24,106.552,109.885,106.015,108.703,165012.0,497016144.0,29.52,30.45,29.37,30.12,True,斯迪克,False
2025-12-25,108.452,109.276,106.015,106.696,114864.0,339537984.0,30.05,30.28,29.37,29.56,True,斯迪克,False
2025-12-26,107.484,108.989,106.051,107.484,110888.0,330224464.0,29.78,30.2,29.38,29.78,True,斯迪克,False
2025-12-29,106.839,108.739,105.262,107.341,87035.0,258842090.0,29.6,30.13,29.16,29.74,True,斯迪克,False
2025-12-30,106.552,113.935,106.552,111.677,172462.0,533769890.0,29.52,31.58,29.52,30.95,True,斯迪克,False
2025-12-31,111.677,112.323,109.527,110.925,86707.0,266537318.0,30.95,31.13,30.35,30.74,True,斯迪克,False
2026-01-05,110.423,110.925,107.556,108.559,109843.0,330407744.0,30.6,30.74,29.8,30.08,True,斯迪克,False
2026-01-06,108.631,113.72,108.38,112.323,138499.0,431147387.0,30.1,31.52,30.03,31.13,True,斯迪克,False
2026-01-07,117.233,128.63,115.835,126.802,373024.0,1311925408.0,32.5,35.68,32.11,35.17,True,斯迪克,False
2026-01-08,126.121,126.766,118.559,120.315,234343.0,781768248.0,34.98,35.16,32.87,33.36,True,斯迪克,False
2026-01-09,120.1,122.824,116.946,119.347,164905.0,545670645.0,33.3,34.06,32.42,33.09,True,斯迪克,False
2026-01-12,119.455,124.687,117.519,122.035,194510.0,658221840.0000001,33.12,34.58,32.58,33.84,True,斯迪克,False
2026-01-13,121.748,127.483,120.387,122.788,231526.0,788346029.9999999,33.76,35.36,33.38,34.05,True,斯迪克,False
2026-01-14,122.214,132.931,121.318,126.157,253499.0,886993001.0,33.89,36.88,33.64,34.99,True,斯迪克,False
2026-01-15,124.938,127.555,123.075,126.444,110814.0,388624698.0,34.65,35.38,34.13,35.07,True,斯迪克,False
2026-01-16,128.666,134.149,128.02,131.533,271693.0,991407757.0,35.69,37.22,35.51,36.49,True,斯迪克,False
2026-01-19,134.185,141.245,134.185,137.948,248474.0,951158472.0,37.23,39.2,37.23,38.28,True,斯迪克,False
2026-01-20,137.948,139.346,130.816,135.081,195182.0,731542135.9999999,38.28,38.67,36.29,37.48,True,斯迪克,False
2026-01-21,134.113,139.346,133.862,136.945,134928.0,512726400.0,37.21,38.67,37.14,38.0,True,斯迪克,False
2026-01-22,135.224,137.948,129.311,131.891,192080.0,702820720.0000001,37.52,38.28,35.87,36.59,True,斯迪克,False
2026-01-23,133.934,138.557,131.82,131.927,161643.0,591613380.0,37.16,38.45,36.57,36.6,True,斯迪克,False
2026-01-26,145.367,157.983,145.367,150.205,487915.0,2034605550.0,40.35,43.87,40.35,41.7,True,斯迪克,False
2026-01-27,153.108,180.096,151.281,180.096,458028.0,2291972112.0,42.51,50.04,42.0,50.04,True,斯迪克,False
2026-01-28,194.36,200.74,172.247,176.655,536455.0,2632921140.0,54.02,55.8,47.85,49.08,True,斯迪克,False
2026-01-29,177.802,199.736,175.329,188.483,476177.0,2494215126.0,49.4,55.52,48.71,52.38,True,斯迪克,False
2026-01-30,190.92,216.796,190.705,210.668,469185.0,2748016545.0,53.06,60.28,53.0,58.57,True,斯迪克,False
2026-02-02,200.632,207.514,194.289,198.804,367124.0,2028727224.0,55.77,57.69,54.0,55.26,True,斯迪克,False
2026-02-03,207.693,210.417,188.913,194.79,382433.0,2070492262.0,57.74,58.5,52.5,54.14,True,斯迪克,False
2026-02-04,195.005,195.4,181.745,187.587,292675.0,1525714775.0,54.2,54.31,50.5,52.13,True,斯迪克,False
2026-02-05,185.83,186.798,174.72,179.773,236092.0,1179279540.0,51.64,51.91,48.54,49.95,True,斯迪克,False
2026-02-06,178.161,180.311,174.684,175.652,175377.0,855839760.0,49.5,50.1,48.53,48.8,True,斯迪克,False
2026-02-09,179.988,194.289,176.369,192.855,267972.0,1436329920.0,50.01,54.0,49.0,53.6,True,斯迪克,False
2026-02-10,190.275,200.023,187.479,194.253,234894.0,1268192706.0,52.88,55.6,52.1,53.99,True,斯迪克,False
2026-02-11,193.213,202.173,190.705,194.504,185686.0,1003818516.0,53.7,56.2,53.0,54.06,True,斯迪克,False
2026-02-12,198.374,200.274,188.124,189.02,174745.0,917935485.0,55.14,55.67,52.28,52.53,True,斯迪克,False
2026-02-13,188.805,203.213,187.121,197.944,211111.0,1161532722.0,52.47,56.49,52.0,55.02,True,斯迪克,False
2026-02-24,197.335,198.84,186.404,195.651,215528.0,1172041264.0,54.85,55.27,51.8,54.38,True,斯迪克,False
2026-02-25,198.41,198.948,181.924,185.149,223803.0,1151466435.0,55.15,55.3,50.55,51.45,True,斯迪克,False
2026-02-26,188.447,201.349,183.823,197.156,232249.0,1272724520.0,52.37,55.97,51.08,54.8,True,斯迪克,False
2026-02-27,195.4,200.346,189.199,199.199,164957.0,913366909.0,54.31,55.69,52.58,55.37,True,斯迪克,False
2026-03-02,196.26,208.445,194.324,200.812,197331.0,1101501642.0,54.55,57.95,54.01,55.82,True,斯迪克,False
2026-03-03,197.693,201.421,186.045,186.476,218568.0,1132619376.0,54.95,55.99,51.7,51.82,True,斯迪克,False
2026-03-04,182.856,191.744,179.953,183.644,191652.0,978000156.0,50.81,53.29,50.0,51.03,True,斯迪克,False
2026-03-05,189.522,191.171,182.999,185.615,143813.0,741787454.0,52.67,53.13,50.85,51.58,True,斯迪克,False
2026-03-06,184.11,187.085,181.207,182.641,116321.0,590329075.0,51.16,51.99,50.35,50.75,True,斯迪克,False
2026-03-09,176.369,190.633,173.86,188.447,200318.0,1049065366.0,49.0,52.98,48.3,52.37,True,斯迪克,False
2026-03-10,192.497,195.615,189.45,195.005,134885.0,731076700.0,53.5,54.37,52.65,54.2,True,斯迪克,False
2026-03-11,198.661,218.947,197.873,205.076,306504.0,1747379304.0,55.22,60.88,55.0,57.01,True,斯迪克,False
2026-03-12,205.542,211.098,199.45,202.89,177249.0,999684360.0,57.14,58.69,55.44,56.4,True,斯迪克,False
2026-03-13,205.041,205.041,188.196,188.662,209275.0,1097228825.0,57.0,57.0,52.3,52.43,True,斯迪克,False
2026-03-16,188.662,195.615,180.598,190.848,185188.0,982237152.0,52.43,54.37,50.18,53.04,True,斯迪克,False
2026-03-17,194.647,196.081,179.415,179.809,174597.0,872286612.0,54.1,54.5,49.85,49.96,True,斯迪克,False
2026-03-18,180.347,185.329,177.838,184.038,135733.0,694138562.0,50.11,51.5,49.41,51.14,True,斯迪克,False
2026-03-19,179.128,185.149,178.161,179.702,129331.0,645749683.0,49.77,51.45,49.5,49.93,True,斯迪克,False
2026-03-20,180.562,181.637,168.771,169.057,173181.0,813257976.0,50.17,50.47,46.88,46.96,True,斯迪克,False
2026-03-23,165.796,165.975,154.506,155.94,203716.0,882090280.0,46.05,46.1,42.9,43.3,True,斯迪克,False
2026-03-24,159.309,163.144,151.997,162.104,152542.0,686744084.0,44.24,45.31,42.2,45.02,True,斯迪克,False
2026-03-25,163.825,167.265,160.778,163.287,109258.0,495485030.0,45.5,46.46,44.65,45.35,True,斯迪克,False
2026-03-26,163.144,164.756,159.094,160.169,78096.0,347371008.0,45.31,45.76,44.18,44.48,True,斯迪克,False
2026-03-27,157.624,161.961,155.617,159.703,72306.0,320677110.0,43.77,44.98,43.21,44.35,True,斯迪克,False
2026-03-30,157.732,159.703,154.865,155.94,87023.0,376809590.0,43.8,44.35,43.0,43.3,True,斯迪克,False
2026-03-31,155.044,159.524,151.603,151.603,91748.0,386167332.00000006,43.05,44.3,42.09,42.09,True,斯迪克,False
2026-04-01,156.047,164.9,154.865,163.753,129647.0,589634556.0,43.33,45.8,43.0,45.48,True,斯迪克,False
2026-04-02,162.176,171.889,162.176,165.294,175404.0,805279763.9999999,45.04,47.75,45.04,45.91,True,斯迪克,False
2026-04-03,167.194,168.484,163.036,165.043,99634.0,456722256.00000006,46.44,46.8,45.28,45.84,True,斯迪克,False
2026-04-07,166.871,168.484,161.316,165.115,115915.0,531586190.0,46.35,46.8,44.8,45.86,True,斯迪克,False
2026-04-08,168.054,179.236,167.695,177.551,164118.0,809594094.0,46.68,49.8,46.58,49.33,True,斯迪克,False
2026-04-09,175.652,186.726,174.469,182.39,158070.0,801098760.0,48.8,51.89,48.47,50.68,True,斯迪克,False
2026-04-10,183.716,187.766,177.193,177.623,179113.0,883922655.0,51.05,52.18,49.23,49.35,True,斯迪克,False
2026-04-13,176.369,182.39,175.831,180.956,113818.0,572276904.0,49.0,50.68,48.85,50.28,True,斯迪克,False
2026-04-14,181.924,195.758,174.612,188.841,216118.0,1134187264.0,50.55,54.41,48.51,52.48,True,斯迪克,False
2026-04-15,189.199,193.321,185.902,186.941,110638.0,574764410.0,52.58,53.73,51.66,51.95,True,斯迪克,False
2026-04-16,184.755,200.74,184.684,195.686,229877.0,1250301003.0,51.34,55.8,51.32,54.39,True,斯迪克,False
2026-04-17,200.131,234.68,197.012,234.68,355091.0,2317678957.0,55.63,65.27,54.76,65.27,True,斯迪克,False
2026-04-20,234.68,247.941,230.129,245.827,345972.0,2365756536.0,65.27,68.97,64.0,68.38,True,斯迪克,False
2026-04-21,244.106,253.353,242.673,249.446,248169.0,1722044691.0,67.9,70.48,67.5,69.39,True,斯迪克,False
2026-04-22,251.633,255.037,244.608,249.841,177061.0,1230573950.0,70.0,70.95,68.04,69.5,True,斯迪克,False
2026-04-23,251.991,254.321,239.662,241.311,198670.0,1333473040.0,70.1,70.75,66.66,67.12,True,斯迪克,False
2026-04-24,239.662,249.805,237.583,246.543,202352.0,1387730016.0,66.66,69.49,66.08,68.58,True,斯迪克,False
2026-04-27,249.697,265.969,242.816,253.783,228881.0,1615899859.9999998,69.46,74.0,67.54,70.6,True,斯迪克,False
2026-04-28,255.862,265.682,248.049,258.836,162023.0,1166727623.0,71.18,73.92,69.0,72.01,True,斯迪克,False
2026-04-29,258.836,268.334,255.575,264.499,172455.0,1269096345.0,72.01,74.66,71.1,73.59,True,斯迪克,False
2026-04-30,265.969,268.836,259.338,266.685,171884.0,1275379280.0,74.0,74.8,72.15,74.2,True,斯迪克,False
2026-05-06,276.721,299.766,271.022,287.329,228490.0,1827006040.0,77.0,83.43,75.41,79.96,True,斯迪克,False
2026-05-07,299.694,305.393,282.312,298.332,214814.0,1783600642.0,83.41,85.0,78.56,83.03,True,斯迪克,False
2026-05-08,295.035,308.547,285.788,305.393,212839.0,1809131500.0,82.11,85.88,79.53,85.0,True,斯迪克,False
2026-05-11,307.185,330.481,294.927,326.467,292999.0,2662774912.0,85.5,92.0,82.08,90.88,True,斯迪克,False
2026-05-12,323.313,325.069,306.575,308.726,233204.0,2003921972.0,90.0,90.49,85.33,85.93,True,斯迪克,False
2026-05-13,301.809,315.213,294.282,313.242,222890.0,1943377910.0,84.0,87.74,81.9,87.19,True,斯迪克,False
2026-05-14,310.124,317.937,294.641,296.433,178234.0,1470430500.0,86.32,88.5,82.0,82.5,True,斯迪克,False
2026-05-15,293.96,303.959,285.681,300.375,232059.0,1940013240.0,81.81,84.6,79.5,83.6,True,斯迪克,False
2026-05-18,296.791,308.905,292.849,301.773,187163.0,1571982037.0,82.6,85.98,81.5,83.99,True,斯迪克,False
2026-05-19,309.012,312.561,276.721,290.483,282722.0,2285524648.0,86.01,87.0,77.0,80.84,True,斯迪克,False
2026-05-20,289.551,308.941,281.416,308.618,203866.0,1751208940.0,80.58,85.99,78.31,85.9,True,斯迪克,False
2026-05-21,312.561,332.559,297.329,298.189,256102.0,2125390498.0,87.0,92.58,82.75,82.99,True,斯迪克,False
2026-05-22,296.218,325.32,296.218,321.843,264944.0,2373633296.0,82.44,90.56,82.44,89.59,True,斯迪克,False
2026-05-25,316.145,318.653,294.641,305.93,264065.0,2248513475.0,88.0,88.7,82.0,85.15,True,斯迪克,False
2026-05-26,301.809,309.048,290.734,294.676,182994.0,1500733794.0,84.0,86.02,80.91,82.01,True,斯迪克,False
2026-05-27,301.809,304.568,283.315,284.641,201257.0,1594156696.9999998,84.0,84.77,78.84,79.21,True,斯迪克,False
2026-05-28,283.709,293.207,280.305,289.946,153906.0,1241867514.0,78.95,81.6,78.0,80.69,True,斯迪克,False
2026-05-29,296.791,298.189,269.553,273.567,180928.0,1377223936.0,82.6,82.99,75.0,76.12,True,斯迪克,False
2026-06-01,276.685,277.796,256.256,259.123,217073.0,1564879257.0,76.99,77.3,71.29,72.09,True,斯迪克,False
2026-06-02,262.17,289.766,251.633,277.724,296958.0,2294891424.0,72.94,80.64,70.0,77.28,True,斯迪克,False
2026-06-03,275.323,286.648,273.137,280.161,156349.0,1218896804.0,76.61,79.77,76.0,77.96,True,斯迪克,False
2026-06-04,276.721,307.149,274.929,299.515,214210.0,1785654560.0,77.0,85.49,76.5,83.36,True,斯迪克,False
2026-06-05,299.228,303.35,291.057,298.511,195623.0,1625235884.0,83.28,84.43,81.0,83.08,True,斯迪克,False
2026-06-08,287.473,304.497,268.477,270.664,236145.0,1778407995.0,80.0,84.75,74.7,75.31,True,斯迪克,False
2026-06-09,276.721,308.582,269.553,305.285,291514.0,2476994458.0,77.0,85.89,75.0,84.97,True,斯迪克,False
2026-06-10,299.802,305.034,284.856,292.419,177501.0,1444503138.0,83.44,84.9,79.27,81.38,True,斯迪克,False
2026-06-11,297.508,318.51,293.458,308.618,279953.0,2404796270.0,82.8,88.66,81.67,85.9,True,斯迪克,False
2026-06-12,313.743,317.937,282.813,289.516,268016.0,2159404912.0,87.33,88.5,78.7,80.57,True,斯迪克,False
2026-06-15,296.433,317.937,292.132,317.363,262662.0,2320356108.0,82.5,88.5,81.3,88.34,True,斯迪克,False
2026-06-16,317.937,362.593,314.675,348.401,363071.0,3521788700.0,88.5,100.96,87.59,97.0,True,斯迪克,False
2026-06-17,336.251,362.701,334.1,353.418,363213.0,3574015920.0,93.61,100.99,93.01,98.4,True,斯迪克,False
2026-06-18,359.153,378.793,353.848,364.529,324339.0,3292040850.0,100.0,105.48,98.52,101.5,True,斯迪克,False
2026-06-22,364.529,371.159,336.143,347.684,361256.0,3496958080.0,101.5,103.35,93.58,96.8,True,斯迪克,False
2026-06-23,348.401,348.58,326.897,336.036,229194.0,2144109870.0,97.0,97.05,91.0,93.55,True,斯迪克,False
2026-06-24,334.065,368.399,333.025,359.475,266309.0,2665486781.0,93.0,102.58,92.71,100.09,True,斯迪克,False
2026-06-25,366.321,430.582,359.153,423.235,352035.0,4149788580.0,102.0,119.93,100.0,117.88,True,斯迪克,False
2026-06-26,418.36,440.617,408.146,414.991,280376.0,3240585808.0,116.52,122.73,113.67,115.58,True,斯迪克,False
2026-06-29,427.643,448.717,382.592,400.763,295850.0,3301981850.0,119.11,124.99,106.54,111.61,True,斯迪克,False
2026-06-30,396.605,408.504,382.449,402.161,233852.0,2619142400.0,110.45,113.77,106.5,112.0,True,斯迪克,False
2026-07-01,418.145,430.833,384.599,391.624,303871.0,3314017126.0,116.46,120.0,107.1,109.06,True,斯迪克,False
2026-07-02,369.367,378.184,348.401,352.307,259155.0,2542051395.0,102.85,105.31,97.0,98.09,True,斯迪克,False
2026-07-03,353.167,358.436,331.197,340.91,226258.0,2147414678.0,98.33,99.8,92.2,94.91,True,斯迪克,False
2026-07-06,344.1,351.985,323.313,333.276,173624.0,1610883472.0,95.8,98.0,90.0,92.78,True,斯迪克,False
2026-07-07,331.448,335.283,317.937,319.37,156560.0,1391818400.0,92.27,93.34,88.5,88.9,True,斯迪克,False
2026-07-08,321.521,326.18,301.199,302.848,202077.0,1703307033.0000002,89.5,90.8,83.83,84.29,True,斯迪克,False
2026-07-09,310.769,323.313,303.601,323.313,170786.0,1537074000.0,86.5,90.0,84.5,90.0,True,斯迪克,False
2026-07-10,323.348,330.947,296.863,297.544,210940.0,1746794140.0,90.01,92.13,82.62,82.81,True,斯迪克,False
2026-07-13,295.608,302.454,275.645,278.441,193308.0,1497750384.0,82.27,84.18,76.7,77.48,True,斯迪克,False
2026-07-14,283.889,301.379,271.345,299.479,198975.0,1658456625.0,79.0,83.88,75.5,83.35,True,斯迪克,False
2026-07-15,301.809,305.357,274.463,276.219,163350.0,1255508100.0,84.0,84.99,76.37,76.86,True,斯迪克,False
2026-07-16,272.671,283.279,257.725,261.381,221593.0,1611424296.0,75.87,78.83,71.7,72.72,True,斯迪克,False
2026-07-17,259.768,262.385,229.412,229.806,253840.0,1622291440.0,72.27,73.0,63.8,63.91,True,斯迪克,False
2026-07-20,241.239,247.619,185.687,193.178,432576.0,2322500544.0,67.1,68.88,51.6,53.69,True,斯迪克,False
2026-07-21,200.74,223.964,176.189,221.957,399005.0,2462658860.0,55.8,62.28,48.95,61.72,True,斯迪克,False
2026-07-22,220.846,230.236,212.89,215.864,293024.0,1758730048.0,61.41,64.03,59.19,60.02,True,斯迪克,False
2026-07-23,217.405,231.813,210.954,212.567,250058.0,1477842780.0,60.45,64.47,58.65,59.1,True,斯迪克,False
2026-07-24,207.299,215.721,202.424,206.761,181304.0,1042135392.0,57.63,59.98,56.27,57.48,True,斯迪克,False
2026-07-27,206.24,230.34,204.686,227.234,376654.0,1702099426.0,41.0,45.81,40.69,45.19,True,斯迪克,False
2026-07-28,223.576,226.883,206.39,207.492,298794.0,1232525250.0,44.46,45.12,41.03,41.25,True,斯迪克,False
2026-07-29,211.651,224.478,194.214,206.991,460283.0,1894064545.0,42.08,44.64,38.6,41.15,True,斯迪克,False
2026-07-30,204.937,211.0,188.001,192.461,375232.0,1435262400.0,40.74,41.95,37.36,38.25,True,斯迪克,False
2026-07-31,209.146,228.787,203.734,209.496,506104.0,2107923160.0,41.58,45.5,40.5,41.65,True,斯迪克,False
2026-08-03,209.496,210.599,195.116,197.571,336759.0,1322452593.0,41.65,41.87,38.78,39.27,True,斯迪克,False
2026-08-04,198.724,213.204,194.715,210.649,327874.0,1373136312.0,39.5,42.39,38.7,41.88,True,斯迪克,False
2026-08-05,213.705,235.952,210.799,230.892,382002.0,1754153184.0,42.49,46.93,41.91,45.92,True,斯迪克,False
2026-08-06,226.282,242.015,222.574,236.153,352882.0,1657486754.0,45.0,48.14,44.26,46.97,True,斯迪克,False
2026-08-07,236.052,244.821,229.388,240.762,383088.0,1834608432.0,46.95,48.7,45.62,47.89,True,斯迪克,False
2026-08-10,242.215,244.821,229.789,236.854,326105.0,1536280655.0,48.18,48.7,45.7,47.11,True,斯迪克,False
2026-08-11,234.299,255.243,234.299,244.621,426748.0,2076555768.0,46.6,50.78,46.6,48.66,True,斯迪克,False
2026-08-12,244.621,254.592,241.013,250.834,313260.0,1563167400.0,48.66,50.65,47.94,49.9,True,斯迪克,False
2026-08-13,254.642,257.147,241.314,241.364,296893.0,1425383293.0,50.66,51.16,48.0,48.01,True,斯迪克,False
2026-08-14,246.324,247.827,240.011,244.821,222370.0,1082941900.0,49.0,49.3,47.74,48.7,True,斯迪克,False
2026-08-17,248.829,259.352,245.973,259.101,301276.0,1553077780.0,49.5,51.6,48.93,51.55,True,斯迪克,False
2026-08-18,262.609,274.884,259.151,271.477,411582.0,2223365964.0,52.25,54.7,51.56,54.02,True,斯迪克,False
2026-08-19,264.011,265.064,231.393,235.201,481987.0,2254735186.0,52.53,52.74,46.02,46.78,True,斯迪克,False
2026-08-20,236.654,242.817,230.791,235.802,249067.0,1168124230.0,47.07,48.3,45.9,46.9,True,斯迪克,False
2026-08-21,233.798,254.091,231.944,251.585,333286.0,1668096430.0,46.5,50.55,46.13,50.05,True,斯迪克,False
2026-08-24,252.387,256.596,240.813,252.337,312503.0,1568765060.0,50.21,51.05,47.9,50.2,True,斯迪克,False
2026-08-25,246.374,260.855,234.299,256.345,327021.0,1667807100.0,49.01,51.9,46.6,51.0,True,斯迪克,False
2026-08-26,260.354,260.354,246.324,251.886,237543.0,1190327973.0,51.8,51.8,49.0,50.11,True,斯迪克,False
2026-08-27,255.85706246258232,263.2965212532429,251.634666932748,258.8227926561565,304415.0,1558900000.0,50.9,52.38,50.06,51.49,True,斯迪克,True
