date,open,high,low,close,volume,amount,raw_open,raw_high,raw_low,raw_close,tradable,name,provisional
2021-06-03,61.2,79.55,60.6,68.2,142602.0,972545640.0,61.2,79.55,60.6,68.2,True,普联软件,False
2021-06-04,58.0,59.8,52.75,53.38,111900.0,597322200.0,58.0,59.8,52.75,53.38,True,普联软件,False
2021-06-07,50.6,53.28,49.5,49.78,72243.0,359625654.0,50.6,53.28,49.5,49.78,True,普联软件,False
2021-06-08,50.3,55.3,49.41,51.18,81800.0,418652400.0,50.3,55.3,49.41,51.18,True,普联软件,False
2021-06-09,50.01,50.8,47.8,48.2,67052.0,323190640.0,50.01,50.8,47.8,48.2,True,普联软件,False
2021-06-10,50.29,57.84,50.26,57.84,64622.0,373773648.0,50.29,57.84,50.26,57.84,True,普联软件,False
2021-06-11,64.76,69.41,62.5,69.41,124311.0,862842651.0,64.76,69.41,62.5,69.41,True,普联软件,False
2021-06-15,65.27,65.99,59.79,60.0,95464.0,572784000.0,65.27,65.99,59.79,60.0,True,普联软件,False
2021-06-16,59.0,71.5,58.9,68.05,108539.0,738607895.0,59.0,71.5,58.9,68.05,True,普联软件,False
2021-06-17,64.1,69.56,61.2,65.73,84995.0,558672135.0,64.1,69.56,61.2,65.73,True,普联软件,False
2021-06-18,64.15,66.6,61.28,62.82,64079.0,402544278.0,64.15,66.6,61.28,62.82,True,普联软件,False
2021-06-21,61.92,68.74,61.4,65.33,63618.0,415616394.0,61.92,68.74,61.4,65.33,True,普联软件,False
2021-06-22,65.35,65.4,62.56,63.93,51700.0,330518100.0,65.35,65.4,62.56,63.93,True,普联软件,False
2021-06-23,63.8,64.09,61.5,62.27,45457.0,283060739.0,63.8,64.09,61.5,62.27,True,普联软件,False
2021-06-24,62.99,65.85,59.63,60.09,52646.0,316349814.0,62.99,65.85,59.63,60.09,True,普联软件,False
2021-06-25,57.77,58.66,54.8,55.0,56933.0,313131500.0,57.77,58.66,54.8,55.0,True,普联软件,False
2021-06-28,54.27,56.64,54.27,55.63,32061.0,178355343.0,54.27,56.64,54.27,55.63,True,普联软件,False
2021-06-29,55.02,56.9,54.71,54.78,29412.0,161118936.0,55.02,56.9,54.71,54.78,True,普联软件,False
2021-06-30,54.71,56.59,54.71,56.39,27693.0,156160827.0,54.71,56.59,54.71,56.39,True,普联软件,False
2021-07-01,56.28,56.28,52.53,52.82,28873.0,152507186.0,56.28,56.28,52.53,52.82,True,普联软件,False
2021-07-02,53.38,55.21,52.6,55.21,28023.0,154714983.0,53.38,55.21,52.6,55.21,True,普联软件,False
2021-07-05,56.6,56.6,53.75,54.4,24028.0,130712320.0,56.6,56.6,53.75,54.4,True,普联软件,False
2021-07-06,53.87,56.4,53.39,54.95,29975.0,164712625.0,53.87,56.4,53.39,54.95,True,普联软件,False
2021-07-07,53.87,54.9,52.27,54.7,26507.0,144993290.0,53.87,54.9,52.27,54.7,True,普联软件,False
2021-07-08,54.52,57.0,53.25,56.68,40528.0,229712704.0,54.52,57.0,53.25,56.68,True,普联软件,False
2021-07-09,57.2,64.0,57.0,59.8,62277.0,372416460.0,57.2,64.0,57.0,59.8,True,普联软件,False
2021-07-12,58.75,62.34,58.6,61.45,44146.0,271277170.0,58.75,62.34,58.6,61.45,True,普联软件,False
2021-07-13,60.82,62.27,60.0,60.0,32477.0,194862000.0,60.82,62.27,60.0,60.0,True,普联软件,False
2021-07-14,59.6,65.77,59.49,63.8,49148.0,313564240.0,59.6,65.77,59.49,63.8,True,普联软件,False
2021-07-15,63.5,65.28,61.55,62.4,36405.0,227167200.0,63.5,65.28,61.55,62.4,True,普联软件,False
2021-07-16,60.46,61.564,55.548,56.076,59306.0,206740716.0,37.6,38.29,34.53,34.86,True,普联软件,False
2021-07-19,54.7,55.26,52.14,54.268,48139.0,162372846.99999997,34.0,34.35,32.4,33.73,True,普联软件,False
2021-07-20,53.436,56.268,53.116,55.468,38609.0,133123832.0,33.21,34.98,33.01,34.48,True,普联软件,False
2021-07-21,54.796,55.836,54.108,55.084,39630.0,135693120.0,34.06,34.71,33.63,34.24,True,普联软件,False
2021-07-22,54.988,54.988,52.796,53.692,39500.0,131811500.0,34.18,34.18,32.81,33.37,True,普联软件,False
2021-07-23,53.708,55.82,53.02,53.02,39568.0,130376560.0,33.38,34.7,32.95,32.95,True,普联软件,False
2021-07-26,52.284,52.3,49.42,50.316,41290.0,129072540.0,32.49,32.5,30.7,31.26,True,普联软件,False
2021-07-27,51.18,52.076,49.756,49.884,30405.0,94225095.0,31.8,32.36,30.91,30.99,True,普联软件,False
2021-07-28,50.14,50.444,47.18,48.124,28390.0,84857710.0,31.15,31.34,29.3,29.89,True,普联软件,False
2021-07-29,48.62,49.66,48.62,49.1,23189.0,70726450.0,30.2,30.85,30.2,30.5,True,普联软件,False
2021-07-30,51.468,54.14,50.828,50.94,51111.0,161766315.0,31.98,33.65,31.58,31.65,True,普联软件,False
2021-08-02,49.26,54.684,48.476,53.436,51466.0,170918586.0,30.6,33.99,30.11,33.21,True,普联软件,False
2021-08-03,52.62,62.06,52.62,57.564,85468.0,305889972.0,32.7,38.6,32.7,35.79,True,普联软件,False
2021-08-04,55.98,57.58,55.228,56.556,50717.0,178320971.99999997,34.8,35.8,34.33,35.16,True,普联软件,False
2021-08-05,55.82,56.908,53.068,54.06,47217.0,158649120.0,34.7,35.38,32.98,33.6,True,普联软件,False
2021-08-06,54.348,54.86,52.684,53.196,30552.0,101004912.0,33.78,34.1,32.74,33.06,True,普联软件,False
2021-08-09,53.212,54.236,52.812,53.932,25750.0,86314000.00000001,33.07,33.71,32.82,33.52,True,普联软件,False
2021-08-10,53.74,53.868,51.596,52.044,35696.0,115440864.0,33.4,33.48,32.06,32.34,True,普联软件,False
2021-08-11,52.476,52.476,51.26,51.516,25673.0,82179273.0,32.61,32.61,31.85,32.01,True,普联软件,False
2021-08-12,51.372,53.868,51.372,53.26,38298.0,126766380.0,31.92,33.48,31.92,33.1,True,普联软件,False
2021-08-13,53.1,53.1,50.972,51.484,31184.0,99757616.0,33.0,33.0,31.67,31.99,True,普联软件,False
2021-08-16,51.084,55.5,50.86,55.276,52784.0,181365824.0,31.74,34.5,31.6,34.36,True,普联软件,False
2021-08-17,54.7,55.148,52.94,53.196,42135.0,139298310.0,34.0,34.28,32.9,33.06,True,普联软件,False
2021-08-18,52.3,58.38,52.3,58.06,68786.0,248317460.0,32.5,36.3,32.5,36.1,True,普联软件,False
2021-08-19,57.1,57.708,55.18,55.66,50020.0,173069200.0,35.5,35.88,34.3,34.6,True,普联软件,False
2021-08-20,54.62,55.66,52.828,54.732,42070.0,143122140.0,33.95,34.6,32.83,34.02,True,普联软件,False
2021-08-23,54.828,58.684,54.188,56.94,51842.0,183520680.0,34.08,36.49,33.68,35.4,True,普联软件,False
2021-08-24,56.54,56.94,55.036,55.18,39671.0,136071530.0,35.15,35.4,34.21,34.3,True,普联软件,False
2021-08-25,54.908,57.18,54.444,54.652,34431.0,116962107.0,34.13,35.55,33.84,33.97,True,普联软件,False
2021-08-26,53.74,55.34,52.908,54.092,26188.0,88044056.0,33.4,34.4,32.88,33.62,True,普联软件,False
2021-08-27,53.82,53.82,51.276,52.3,32299.0,104971750.0,33.45,33.45,31.86,32.5,True,普联软件,False
2021-08-30,53.084,54.652,52.412,52.812,23942.0,78577644.0,32.99,33.97,32.57,32.82,True,普联软件,False
2021-08-31,52.412,53.58,51.388,53.34,21733.0,72044895.0,32.57,33.3,31.93,33.15,True,普联软件,False
2021-09-01,52.444,55.66,52.444,55.276,40368.0,138704448.0,32.59,34.6,32.59,34.36,True,普联软件,False
2021-09-02,54.62,58.092,54.236,56.22,59920.0,209420400.00000003,33.95,36.12,33.71,34.95,True,普联软件,False
2021-09-03,57.852,60.396,55.244,55.34,48936.0,168339840.0,35.97,37.56,34.34,34.4,True,普联软件,False
2021-09-06,56.492,64.236,56.316,60.332,97992.0,367665984.00000006,35.12,39.96,35.01,37.52,True,普联软件,False
2021-09-07,59.5,59.98,57.276,58.7,74725.0,272746250.0,37.0,37.3,35.61,36.5,True,普联软件,False
2021-09-08,58.7,58.7,56.492,57.58,39203.0,140346740.0,36.5,36.5,35.12,35.8,True,普联软件,False
2021-09-09,57.9,58.412,56.668,57.996,40246.0,145127076.0,36.0,36.32,35.23,36.06,True,普联软件,False
2021-09-10,57.836,57.836,56.54,57.228,26916.0,95767128.0,35.96,35.96,35.15,35.58,True,普联软件,False
2021-09-13,57.132,57.132,54.252,55.1,34893.0,119508525.0,35.52,35.52,33.72,34.25,True,普联软件,False
2021-09-14,55.5,57.884,54.764,56.268,38337.0,134102826.0,34.5,35.99,34.04,34.98,True,普联软件,False
2021-09-15,56.3,56.3,54.348,54.86,24048.0,82003680.0,35.0,35.0,33.78,34.1,True,普联软件,False
2021-09-16,54.78,56.108,54.428,54.732,22550.0,76715100.0,34.05,34.88,33.83,34.02,True,普联软件,False
2021-09-17,54.908,57.612,54.46,57.468,34819.0,124408287.0,34.13,35.82,33.85,35.73,True,普联软件,False
2021-09-22,56.732,58.652,56.38,57.788,29261.0,105134773.0,35.27,36.47,35.05,35.93,True,普联软件,False
2021-09-23,58.412,58.828,56.7,57.884,36698.0,132076102.0,36.32,36.58,35.25,35.99,True,普联软件,False
2021-09-24,57.58,61.036,57.58,58.14,53860.0,194703900.0,35.8,37.96,35.8,36.15,True,普联软件,False
2021-09-27,57.74,58.86,51.02,51.116,57507.0,182642232.0,35.9,36.6,31.7,31.76,True,普联软件,False
2021-09-28,49.9,51.372,49.516,50.62,26993.0,84892985.0,31.0,31.92,30.76,31.45,True,普联软件,False
2021-09-29,50.508,50.508,48.108,48.204,23800.0,71257200.0,31.38,31.38,29.88,29.94,True,普联软件,False
2021-09-30,48.076,49.82,48.076,49.42,15595.0,47876650.0,29.86,30.95,29.86,30.7,True,普联软件,False
2021-10-08,50.028,53.1,50.028,52.172,25746.0,83468532.0,31.08,33.0,31.08,32.42,True,普联软件,False
2021-10-11,52.204,52.844,51.468,51.948,17704.0,57148512.0,32.44,32.84,31.98,32.28,True,普联软件,False
2021-10-12,51.692,52.38,49.82,50.908,18199.0,57563437.0,32.12,32.55,30.95,31.63,True,普联软件,False
2021-10-13,50.62,51.708,50.3,51.068,13918.0,44161814.0,31.45,32.13,31.25,31.73,True,普联软件,False
2021-10-14,50.908,51.5,50.316,50.732,13531.0,42649712.0,31.63,32.0,31.26,31.52,True,普联软件,False
2021-10-15,50.668,52.268,50.204,51.02,16226.0,51436420.0,31.48,32.48,31.19,31.7,True,普联软件,False
2021-10-18,50.716,51.676,50.06,51.052,11380.0,36097360.0,31.51,32.11,31.1,31.72,True,普联软件,False
2021-10-19,51.436,51.948,50.844,51.82,14547.0,46841340.00000001,31.96,32.28,31.59,32.2,True,普联软件,False
2021-10-20,54.38,57.58,52.588,52.588,40065.0,130932420.0,33.8,35.8,32.68,32.68,True,普联软件,False
2021-10-21,51.82,52.86,51.356,51.468,25367.0,81123666.0,32.2,32.85,31.91,31.98,True,普联软件,False
2021-10-22,51.052,53.292,51.02,52.172,23063.0,74770246.0,31.72,33.12,31.7,32.42,True,普联软件,False
2021-10-25,51.836,52.188,50.476,52.156,14670.0,47545469.99999999,32.21,32.43,31.36,32.41,True,普联软件,False
2021-10-26,52.748,53.516,51.5,51.676,17285.0,55502135.0,32.78,33.26,32.0,32.11,True,普联软件,False
2021-10-27,51.676,51.996,49.756,50.284,18234.0,56963016.0,32.11,32.31,30.91,31.24,True,普联软件,False
2021-10-28,50.508,50.956,48.332,48.972,13782.0,41924844.0,31.38,31.66,30.02,30.42,True,普联软件,False
2021-10-29,48.972,49.66,48.508,49.164,10843.0,33114522.0,30.42,30.85,30.13,30.54,True,普联软件,False
2021-11-01,48.908,50.348,48.908,49.884,10532.0,32638668.0,30.38,31.28,30.38,30.99,True,普联软件,False
2021-11-02,50.188,50.46,47.772,48.492,15412.0,46420944.0,31.18,31.35,29.67,30.12,True,普联软件,False
2021-11-03,48.3,49.26,47.852,49.148,8896.0,27159488.0,30.0,30.6,29.72,30.53,True,普联软件,False
2021-11-04,49.564,50.06,48.988,49.964,14199.0,44073696.0,30.79,31.1,30.43,31.04,True,普联软件,False
2021-11-05,50.732,52.124,50.508,51.228,26989.0,85905987.0,31.52,32.39,31.38,31.83,True,普联软件,False
2021-11-08,50.956,51.9,50.012,51.564,18275.0,58553100.0,31.66,32.25,31.07,32.04,True,普联软件,False
2021-11-09,51.5,52.556,51.036,52.22,21490.0,69735050.0,32.0,32.66,31.71,32.45,True,普联软件,False
2021-11-10,52.22,53.34,51.596,53.292,24735.0,81922320.0,32.45,33.15,32.06,33.12,True,普联软件,False
2021-11-11,52.684,53.612,52.38,52.62,21213.0,69366510.0,32.74,33.32,32.55,32.7,True,普联软件,False
2021-11-12,52.54,53.98,52.06,53.708,29853.0,99649314.0,32.65,33.55,32.35,33.38,True,普联软件,False
2021-11-15,53.836,55.116,53.836,54.54,25081.0,85024590.0,33.46,34.26,33.46,33.9,True,普联软件,False
2021-11-16,54.716,58.636,54.06,56.172,58076.0,202801392.0,34.01,36.46,33.6,34.92,True,普联软件,False
2021-11-17,55.948,58.236,55.34,58.204,56974.0,206188906.0,34.78,36.21,34.4,36.19,True,普联软件,False
2021-11-18,58.22,58.924,55.068,55.196,40743.0,139789233.0,36.2,36.64,34.23,34.31,True,普联软件,False
2021-11-19,55.756,59.436,55.212,57.532,40249.0,143970673.0,34.66,36.96,34.32,35.77,True,普联软件,False
2021-11-22,56.3,57.9,56.14,57.276,30764.0,109550604.0,35.0,36.0,34.9,35.61,True,普联软件,False
2021-11-23,56.78,58.7,56.78,57.964,30583.0,110221132.0,35.3,36.5,35.3,36.04,True,普联软件,False
2021-11-24,58.7,58.956,56.796,57.9,30853.0,111070800.0,36.5,36.66,35.31,36.0,True,普联软件,False
2021-11-25,57.9,59.5,56.588,57.98,35772.0,128958060.0,36.0,37.0,35.18,36.05,True,普联软件,False
2021-11-26,58.012,59.436,56.908,58.892,33298.0,121937276.0,36.07,36.96,35.38,36.62,True,普联软件,False
2021-11-29,57.116,58.924,56.476,57.26,23903.0,85094680.0,35.51,36.64,35.11,35.6,True,普联软件,False
2021-11-30,57.708,58.476,56.428,56.844,24877.0,87915318.00000001,35.88,36.36,35.08,35.34,True,普联软件,False
2021-12-01,57.02,61.02,56.364,60.156,70221.0,262696761.0,35.45,37.95,35.04,37.41,True,普联软件,False
2021-12-02,58.908,59.596,55.388,56.188,52127.0,182079611.0,36.63,37.06,34.43,34.93,True,普联软件,False
2021-12-03,55.98,56.284,54.38,54.572,35213.0,119442496.0,34.8,34.99,33.8,33.92,True,普联软件,False
2021-12-06,54.22,54.348,51.388,51.548,30667.0,98226401.0,33.7,33.78,31.93,32.03,True,普联软件,False
2021-12-07,51.708,52.108,50.86,51.82,19269.0,62046180.00000001,32.13,32.38,31.6,32.2,True,普联软件,False
2021-12-08,52.028,52.364,51.564,52.028,13794.0,44596002.0,32.33,32.54,32.04,32.33,True,普联软件,False
2021-12-09,51.948,52.732,51.788,52.508,16918.0,55203434.00000001,32.28,32.77,32.18,32.63,True,普联软件,False
2021-12-10,53.18,53.18,51.74,52.172,21050.0,68244100.0,33.05,33.05,32.15,32.42,True,普联软件,False
2021-12-13,51.868,52.492,51.548,52.06,12273.0,39703155.0,32.23,32.62,32.03,32.35,True,普联软件,False
2021-12-14,51.82,53.228,51.676,52.828,19635.0,64461705.0,32.2,33.08,32.11,32.83,True,普联软件,False
2021-12-15,52.492,54.188,52.492,53.356,26065.0,86431539.99999999,32.62,33.68,32.62,33.16,True,普联软件,False
2021-12-16,53.436,54.38,53.18,54.22,20283.0,68353710.0,33.21,33.8,33.05,33.7,True,普联软件,False
2021-12-17,54.172,54.172,51.756,51.756,24447.0,78621551.99999999,33.67,33.67,32.16,32.16,True,普联软件,False
2021-12-20,54.012,54.156,50.444,50.54,20165.0,63318100.0,33.57,33.66,31.34,31.4,True,普联软件,False
2021-12-21,50.62,52.028,50.54,51.852,14203.0,45762066.0,31.45,32.33,31.4,32.22,True,普联软件,False
2021-12-22,51.836,53.516,51.532,51.964,19224.0,62074296.0,32.21,33.26,32.02,32.29,True,普联软件,False
2021-12-23,51.964,52.268,51.068,51.1,12173.0,38649275.0,32.29,32.48,31.73,31.75,True,普联软件,False
2021-12-24,51.036,51.66,49.5,49.644,14901.0,45954684.0,31.71,32.1,30.75,30.84,True,普联软件,False
2021-12-27,49.724,50.124,48.812,49.324,11984.0,36718976.0,30.89,31.14,30.32,30.64,True,普联软件,False
2021-12-28,49.628,50.908,49.26,50.46,14591.0,45742785.0,30.83,31.63,30.6,31.35,True,普联软件,False
2021-12-29,50.7,50.892,49.596,50.268,10363.0,32363649.0,31.5,31.62,30.81,31.23,True,普联软件,False
2021-12-30,50.188,51.148,50.188,50.508,10770.0,33796260.0,31.18,31.78,31.18,31.38,True,普联软件,False
2021-12-31,50.572,51.244,50.348,50.844,10362.0,32733558.0,31.42,31.84,31.28,31.59,True,普联软件,False
2022-01-04,51.292,52.236,50.636,52.012,18680.0,60373760.0,31.87,32.46,31.46,32.32,True,普联软件,False
2022-01-05,51.66,52.54,50.396,50.812,14750.0,46565750.0,32.1,32.65,31.31,31.57,True,普联软件,False
2022-01-06,50.668,51.868,50.476,51.5,13072.0,41830400.0,31.48,32.23,31.36,32.0,True,普联软件,False
2022-01-07,51.836,52.14,51.228,51.724,16039.0,51549346.0,32.21,32.4,31.83,32.14,True,普联软件,False
2022-01-10,51.74,52.588,49.58,52.044,20185.0,65278290.00000001,32.15,32.68,30.8,32.34,True,普联软件,False
2022-01-11,52.092,52.332,51.356,51.532,10989.0,35186778.0,32.37,32.52,31.91,32.02,True,普联软件,False
2022-01-12,52.14,52.796,51.676,52.38,12423.0,40436865.0,32.4,32.81,32.11,32.55,True,普联软件,False
2022-01-13,52.748,54.028,52.108,53.004,23704.0,78080976.0,32.78,33.58,32.38,32.94,True,普联软件,False
2022-01-14,52.636,54.316,52.412,53.596,18800.0,62622800.00000001,32.71,33.76,32.57,33.31,True,普联软件,False
2022-01-17,54.7,64.108,53.628,61.276,129529.0,493635019.0,34.0,39.88,33.33,38.11,True,普联软件,False
2022-01-18,67.788,73.468,64.828,65.58,179447.0,732143760.0,42.18,45.73,40.33,40.8,True,普联软件,False
2022-01-19,62.364,72.588,62.188,67.98,131565.0,556519950.0,38.79,45.18,38.68,42.3,True,普联软件,False
2022-01-20,68.028,69.292,64.3,65.916,88631.0,363475731.0,42.33,43.12,40.0,41.01,True,普联软件,False
2022-01-21,65.852,71.98,65.26,67.356,77170.0,323419470.0,40.97,44.8,40.6,41.91,True,普联软件,False
2022-01-24,65.82,68.876,64.748,66.62,67224.0,278643480.0,40.95,42.86,40.28,41.45,True,普联软件,False
2022-01-25,68.028,70.572,65.1,66.668,76186.0,316019528.0,42.33,43.92,40.5,41.48,True,普联软件,False
2022-01-26,66.972,71.756,61.02,69.084,113594.0,488340606.0,41.67,44.66,37.95,42.99,True,普联软件,False
2022-01-27,67.516,68.54,62.492,62.684,67077.0,261533223.0,42.01,42.65,38.87,38.99,True,普联软件,False
2022-01-28,63.612,70.684,62.684,66.38,65633.0,271064290.0,39.57,43.99,38.99,41.3,True,普联软件,False
2022-02-07,68.396,76.908,66.348,73.58,120099.0,550053420.0,42.56,47.88,41.28,45.8,True,普联软件,False
2022-02-08,72.508,72.876,68.028,70.572,93591.0,411051672.0,45.13,45.36,42.33,43.92,True,普联软件,False
2022-02-09,69.1,74.828,68.14,71.324,85797.0,380852883.0,43.0,46.58,42.4,44.39,True,普联软件,False
2022-02-10,70.7,71.116,64.3,67.212,74718.0,312470676.0,44.0,44.26,40.0,41.82,True,普联软件,False
2022-02-11,67.18,67.18,61.66,61.9,68340.0,263109000.0,41.8,41.8,38.35,38.5,True,普联软件,False
2022-02-14,61.116,62.54,59.58,61.548,43380.0,166058640.0,38.01,38.9,37.05,38.28,True,普联软件,False
2022-02-15,61.708,63.212,60.3,61.98,37790.0,145680450.0,38.38,39.32,37.5,38.55,True,普联软件,False
2022-02-16,63.148,63.276,59.26,60.316,41654.0,156244154.0,39.28,39.36,36.85,37.51,True,普联软件,False
2022-02-17,60.124,60.988,58.94,59.724,35820.0,133035480.0,37.39,37.93,36.65,37.14,True,普联软件,False
2022-02-18,59.532,61.26,59.244,60.652,25897.0,97683484.0,37.02,38.1,36.84,37.72,True,普联软件,False
2022-02-21,60.94,63.82,60.62,63.484,47473.0,187470877.0,37.9,39.7,37.7,39.49,True,普联软件,False
2022-02-22,62.7,62.7,58.668,59.804,45619.0,169657061.0,39.0,39.0,36.48,37.19,True,普联软件,False
2022-02-23,59.436,62.012,58.204,61.244,37273.0,141972857.0,36.96,38.57,36.19,38.09,True,普联软件,False
2022-02-24,60.316,61.884,56.46,58.3,37446.0,135741750.0,37.51,38.49,35.1,36.25,True,普联软件,False
2022-02-25,58.22,60.556,58.22,60.396,24615.0,92453940.0,36.2,37.66,36.2,37.56,True,普联软件,False
2022-02-28,60.588,61.58,58.86,59.9,20681.0,77036725.0,37.68,38.3,36.6,37.25,True,普联软件,False
2022-03-01,59.964,60.732,59.356,59.82,17038.0,63381360.00000001,37.29,37.77,36.91,37.2,True,普联软件,False
2022-03-02,59.772,60.428,58.764,60.044,17096.0,63836464.00000001,37.17,37.58,36.54,37.34,True,普联软件,False
2022-03-03,62.988,63.324,59.004,59.004,52721.0,193433349.0,39.18,39.39,36.69,36.69,True,普联软件,False
2022-03-04,57.276,58.844,55.644,56.38,45123.0,158156115.0,35.61,36.59,34.59,35.05,True,普联软件,False
2022-03-07,55.196,55.852,53.9,54.652,29952.0,101746944.0,34.31,34.72,33.5,33.97,True,普联软件,False
2022-03-08,54.684,55.484,52.268,52.46,24866.0,81063160.0,33.99,34.49,32.48,32.6,True,普联软件,False
2022-03-09,52.716,53.292,49.9,51.66,22114.0,70985940.0,32.76,33.12,31.0,32.1,True,普联软件,False
2022-03-10,53.1,53.42,51.308,51.868,18396.0,59290307.99999999,33.0,33.2,31.88,32.23,True,普联软件,False
2022-03-11,50.876,51.484,49.724,51.34,29620.0,94487800.0,31.61,31.99,30.89,31.9,True,普联软件,False
2022-03-14,50.572,51.452,49.9,50.06,19277.0,59951470.0,31.42,31.97,31.0,31.1,True,普联软件,False
2022-03-15,50.748,51.132,48.78,49.02,25011.0,76158495.0,31.53,31.77,30.3,30.45,True,普联软件,False
2022-03-16,49.356,50.38,47.692,50.22,23803.0,74265360.0,30.66,31.3,29.62,31.2,True,普联软件,False
2022-03-17,50.732,52.3,50.396,51.004,26209.0,83056321.0,31.52,32.5,31.31,31.69,True,普联软件,False
2022-03-18,51.004,51.004,49.42,50.508,20349.0,63855162.0,31.69,31.69,30.7,31.38,True,普联软件,False
2022-03-21,51.068,51.58,50.332,51.18,19577.0,62254860.0,31.73,32.05,31.27,31.8,True,普联软件,False
2022-03-22,50.78,51.372,50.3,51.148,16599.0,52751622.0,31.55,31.92,31.25,31.78,True,普联软件,False
2022-03-23,50.988,52.716,50.668,52.284,27035.0,87836715.0,31.68,32.76,31.48,32.49,True,普联软件,False
2022-03-24,51.948,51.948,50.556,50.748,18422.0,58084566.0,32.28,32.28,31.41,31.53,True,普联软件,False
2022-03-25,50.748,51.756,50.252,50.348,11580.0,36222240.0,31.53,32.16,31.22,31.28,True,普联软件,False
2022-03-28,50.46,52.524,49.1,51.02,24730.0,78394100.0,31.35,32.64,30.5,31.7,True,普联软件,False
2022-03-29,51.26,51.26,49.356,49.708,19614.0,60568032.0,31.85,31.85,30.66,30.88,True,普联软件,False
2022-03-30,50.46,54.38,50.46,54.14,42690.0,143651850.0,31.35,33.8,31.35,33.65,True,普联软件,False
2022-03-31,52.508,53.084,50.332,51.58,52623.0,168656714.99999997,32.63,32.99,31.27,32.05,True,普联软件,False
2022-04-01,50.876,51.5,50.412,50.62,25796.0,81128420.0,31.61,32.0,31.32,31.45,True,普联软件,False
2022-04-06,50.508,51.644,50.124,50.764,23152.0,73021408.0,31.38,32.09,31.14,31.54,True,普联软件,False
2022-04-07,50.828,51.084,48.604,48.668,21860.0,66082780.0,31.58,31.74,30.19,30.23,True,普联软件,False
2022-04-08,48.284,49.244,46.156,46.252,29566.0,84913552.0,29.99,30.59,28.66,28.72,True,普联软件,False
2022-04-11,46.012,46.012,43.852,44.172,20342.0,55777764.0,28.57,28.57,27.22,27.42,True,普联软件,False
2022-04-12,44.636,46.38,43.516,46.348,18895.0,54379810.0,27.71,28.8,27.01,28.78,True,普联软件,False
2022-04-13,46.22,48.476,45.116,46.444,26773.0,77213332.0,28.7,30.11,28.01,28.84,True,普联软件,False
2022-04-14,46.124,46.684,44.62,45.228,22429.0,62980631.99999999,28.64,28.99,27.7,28.08,True,普联软件,False
2022-04-15,45.052,45.1,42.7,43.388,22851.0,61537743.0,27.97,28.0,26.5,26.93,True,普联软件,False
2022-04-18,43.1,44.556,42.7,44.22,10286.0,28235070.0,26.75,27.66,26.5,27.45,True,普联软件,False
2022-04-19,43.996,44.892,43.932,44.06,8790.0,24040650.0,27.31,27.87,27.27,27.35,True,普联软件,False
2022-04-20,44.3,44.972,43.02,43.292,12218.0,32829766.0,27.5,27.92,26.7,26.87,True,普联软件,False
2022-04-21,42.3,42.86,40.876,40.908,12983.0,32950854.0,26.25,26.6,25.36,25.38,True,普联软件,False
2022-04-22,40.62,41.164,39.644,39.756,13277.0,32741082.0,25.2,25.54,24.59,24.66,True,普联软件,False
2022-04-25,39.388,39.388,35.932,35.932,16690.0,37168630.0,24.43,24.43,22.27,22.27,True,普联软件,False
2022-04-26,35.948,36.62,34.412,34.492,13973.0,29860301.0,22.28,22.7,21.32,21.37,True,普联软件,False
2022-04-27,32.924,35.98,32.924,35.772,19690.0,43652730.0,20.39,22.3,20.39,22.17,True,普联软件,False
2022-04-28,35.66,35.66,32.22,33.452,31189.0,64623608.0,22.1,22.1,19.95,20.72,True,普联软件,False
2022-04-29,33.82,34.492,33.1,34.06,22252.0,46951720.0,20.95,21.37,20.5,21.1,True,普联软件,False
2022-05-05,34.172,35.324,33.132,34.62,14461.0,31018845.0,21.17,21.89,20.52,21.45,True,普联软件,False
2022-05-06,34.188,37.772,33.356,35.58,41112.0,90651960.0,21.18,23.42,20.66,22.05,True,普联软件,False
2022-05-09,34.46,35.82,34.268,35.26,23747.0,51887195.0,21.35,22.2,21.23,21.85,True,普联软件,False
2022-05-10,34.86,35.772,33.948,35.676,19545.0,43213995.0,21.6,22.17,21.03,22.11,True,普联软件,False
2022-05-11,35.532,36.892,35.5,35.676,20445.0,45203895.0,22.02,22.87,22.0,22.11,True,普联软件,False
2022-05-12,35.324,36.62,35.324,36.524,18393.0,41641752.0,21.89,22.7,21.89,22.64,True,普联软件,False
2022-05-13,36.684,36.732,35.452,35.964,16888.0,37643352.0,22.74,22.77,21.97,22.29,True,普联软件,False
2022-05-16,36.204,36.7,35.324,35.484,13215.0,29059785.0,22.44,22.75,21.89,21.99,True,普联软件,False
2022-05-17,35.932,35.932,34.54,35.34,11862.0,25977780.0,22.27,22.27,21.4,21.9,True,普联软件,False
2022-05-18,35.628,36.524,35.5,35.868,14033.0,30774369.0,21.78,22.34,21.7,21.93,True,普联软件,False
2022-05-19,35.18,36.22,34.428,35.468,11804.0,25591072.0,21.5,22.15,21.03,21.68,True,普联软件,False
2022-05-20,35.612,36.236,35.356,36.124,14128.0,31208752.0,21.77,22.16,21.61,22.09,True,普联软件,False
2022-05-23,36.332,37.564,36.3,36.956,15914.0,35981554.0,22.22,22.99,22.2,22.61,True,普联软件,False
2022-05-24,37.308,38.3,36.3,36.316,28720.0,63787120.0,22.83,23.45,22.2,22.21,True,普联软件,False
2022-05-25,36.316,41.388,36.22,39.82,67724.0,165246560.0,22.21,25.38,22.15,24.4,True,普联软件,False
2022-05-26,39.404,39.516,37.228,37.868,52137.0,120853566.0,24.14,24.21,22.78,23.18,True,普联软件,False
2022-05-27,37.804,37.804,36.524,37.148,32568.0,74027064.0,23.14,23.14,22.34,22.73,True,普联软件,False
2022-05-30,37.004,37.42,36.62,37.26,22663.0,51671640.0,22.64,22.9,22.4,22.8,True,普联软件,False
2022-05-31,36.94,37.244,35.66,37.164,26662.0,60629387.99999999,22.6,22.79,21.8,22.74,True,普联软件,False
2022-06-01,37.18,37.692,36.62,36.908,22585.0,50996929.99999999,22.75,23.07,22.4,22.58,True,普联软件,False
2022-06-02,36.94,38.396,36.268,38.044,27449.0,63928721.0,22.6,23.51,22.18,23.29,True,普联软件,False
2022-06-06,37.852,40.524,37.852,39.66,30851.0,74967930.0,23.17,24.84,23.17,24.3,True,普联软件,False
2022-06-07,38.988,39.468,37.42,38.012,35184.0,81873168.0,23.88,24.18,22.9,23.27,True,普联软件,False
2022-06-08,37.996,38.94,37.132,37.66,25660.0,59146300.0,23.26,23.85,22.72,23.05,True,普联软件,False
2022-06-09,38.3,39.948,37.868,38.348,34138.0,80156024.0,23.45,24.48,23.18,23.48,True,普联软件,False
2022-06-10,37.74,39.772,37.388,39.244,29345.0,70545380.0,23.1,24.37,22.88,24.04,True,普联软件,False
2022-06-13,39.244,40.38,38.764,39.868,22523.0,55023689.0,24.04,24.75,23.74,24.43,True,普联软件,False
2022-06-14,39.836,39.836,38.06,39.1,19686.0,47147970.0,24.41,24.41,23.3,23.95,True,普联软件,False
2022-06-15,39.276,40.38,38.86,39.724,23925.0,58233450.0,24.06,24.75,23.8,24.34,True,普联软件,False
2022-06-16,39.66,41.164,39.628,41.052,29341.0,73851297.0,24.3,25.24,24.28,25.17,True,普联软件,False
2022-06-17,40.78,44.028,40.3,42.956,42570.0,112214520.0,25.0,27.03,24.7,26.36,True,普联软件,False
2022-06-20,43.628,44.38,43.084,43.532,25951.0,69341072.0,26.78,27.25,26.44,26.72,True,普联软件,False
2022-06-21,43.372,44.14,43.1,43.82,19875.0,53463750.0,26.62,27.1,26.45,26.9,True,普联软件,False
2022-06-22,43.516,44.668,43.42,44.3,20545.0,55882400.0,26.71,27.43,26.65,27.2,True,普联软件,False
2022-06-23,44.94,45.228,42.684,43.42,27369.0,72938385.0,27.6,27.78,26.19,26.65,True,普联软件,False
2022-06-24,43.58,44.764,43.1,44.012,19545.0,52810590.0,26.75,27.49,26.45,27.02,True,普联软件,False
2022-06-27,44.156,45.82,44.156,44.508,21266.0,58119978.0,27.11,28.15,27.11,27.33,True,普联软件,False
2022-06-28,44.684,46.364,44.124,46.06,26355.0,74584650.0,27.44,28.49,27.09,28.3,True,普联软件,False
2022-06-29,46.364,51.932,46.06,49.852,54574.0,167378458.0,28.49,31.97,28.3,30.67,True,普联软件,False
2022-06-30,49.916,49.996,47.852,48.06,33001.0,97517955.0,30.71,30.76,29.42,29.55,True,普联软件,False
2022-07-01,49.708,52.764,49.708,50.476,37674.0,117015444.0,30.58,32.49,30.58,31.06,True,普联软件,False
2022-07-04,49.932,50.636,48.236,49.212,23575.0,71361525.0,30.72,31.16,29.66,30.27,True,普联软件,False
2022-07-05,49.212,49.404,46.988,47.58,17644.0,51608700.0,30.27,30.39,28.88,29.25,True,普联软件,False
2022-07-06,47.596,48.828,47.148,47.82,11641.0,34224540.0,29.26,30.03,28.98,29.4,True,普联软件,False
2022-07-07,48.46,49.196,46.508,46.812,13153.0,37841181.0,29.8,30.26,28.58,28.77,True,普联软件,False
2022-07-08,46.812,47.66,46.396,47.132,9057.0,26238129.0,28.77,29.3,28.51,28.97,True,普联软件,False
2022-07-11,47.02,48.588,46.46,47.164,11148.0,32318052.0,28.9,29.88,28.55,28.99,True,普联软件,False
2022-07-12,46.94,47.628,46.3,46.54,6733.0,19256380.0,28.85,29.28,28.45,28.6,True,普联软件,False
2022-07-13,45.836,47.036,45.708,46.076,6545.0,18528895.0,28.16,28.91,28.08,28.31,True,普联软件,False
2022-07-14,46.076,47.18,45.116,46.62,8305.0,23793825.0,28.31,29.0,27.71,28.65,True,普联软件,False
2022-07-15,46.604,47.756,46.06,46.108,11047.0,31296151.0,28.64,29.36,28.3,28.33,True,普联软件,False
2022-07-18,45.676,46.86,45.676,46.044,6741.0,19070289.0,28.06,28.8,28.06,28.29,True,普联软件,False
2022-07-19,46.076,47.804,46.076,47.5,9332.0,27249440.0,28.31,29.39,28.31,29.2,True,普联软件,False
2022-07-20,47.82,50.028,47.804,48.3,14916.0,44300520.0,29.4,30.78,29.39,29.7,True,普联软件,False
2022-07-21,47.644,51.98,47.644,50.572,34386.0,107009232.0,29.29,32.0,29.29,31.12,True,普联软件,False
2022-07-22,50.316,50.524,47.98,48.908,18236.0,54853888.0,30.96,31.09,29.5,30.08,True,普联软件,False
2022-07-25,48.78,50.06,47.756,48.444,8574.0,25541946.0,30.0,30.8,29.36,29.79,True,普联软件,False
2022-07-26,48.46,49.164,47.756,48.46,7687.0,22907260.0,29.8,30.24,29.36,29.8,True,普联软件,False
2022-07-27,49.9,49.9,47.82,48.044,6059.0,17898286.0,30.7,30.7,29.4,29.54,True,普联软件,False
2022-07-28,48.076,49.244,48.076,48.764,11049.0,33135951.0,29.56,30.29,29.56,29.99,True,普联软件,False
2022-07-29,48.78,50.316,47.98,49.148,14011.0,42355253.0,30.0,30.96,29.5,30.23,True,普联软件,False
2022-08-01,49.084,49.692,47.74,48.268,10315.0,30614920.0,30.19,30.57,29.35,29.68,True,普联软件,False
2022-08-02,47.916,47.932,45.036,46.572,12603.0,36069786.0,29.46,29.47,27.66,28.62,True,普联软件,False
2022-08-03,45.948,49.26,45.948,47.852,20252.0,59581384.0,28.23,30.3,28.23,29.42,True,普联软件,False
2022-08-04,48.844,48.956,47.852,48.588,7459.0,22287492.0,30.04,30.11,29.42,29.88,True,普联软件,False
2022-08-05,48.588,51.772,48.588,51.34,22787.0,72006920.0,29.88,31.87,29.88,31.6,True,普联软件,False
2022-08-08,51.436,51.948,50.62,51.052,10254.0,32218068.0,31.66,31.98,31.15,31.42,True,普联软件,False
2022-08-09,51.932,51.932,49.596,50.188,9954.0,30737952.0,31.97,31.97,30.51,30.88,True,普联软件,False
2022-08-10,49.836,50.588,49.5,49.804,9980.0,30578720.0,30.66,31.13,30.45,30.64,True,普联软件,False
2022-08-11,50.38,50.86,49.804,50.7,8682.0,27087840.0,31.0,31.3,30.64,31.2,True,普联软件,False
2022-08-12,50.38,57.148,49.596,53.932,41326.0,137284972.0,31.0,35.23,30.51,33.22,True,普联软件,False
2022-08-15,52.444,52.956,50.46,52.156,30553.0,98105683.0,32.29,32.61,31.05,32.11,True,普联软件,False
2022-08-16,51.356,52.124,50.78,51.372,16508.0,52198296.0,31.61,32.09,31.25,31.62,True,普联软件,False
2022-08-17,51.468,51.98,49.772,50.22,20093.0,62087370.0,31.68,32.0,30.62,30.9,True,普联软件,False
2022-08-18,50.156,50.78,48.076,48.508,19804.0,59075332.0,30.86,31.25,29.56,29.83,True,普联软件,False
2022-08-19,48.364,49.244,47.98,48.076,11490.0,33964440.0,29.74,30.29,29.5,29.56,True,普联软件,False
2022-08-22,48.108,48.972,47.004,48.812,7915.0,23760830.0,29.58,30.12,28.89,30.02,True,普联软件,False
2022-08-23,49.564,54.364,48.156,52.748,45871.0,148989008.0,30.49,33.49,29.61,32.48,True,普联软件,False
2022-08-24,53.5,54.028,48.684,49.324,30018.0,91074612.0,32.95,33.28,29.94,30.34,True,普联软件,False
2022-08-25,48.86,50.22,47.356,48.284,11568.0,34345392.0,30.05,30.9,29.11,29.69,True,普联软件,False
2022-08-26,48.284,49.548,48.172,48.652,6140.0,18370880.0,29.69,30.48,29.62,29.92,True,普联软件,False
2022-08-29,47.9,48.62,47.516,48.06,4675.0,13814625.0,29.45,29.9,29.21,29.55,True,普联软件,False
2022-08-30,48.46,48.604,47.132,47.132,6631.0,19210007.0,29.8,29.89,28.97,28.97,True,普联软件,False
2022-08-31,47.308,47.724,45.9,46.124,6443.0,18259462.0,29.08,29.34,28.2,28.34,True,普联软件,False
2022-09-01,46.06,48.764,46.06,48.22,9509.0,28194185.0,28.3,29.99,28.3,29.65,True,普联软件,False
2022-09-02,48.524,48.7,47.34,48.172,7126.0,21107212.0,29.84,29.95,29.1,29.62,True,普联软件,False
2022-09-05,47.932,48.428,46.54,47.052,4035.0,11669220.0,29.47,29.78,28.6,28.92,True,普联软件,False
2022-09-06,48.412,48.588,46.652,47.132,4945.0,14325665.0,29.77,29.88,28.67,28.97,True,普联软件,False
2022-09-07,46.748,48.748,46.748,48.3,6180.0,18354600.0,28.73,29.98,28.73,29.7,True,普联软件,False
2022-09-08,47.996,47.996,46.78,46.908,4907.0,14146881.0,29.51,29.51,28.75,28.83,True,普联软件,False
2022-09-09,46.86,47.98,46.86,47.052,5625.0,16267500.000000002,28.8,29.5,28.8,28.92,True,普联软件,False
2022-09-13,47.292,47.756,46.876,47.036,3149.0,9103759.0,29.07,29.36,28.81,28.91,True,普联软件,False
2022-09-14,46.812,46.988,45.9,46.764,4836.0,13898664.0,28.77,28.88,28.2,28.74,True,普联软件,False
2022-09-15,47.116,48.22,46.06,48.028,8454.0,24964662.0,28.96,29.65,28.3,29.53,True,普联软件,False
2022-09-16,47.5,51.724,47.26,50.7,39490.0,123208800.0,29.2,31.84,29.05,31.2,True,普联软件,False
2022-09-19,50.796,52.588,49.42,50.796,21452.0,67058952.0,31.26,32.38,30.4,31.26,True,普联软件,False
2022-09-20,51.164,51.98,49.596,50.364,10134.0,31405266.0,31.49,32.0,30.51,30.99,True,普联软件,False
2022-09-21,50.524,50.78,48.956,50.156,7559.0,23327074.0,31.09,31.25,30.11,30.86,True,普联软件,False
2022-09-22,50.092,51.98,49.596,51.836,16006.0,51075146.0,30.82,32.0,30.51,31.91,True,普联软件,False
2022-09-23,51.516,51.964,50.06,50.412,11307.0,35074314.0,31.71,31.99,30.8,31.02,True,普联软件,False
2022-09-26,50.172,50.364,47.66,48.156,10018.0,29663298.0,30.87,30.99,29.3,29.61,True,普联软件,False
2022-09-27,48.46,49.308,47.692,49.132,6272.0,18953984.0,29.8,30.33,29.32,30.22,True,普联软件,False
2022-09-28,49.132,49.452,47.004,47.02,5240.0,15143600.0,30.22,30.42,28.89,28.9,True,普联软件,False
2022-09-29,47.228,47.98,46.092,46.22,4550.0,12922000.0,29.03,29.5,28.32,28.4,True,普联软件,False
2022-09-30,47.148,47.148,45.1,46.06,4343.0,12290690.0,28.98,28.98,27.7,28.3,True,普联软件,False
2022-10-10,46.06,46.844,43.468,44.988,7588.0,20965644.0,28.3,28.79,26.68,27.63,True,普联软件,False
2022-10-11,44.412,46.428,42.572,43.004,7533.0,19879587.0,27.27,28.53,26.12,26.39,True,普联软件,False
2022-10-12,43.66,45.26,42.972,45.148,6332.0,17558636.0,26.8,27.8,26.37,27.73,True,普联软件,False
2022-10-13,45.148,51.324,45.148,50.188,37613.0,116148944.0,27.73,31.59,27.73,30.88,True,普联软件,False
2022-10-14,48.3,54.38,48.3,53.5,53614.0,176658130.00000003,29.7,33.5,29.7,32.95,True,普联软件,False
2022-10-17,53.228,56.78,52.476,55.34,48237.0,164488170.0,32.78,35.0,32.31,34.1,True,普联软件,False
2022-10-18,56.236,59.788,55.98,58.988,74266.0,270179708.0,34.66,36.88,34.5,36.38,True,普联软件,False
2022-10-19,58.38,59.932,56.46,58.06,42217.0,151136860.0,36.0,36.97,34.8,35.8,True,普联软件,False
2022-10-20,57.596,59.772,56.78,58.588,34879.0,126017827.0,35.51,36.87,35.0,36.13,True,普联软件,False
2022-10-21,58.588,60.284,57.212,59.02,29498.0,107372720.0,36.13,37.19,35.27,36.4,True,普联软件,False
2022-10-24,59.18,66.38,59.18,63.18,75166.0,293147400.0,36.5,41.0,36.5,39.0,True,普联软件,False
2022-10-25,61.916,65.58,59.452,61.18,48567.0,183340425.0,38.21,40.5,36.67,37.75,True,普联软件,False
2022-10-26,60.748,68.028,60.748,66.316,54624.0,223739904.0,37.48,42.03,37.48,40.96,True,普联软件,False
2022-10-27,66.22,67.644,63.964,64.94,34029.0,136456290.0,40.9,41.79,39.49,40.1,True,普联软件,False
2022-10-28,64.668,66.364,63.148,64.14,30468.0,120653280.0,39.93,40.99,38.98,39.6,True,普联软件,False
2022-10-31,63.548,69.5,63.468,69.42,53052.0,227593080.0,39.23,42.95,39.18,42.9,True,普联软件,False
2022-11-01,69.58,76.14,68.012,73.052,54910.0,248028470.0,43.0,47.1,42.02,45.17,True,普联软件,False
2022-11-02,73.74,74.06,69.18,73.34,37444.0,169808540.0,45.6,45.8,42.75,45.35,True,普联软件,False
2022-11-03,71.308,74.7,70.492,71.996,27561.0,122674011.0,44.08,46.2,43.57,44.51,True,普联软件,False
2022-11-04,72.78,75.82,71.996,75.148,26088.0,121257024.0,45.0,46.9,44.51,46.48,True,普联软件,False
2022-11-07,75.852,76.62,71.148,71.148,26823.0,117967554.0,46.92,47.4,43.98,43.98,True,普联软件,False
2022-11-08,70.22,72.764,69.468,71.164,17918.0,78821282.0,43.4,44.99,42.93,43.99,True,普联软件,False
2022-11-09,71.548,71.804,68.028,70.092,21983.0,95230356.0,44.23,44.39,42.03,43.32,True,普联软件,False
2022-11-10,69.388,75.66,68.78,69.644,50674.0,218100896.0,42.88,46.8,42.5,43.04,True,普联软件,False
2022-11-11,70.156,71.404,67.82,70.06,25006.0,108275980.0,43.36,44.14,41.9,43.3,True,普联软件,False
2022-11-14,69.5,72.604,68.332,72.14,20553.0,91666380.0,42.95,44.89,42.22,44.6,True,普联软件,False
2022-11-15,72.14,79.132,71.228,75.1,32407.0,150530515.0,44.6,48.97,44.03,46.45,True,普联软件,False
2022-11-16,75.5,76.7,72.188,73.836,25147.0,114821202.0,46.7,47.45,44.63,45.66,True,普联软件,False
2022-11-17,75.164,75.452,70.988,75.02,19469.0,90336160.0,46.49,46.67,43.88,46.4,True,普联软件,False
2022-11-18,74.06,77.388,73.228,74.284,23067.0,105969798.0,45.8,47.88,45.28,45.94,True,普联软件,False
2022-11-21,74.54,75.132,72.508,74.044,12398.0,56770442.0,46.1,46.47,44.83,45.79,True,普联软件,False
2022-11-22,74.38,75.036,71.18,71.9,13103.0,58242835.0,46.0,46.41,44.0,44.45,True,普联软件,False
2022-11-23,73.484,73.484,67.548,71.18,26501.0,116604400.0,45.44,45.44,41.73,44.0,True,普联软件,False
2022-11-24,71.66,71.66,67.276,68.924,20847.0,88787373.0,44.3,44.3,41.56,42.59,True,普联软件,False
2022-11-25,69.548,70.06,67.436,67.916,23463.0,98450748.0,42.98,43.3,41.66,41.96,True,普联软件,False
2022-11-28,66.748,70.204,65.772,66.268,19568.0,80091824.0,41.23,43.39,40.62,40.93,True,普联软件,False
2022-11-29,67.148,67.148,63.004,64.78,30430.0,121720000.0,41.48,41.48,38.89,40.0,True,普联软件,False
2022-11-30,64.764,66.06,62.06,64.764,24605.0,98395395.0,39.99,40.8,38.3,39.99,True,普联软件,False
2022-12-01,65.1,71.964,64.764,71.34,28138.0,124088580.0,40.2,44.49,39.99,44.1,True,普联软件,False
2022-12-02,71.1,72.284,66.22,67.004,26030.0,107738170.0,43.95,44.69,40.9,41.39,True,普联软件,False
2022-12-05,67.02,67.788,65.516,67.644,18885.0,78920415.0,41.4,41.88,40.46,41.79,True,普联软件,False
2022-12-06,67.5,69.196,65.58,67.452,13754.0,57312918.0,41.7,42.76,40.5,41.67,True,普联软件,False
2022-12-07,67.452,69.148,64.62,65.1,18829.0,75692580.0,41.67,42.73,39.9,40.2,True,普联软件,False
2022-12-08,65.1,65.66,64.14,64.348,10373.0,41211929.0,40.2,40.55,39.6,39.73,True,普联软件,False
2022-12-09,64.284,65.66,63.18,64.748,13226.0,52877547.99999999,39.69,40.55,39.0,39.98,True,普联软件,False
2022-12-12,63.34,68.188,63.308,66.956,14932.0,61758752.0,39.1,42.13,39.08,41.36,True,普联软件,False
2022-12-13,67.98,67.98,63.66,64.604,11789.0,47026321.0,42.0,42.0,39.3,39.89,True,普联软件,False
2022-12-14,65.244,67.66,64.492,65.068,8141.0,32710538.0,40.29,41.8,39.82,40.18,True,普联软件,False
2022-12-15,65.74,66.988,63.708,64.22,9655.0,38282075.0,40.6,41.38,39.33,39.65,True,普联软件,False
2022-12-16,63.5,64.268,61.74,62.172,10297.0,39509589.0,39.2,39.68,38.1,38.37,True,普联软件,False
2022-12-19,62.188,63.068,60.492,61.26,10566.0,39939480.0,38.38,38.93,37.32,37.8,True,普联软件,False
2022-12-20,62.188,62.524,59.116,59.788,6959.0,25664792.0,38.38,38.59,36.46,36.88,True,普联软件,False
2022-12-21,59.948,59.948,58.764,58.94,5479.0,19916165.0,36.98,36.98,36.24,36.35,True,普联软件,False
2022-12-22,58.62,59.98,58.108,58.908,6360.0,23105880.0,36.15,37.0,35.83,36.33,True,普联软件,False
2022-12-23,57.98,61.516,57.948,60.572,12842.0,47990554.0,35.75,37.96,35.73,37.37,True,普联软件,False
2022-12-26,61.036,63.468,60.876,63.26,9995.0,39030475.0,37.66,39.18,37.56,39.05,True,普联软件,False
2022-12-27,63.356,64.956,62.572,64.156,14920.0,59098120.0,39.11,40.11,38.62,39.61,True,普联软件,False
2022-12-28,64.284,67.82,63.692,65.388,13556.0,54739128.0,39.69,41.9,39.32,40.38,True,普联软件,False
2022-12-29,65.9,68.78,64.94,67.196,12259.0,50887109.0,40.7,42.5,40.1,41.51,True,普联软件,False
2022-12-30,67.292,67.916,66.076,66.46,4306.0,17676130.0,41.57,41.96,40.81,41.05,True,普联软件,False
2023-01-03,66.46,72.716,66.348,72.444,22560.0,101046240.0,41.05,44.96,40.98,44.79,True,普联软件,False
2023-01-04,72.636,74.924,70.876,74.7,23914.0,110482680.0,44.91,46.34,43.81,46.2,True,普联软件,False
2023-01-05,74.332,75.34,72.908,73.228,12088.0,54734464.0,45.97,46.6,45.08,45.28,True,普联软件,False
2023-01-06,74.764,74.764,70.06,70.796,18170.0,79511920.0,46.24,46.24,43.3,43.76,True,普联软件,False
2023-01-09,71.068,73.9,70.62,72.156,15767.0,70336587.0,43.93,45.7,43.65,44.61,True,普联软件,False
2023-01-10,73.212,73.228,71.244,72.092,9231.0,41142567.0,45.27,45.28,44.04,44.57,True,普联软件,False
2023-01-11,72.028,72.14,68.956,69.34,14306.0,61301210.0,44.53,44.6,42.61,42.85,True,普联软件,False
2023-01-12,70.076,70.94,68.652,70.364,10636.0,46255964.0,43.31,43.85,42.42,43.49,True,普联软件,False
2023-01-13,70.508,70.524,68.396,69.068,7032.0,30012576.0,43.58,43.59,42.26,42.68,True,普联软件,False
2023-01-16,69.068,72.78,69.068,71.58,14625.0,64715625.0,42.68,45.0,42.68,44.25,True,普联软件,False
2023-01-17,72.94,73.084,68.38,69.26,15956.0,68291680.0,45.1,45.19,42.25,42.8,True,普联软件,False
2023-01-18,69.26,75.98,68.7,72.684,26291.0,118151754.0,42.8,47.0,42.45,44.94,True,普联软件,False
2023-01-19,72.044,78.22,71.452,77.916,44746.0,215720466.0,44.54,48.4,44.17,48.21,True,普联软件,False
2023-01-20,77.452,83.164,77.164,79.58,40062.0,197305350.0,47.92,51.49,47.74,49.25,True,普联软件,False
2023-01-30,79.772,81.98,78.252,80.46,31961.0,159165780.0,49.37,50.75,48.42,49.8,True,普联软件,False
2023-01-31,80.3,81.036,78.62,78.62,17495.0,85113175.0,49.7,50.16,48.65,48.65,True,普联软件,False
2023-02-01,79.324,82.172,78.108,81.676,19696.0,99582976.0,49.09,50.87,48.33,50.56,True,普联软件,False
2023-02-02,81.452,84.86,80.86,82.7,23366.0,119633920.0,50.42,52.55,50.05,51.2,True,普联软件,False
2023-02-03,82.7,90.332,81.692,87.98,38519.0,209928550.0,51.2,55.97,50.57,54.5,True,普联软件,False
2023-02-06,85.756,87.884,84.252,85.676,30025.0,159312650.0,53.11,54.44,52.17,53.06,True,普联软件,False
2023-02-07,85.1,86.332,82.988,84.62,25163.0,131854120.0,52.7,53.47,51.38,52.4,True,普联软件,False
2023-02-08,84.668,86.028,83.18,84.604,10046.0,52630994.0,52.43,53.28,51.5,52.39,True,普联软件,False
2023-02-09,83.18,85.036,82.396,83.724,12093.0,62690112.00000001,51.5,52.66,51.01,51.84,True,普联软件,False
2023-02-10,83.948,84.78,80.796,82.06,22750.0,115570000.0,51.98,52.5,50.01,50.8,True,普联软件,False
2023-02-13,83.084,84.78,81.612,84.492,19436.0,101689152.0,51.44,52.5,50.52,52.32,True,普联软件,False
2023-02-14,84.524,85.66,81.868,82.204,17696.0,90054944.0,52.34,53.05,50.68,50.89,True,普联软件,False
2023-02-15,83.564,85.228,80.828,82.156,19653.0,99955158.0,51.74,52.78,50.03,50.86,True,普联软件,False
2023-02-16,82.14,84.524,80.14,82.476,26990.0,137810940.0,50.85,52.34,49.6,51.06,True,普联软件,False
2023-02-17,82.332,82.476,78.988,79.484,23347.0,114843893.0,50.97,51.06,48.88,49.19,True,普联软件,False
2023-02-20,79.484,81.292,78.54,80.028,9806.0,48569118.0,49.19,50.32,48.6,49.53,True,普联软件,False
2023-02-21,80.54,80.556,78.572,80.156,15592.0,77351912.0,49.85,49.86,48.62,49.61,True,普联软件,False
2023-02-22,79.212,84.78,78.572,82.716,14801.0,75795921.0,49.02,52.5,48.62,51.21,True,普联软件,False
2023-02-23,82.588,83.26,78.876,79.42,20117.0,98875055.0,51.13,51.55,48.81,49.15,True,普联软件,False
2023-02-24,79.404,80.892,78.252,80.508,9047.0,45081201.0,49.14,50.07,48.42,49.83,True,普联软件,False
2023-02-27,80.764,81.58,79.228,80.604,12589.0,62806521.0,49.99,50.5,49.03,49.89,True,普联软件,False
2023-02-28,82.348,84.78,82.348,83.196,16914.0,87124014.0,50.98,52.5,50.98,51.51,True,普联软件,False
2023-03-01,84.028,84.7,81.292,83.884,10549.0,54791506.0,52.03,52.45,50.32,51.94,True,普联软件,False
2023-03-02,83.788,86.316,82.06,85.484,12306.0,65147964.0,51.88,53.46,50.8,52.94,True,普联软件,False
2023-03-03,85.484,85.58,83.324,83.66,10050.0,52059000.0,52.94,53.0,51.59,51.8,True,普联软件,False
2023-03-06,83.5,88.412,82.764,88.38,22857.0,125142075.0,51.7,54.77,51.24,54.75,True,普联软件,False
2023-03-07,88.396,88.732,85.58,86.092,12228.0,65199696.0,54.76,54.97,53.0,53.32,True,普联软件,False
2023-03-08,86.156,88.732,85.404,88.476,18306.0,100335186.0,53.36,54.97,52.89,54.81,True,普联软件,False
2023-03-09,88.604,91.388,87.276,90.812,22205.0,124947535.0,54.89,56.63,54.06,56.27,True,普联软件,False
2023-03-10,90.748,95.916,89.26,92.78,32761.0,188375750.0,56.23,59.46,55.3,57.5,True,普联软件,False
2023-03-13,91.884,96.14,90.668,95.42,20055.0,118625325.0,56.94,59.6,56.18,59.15,True,普联软件,False
2023-03-14,94.94,96.588,92.636,94.14,17469.0,101931615.0,58.85,59.88,57.41,58.35,True,普联软件,False
2023-03-15,94.172,94.38,86.108,88.332,38244.0,209271168.0,58.37,58.5,53.33,54.72,True,普联软件,False
2023-03-16,88.3,92.108,87.468,89.612,15118.0,83935136.0,54.7,57.08,54.18,55.52,True,普联软件,False
2023-03-17,89.74,91.644,88.876,89.74,12824.0,71301440.0,55.6,56.79,55.06,55.6,True,普联软件,False
2023-03-20,91.66,92.508,85.452,88.748,20860.0,114688280.0,56.8,57.33,52.92,54.98,True,普联软件,False
2023-03-21,88.748,89.916,86.06,87.628,14374.0,78022072.0,54.98,55.71,53.3,54.28,True,普联软件,False
2023-03-22,87.148,87.964,84.316,85.244,13530.0,71424870.0,53.98,54.49,52.21,52.79,True,普联软件,False
2023-03-23,85.676,86.22,83.708,84.812,15475.0,81274700.0,53.06,53.4,51.83,52.52,True,普联软件,False
2023-03-24,84.364,84.764,82.396,82.892,17297.0,88768204.0,52.24,52.49,51.01,51.32,True,普联软件,False
2023-03-27,82.636,83.18,80.252,82.316,16554.0,84359184.0,51.16,51.5,49.67,50.96,True,普联软件,False
2023-03-28,82.06,85.404,81.26,82.588,17047.0,87161311.0,50.8,52.89,50.3,51.13,True,普联软件,False
2023-03-29,83.436,83.468,80.956,81.868,12456.0,63127008.0,51.66,51.68,50.11,50.68,True,普联软件,False
2023-03-30,81.628,85.452,81.404,82.892,12147.0,62338404.0,50.53,52.92,50.39,51.32,True,普联软件,False
2023-03-31,82.38,87.5,81.196,86.268,23131.0,123588933.0,51.0,54.2,50.26,53.43,True,普联软件,False
2023-04-03,86.22,88.22,83.164,86.972,24530.0,132143110.0,53.4,54.65,51.49,53.87,True,普联软件,False
2023-04-04,87.18,87.18,83.708,85.596,14092.0,74701692.0,54.0,54.0,51.83,53.01,True,普联软件,False
2023-04-06,85.788,85.868,81.564,82.06,23638.0,120081040.0,53.13,53.18,50.49,50.8,True,普联软件,False
2023-04-07,82.716,83.292,79.724,80.492,33047.0,164640154.0,51.21,51.57,49.34,49.82,True,普联软件,False
2023-04-10,80.428,80.764,75.964,76.588,28745.0,136193810.0,49.78,49.99,46.99,47.38,True,普联软件,False
2023-04-11,76.78,78.108,75.756,76.62,14677.0,69568980.0,47.5,48.33,46.86,47.4,True,普联软件,False
2023-04-12,76.796,79.948,75.612,79.564,16577.0,81625148.0,47.51,49.48,46.77,49.24,True,普联软件,False
2023-04-13,78.38,82.412,78.332,80.556,15218.0,75876948.0,48.5,51.02,48.47,49.86,True,普联软件,False
2023-04-14,80.236,81.756,77.58,78.38,14160.0,68676000.0,49.66,50.61,48.0,48.5,True,普联软件,False
2023-04-17,81.436,89.18,78.988,80.588,59800.0,298282400.0,50.41,55.25,48.88,49.88,True,普联软件,False
2023-04-18,77.58,82.012,77.58,78.156,26319.0,127278684.0,48.0,50.77,48.0,48.36,True,普联软件,False
2023-04-19,78.78,78.924,76.46,78.204,26746.0,129423894.0,48.75,48.84,47.3,48.39,True,普联软件,False
2023-04-20,77.58,80.3,76.604,79.436,21686.0,106608376.0,48.0,49.7,47.39,49.16,True,普联软件,False
2023-04-21,79.468,79.644,72.972,73.1,34305.0,155058600.0,49.18,49.29,45.12,45.2,True,普联软件,False
2023-04-24,74.444,74.556,72.46,73.084,16473.0,74441487.0,46.04,46.11,44.8,45.19,True,普联软件,False
2023-04-25,71.948,72.876,69.276,70.908,28637.0,125515971.0,44.48,45.06,42.81,43.83,True,普联软件,False
2023-04-26,61.676,71.74,61.676,69.596,47690.0,205114690.0,38.06,44.35,38.06,43.01,True,普联软件,False
2023-04-27,68.668,76.94,68.108,73.532,29122.0,132417734.0,42.43,47.6,42.08,45.47,True,普联软件,False
2023-04-28,73.484,75.084,71.404,71.916,18148.0,80686008.0,45.44,46.44,44.14,44.46,True,普联软件,False
2023-05-04,70.028,72.524,69.612,71.02,9104.0,39966560.0,43.28,44.84,43.02,43.9,True,普联软件,False
2023-05-05,71.02,71.66,69.26,71.34,13894.0,61272540.0,43.9,44.3,42.8,44.1,True,普联软件,False
2023-05-08,71.34,75.708,69.58,74.124,20338.0,93229392.0,44.1,46.83,43.0,45.84,True,普联软件,False
2023-05-09,74.124,74.124,71.02,71.98,19521.0,86868450.0,45.84,45.84,43.9,44.5,True,普联软件,False
2023-05-10,74.188,74.188,70.124,70.684,10707.0,46778883.0,45.88,45.88,43.34,43.69,True,普联软件,False
2023-05-11,71.26,71.916,70.028,70.268,9942.0,43178106.0,44.05,44.46,43.28,43.43,True,普联软件,False
2023-05-12,70.06,71.644,68.78,69.164,7454.0,31858396.0,43.3,44.29,42.5,42.74,True,普联软件,False
2023-05-15,68.14,69.74,65.436,68.3,16166.0,68220520.0,42.1,43.1,40.41,42.2,True,普联软件,False
2023-05-16,68.316,69.58,66.78,67.244,9678.0,40202412.0,42.21,43.0,41.25,41.54,True,普联软件,False
2023-05-17,67.25,68.886,65.794,67.43,11899.0,35149646.0,29.46,30.19,28.81,29.54,True,普联软件,False
2023-05-18,67.318,69.132,65.906,68.751,15820.0,47665660.0,29.49,30.3,28.86,30.13,True,普联软件,False
2023-05-19,68.774,69.983,68.303,69.244,12636.0,38350260.0,30.14,30.68,29.93,30.35,True,普联软件,False
2023-05-22,69.356,72.335,68.057,72.089,22271.0,70420902.0,30.4,31.73,29.82,31.62,True,普联软件,False
2023-05-23,71.238,72.671,70.319,70.476,15305.0,47292450.0,31.24,31.88,30.83,30.9,True,普联软件,False
2023-05-24,70.252,71.865,69.065,71.26,10295.0,32171875.0,30.8,31.52,30.27,31.25,True,普联软件,False
2023-05-25,71.282,72.671,68.908,70.297,11726.0,36139532.0,31.26,31.88,30.2,30.82,True,普联软件,False
2023-05-26,70.566,73.926,70.297,73.612,11937.0,38556510.0,30.94,32.44,30.82,32.3,True,普联软件,False
2023-05-29,74.172,88.082,72.447,77.442,49098.0,166982298.0,32.55,38.76,31.78,34.01,True,普联软件,False
2023-05-30,79.66,83.378,74.822,81.273,70747.0,252708284.0,35.0,36.66,32.84,35.72,True,普联软件,False
2023-05-31,81.788,81.788,75.18,80.444,62974.0,222613090.0,35.95,35.95,33.0,35.35,True,普联软件,False
2023-06-01,79.346,79.638,76.076,76.345,40537.0,135880024.0,34.86,34.99,33.4,33.52,True,普联软件,False
2023-06-02,76.905,79.839,76.815,79.145,33866.0,117752082.0,33.77,35.08,33.73,34.77,True,普联软件,False
2023-06-05,79.145,79.906,76.838,76.972,30133.0,101849540.0,34.77,35.11,33.74,33.8,True,普联软件,False
2023-06-06,77.129,78.159,75.359,75.538,20254.0,67162264.0,33.87,34.33,33.08,33.16,True,普联软件,False
2023-06-07,75.18,77.039,75.18,75.65,10677.0,35458317.0,33.0,33.83,33.0,33.21,True,普联软件,False
2023-06-08,75.292,75.964,72.94,73.903,15315.0,49666545.0,33.05,33.35,32.0,32.43,True,普联软件,False
2023-06-09,73.814,74.822,72.358,73.343,15279.0,49167822.0,32.39,32.84,31.74,32.18,True,普联软件,False
2023-06-12,74.463,75.068,71.148,71.887,24757.0,78058821.0,32.68,32.95,31.2,31.53,True,普联软件,False
2023-06-13,71.887,73.836,70.857,72.828,17804.0,56883780.0,31.53,32.4,31.07,31.95,True,普联软件,False
2023-06-14,72.828,73.612,70.252,71.887,18378.0,57945834.0,31.95,32.3,30.8,31.53,True,普联软件,False
2023-06-15,72.918,73.007,69.916,70.991,18535.0,57699455.0,31.99,32.03,30.65,31.13,True,普联软件,False
2023-06-16,71.014,75.852,69.938,74.329,32744.0,106810928.0,31.14,33.3,30.66,32.62,True,普联软件,False
2023-06-19,76.524,81.004,74.911,78.271,49150.0,168977700.0,33.6,35.6,32.88,34.38,True,普联软件,False
2023-06-20,78.361,84.543,77.42,80.914,47776.0,169891456.0,34.42,37.18,34.0,35.56,True,普联软件,False
2023-06-21,79.906,81.295,77.42,78.182,26484.0,90946056.0,35.11,35.73,34.0,34.34,True,普联软件,False
2023-06-26,77.017,78.495,72.94,73.366,23117.0,74413623.0,33.82,34.48,32.0,32.19,True,普联软件,False
2023-06-27,73.142,74.194,70.969,71.641,21650.0,68024300.0,32.09,32.56,31.12,31.42,True,普联软件,False
2023-06-28,72.156,72.223,67.698,69.087,24640.0,74609920.0,31.65,31.68,29.66,30.28,True,普联软件,False
2023-06-29,69.513,70.655,67.564,69.042,24517.0,74188442.0,30.47,30.98,29.6,30.26,True,普联软件,False
2023-06-30,68.975,71.327,67.721,70.028,25062.0,76940340.0,30.23,31.28,29.67,30.7,True,普联软件,False
2023-07-03,69.334,74.866,69.132,74.575,42706.0,139776738.0,30.39,32.86,30.3,32.73,True,普联软件,False
2023-07-04,74.172,76.3,73.074,75.337,26391.0,87275037.0,32.55,33.5,32.06,33.07,True,普联软件,False
2023-07-05,75.561,76.21,72.582,72.716,15309.0,48835710.0,33.17,33.46,31.84,31.9,True,普联软件,False
2023-07-06,72.85,72.918,70.476,70.566,17355.0,53696370.0,31.96,31.99,30.9,30.94,True,普联软件,False
2023-07-07,70.745,70.745,68.012,68.527,14073.0,42261219.0,31.02,31.02,29.8,30.03,True,普联软件,False
2023-07-10,68.751,69.042,67.049,67.362,19215.0,56703465.0,30.13,30.26,29.37,29.51,True,普联软件,False
2023-07-11,67.362,67.788,66.242,67.564,14701.0,43514960.0,29.51,29.7,29.01,29.6,True,普联软件,False
2023-07-12,67.564,67.564,63.577,63.935,28890.0,80834220.0,29.6,29.6,27.82,27.98,True,普联软件,False
2023-07-13,64.159,66.422,63.308,64.876,17902.0,50841680.0,28.08,29.09,27.7,28.4,True,普联软件,False
2023-07-14,64.697,66.937,64.047,65.705,14747.0,42427119.0,28.32,29.32,28.03,28.77,True,普联软件,False
2023-07-17,65.346,66.377,63.823,64.406,13439.0,37884541.0,28.61,29.07,27.93,28.19,True,普联软件,False
2023-07-18,64.831,64.831,62.076,62.815,24476.0,67260048.0,28.38,28.38,27.15,27.48,True,普联软件,False
2023-07-19,63.039,67.295,62.838,64.562,47449.0,134090874.0,27.58,29.48,27.49,28.26,True,普联软件,False
2023-07-20,64.204,64.316,61.718,62.076,26346.0,71529390.0,28.1,28.15,26.99,27.15,True,普联软件,False
2023-07-21,62.21,63.062,61.516,61.673,11328.0,30551616.0,27.21,27.59,26.9,26.97,True,普联软件,False
2023-07-24,61.538,63.039,60.911,61.606,13610.0,36665340.0,26.91,27.58,26.63,26.94,True,普联软件,False
2023-07-25,61.807,63.196,61.538,63.039,16730.0,46141340.0,27.03,27.65,26.91,27.58,True,普联软件,False
2023-07-26,62.86,63.106,61.135,61.314,21249.0,56968569.0,27.5,27.61,26.73,26.81,True,普联软件,False
2023-07-27,61.292,61.314,59.366,59.5,17997.0,46792200.0,26.8,26.81,25.94,26.0,True,普联软件,False
2023-07-28,62.009,64.473,59.724,60.508,39703.0,105014435.0,27.12,28.22,26.1,26.45,True,普联软件,False
2023-07-31,59.366,62.188,59.119,60.575,31672.0,83867456.0,25.94,27.2,25.83,26.48,True,普联软件,False
2023-08-01,60.396,64.876,59.612,64.652,50910.0,144075300.0,26.4,28.4,26.05,28.3,True,普联软件,False
2023-08-02,64.338,65.772,63.039,64.092,30307.0,85011135.0,28.16,28.8,27.58,28.05,True,普联软件,False
2023-08-03,64.383,65.055,63.084,63.51,21274.0,59120446.0,28.18,28.48,27.6,27.79,True,普联软件,False
2023-08-04,64.137,66.13,64.137,64.428,22259.0,62770380.0,28.07,28.96,28.07,28.2,True,普联软件,False
2023-08-07,64.562,65.324,64.092,64.652,18244.0,51630520.0,28.26,28.6,28.05,28.3,True,普联软件,False
2023-08-08,64.249,65.122,63.98,64.316,13954.0,39280510.0,28.12,28.51,28.0,28.15,True,普联软件,False
2023-08-09,63.151,69.132,63.151,66.22,46100.0,133690000.0,27.63,30.3,27.63,29.0,True,普联软件,False
2023-08-10,65.279,66.198,64.226,65.75,25434.0,73224486.0,28.58,28.99,28.11,28.79,True,普联软件,False
2023-08-11,65.682,66.668,63.666,64.025,21452.0,60108504.0,28.76,29.2,27.86,28.02,True,普联软件,False
2023-08-14,63.935,67.855,63.039,67.81,47481.0,141066051.0,27.98,29.73,27.58,29.71,True,普联软件,False
2023-08-15,67.99,68.057,65.906,66.69,30183.0,88164543.0,29.79,29.82,28.86,29.21,True,普联软件,False
2023-08-16,66.534,67.004,63.554,63.935,24474.0,68478252.0,29.14,29.35,27.81,27.98,True,普联软件,False
2023-08-17,63.89,64.428,61.516,63.151,25563.0,70630569.0,27.96,28.2,26.9,27.63,True,普联软件,False
2023-08-18,63.151,65.055,61.09,61.18,24728.0,66147400.0,27.63,28.48,26.71,26.75,True,普联软件,False
2023-08-21,60.284,66.668,60.284,63.106,64357.0,177689677.0,26.35,29.2,26.35,27.61,True,普联软件,False
2023-08-22,64.07,65.212,60.889,64.07,40688.0,114089152.0,28.04,28.55,26.62,28.04,True,普联软件,False
2023-08-23,64.674,65.078,61.74,61.785,20613.0,55696326.0,28.31,28.49,27.0,27.02,True,普联软件,False
2023-08-24,62.86,62.86,59.97,60.038,21634.0,56767616.0,27.5,27.5,26.21,26.24,True,普联软件,False
2023-08-25,58.761,60.105,56.386,56.678,27317.0,67582258.0,25.67,26.27,24.61,24.74,True,普联软件,False
2023-08-28,61.74,61.74,54.617,54.998,26736.0,64139663.99999999,27.0,27.0,23.82,23.99,True,普联软件,False
2023-08-29,54.684,57.596,54.438,55.916,25807.0,62969080.0,23.85,25.15,23.74,24.4,True,普联软件,False
2023-08-30,55.894,60.351,55.401,59.634,45849.0,119482494.0,24.39,26.38,24.17,26.06,True,普联软件,False
2023-08-31,59.634,60.822,58.582,60.374,19955.0,52661245.0,26.06,26.59,25.59,26.39,True,普联软件,False
2023-09-01,60.127,60.486,58.447,58.895,12396.0,31894908.0,26.28,26.44,25.53,25.73,True,普联软件,False
2023-09-04,58.918,60.777,57.73,59.522,21266.0,55312866.0,25.74,26.57,25.21,26.01,True,普联软件,False
2023-09-05,59.478,60.351,59.052,59.366,15678.0,40668732.0,25.99,26.38,25.8,25.94,True,普联软件,False
2023-09-06,59.321,59.903,58.537,59.455,13116.0,34075368.0,25.92,26.18,25.57,25.98,True,普联软件,False
2023-09-07,59.858,59.858,58.425,58.604,10126.0,25922560.0,26.16,26.16,25.52,25.6,True,普联软件,False
2023-09-08,58.559,59.59,57.932,59.276,10860.0,28127400.0,25.58,26.04,25.3,25.9,True,普联软件,False
2023-09-11,59.298,59.724,58.066,58.582,18050.0,46189950.0,25.91,26.1,25.36,25.59,True,普联软件,False
2023-09-12,58.761,59.724,58.156,58.649,20322.0,52064964.0,25.67,26.1,25.4,25.62,True,普联软件,False
2023-09-13,58.223,59.074,57.036,57.887,13943.0,35247904.0,25.43,25.81,24.9,25.28,True,普联软件,False
2023-09-14,57.058,57.686,55.782,56.498,15888.0,39179808.0,24.91,25.19,24.34,24.66,True,普联软件,False
2023-09-15,57.058,57.058,55.468,55.804,12734.0,31007290.0,24.91,24.91,24.2,24.35,True,普联软件,False
2023-09-18,55.199,56.566,54.818,55.356,8450.0,20406750.0,24.08,24.69,23.91,24.15,True,普联软件,False
2023-09-19,55.02,55.356,53.721,53.878,13269.0,31168881.0,24.0,24.15,23.42,23.49,True,普联软件,False
2023-09-20,53.497,55.11,53.34,53.34,10723.0,24930975.0,23.32,24.04,23.25,23.25,True,普联软件,False
2023-09-21,53.25,54.46,52.735,53.026,9182.0,21219602.0,23.21,23.75,22.98,23.11,True,普联软件,False
2023-09-22,52.735,54.863,52.735,54.774,13500.0,32251500.0,22.98,23.93,22.98,23.89,True,普联软件,False
2023-09-25,54.415,54.751,52.556,53.004,17672.0,40822320.0,23.73,23.88,22.9,23.1,True,普联软件,False
2023-09-26,52.332,54.124,52.175,53.609,12051.0,28163187.0,22.8,23.6,22.73,23.37,True,普联软件,False
2023-09-27,53.519,54.348,52.959,53.855,10846.0,25466408.0,23.33,23.7,23.08,23.48,True,普联软件,False
2023-09-28,53.855,54.303,52.31,52.466,17904.0,40928544.0,23.48,23.68,22.79,22.86,True,普联软件,False
2023-10-09,52.713,54.729,52.511,53.497,15905.0,37090460.0,22.97,23.87,22.88,23.32,True,普联软件,False
2023-10-10,53.497,55.199,52.982,54.639,22490.0,53593669.99999999,23.32,24.08,23.09,23.83,True,普联软件,False
2023-10-11,54.594,55.378,53.071,54.102,21908.0,51680972.0,23.81,24.16,23.13,23.59,True,普联软件,False
2023-10-12,54.258,56.23,53.833,55.692,34827.0,84629610.0,23.66,24.54,23.47,24.3,True,普联软件,False
2023-10-13,55.49,56.879,54.527,55.065,28509.0,68478618.0,24.21,24.83,23.78,24.02,True,普联软件,False
2023-10-16,55.222,55.222,52.802,53.228,17592.0,40813440.0,24.09,24.09,23.01,23.2,True,普联软件,False
2023-10-17,53.026,63.622,52.937,59.276,96388.0,249644920.0,23.11,27.84,23.07,25.9,True,普联软件,False
2023-10-18,55.02,56.118,51.682,54.348,101165.0,239761050.0,24.0,24.49,22.51,23.7,True,普联软件,False
2023-10-19,52.78,54.953,49.599,49.622,76825.0,165865175.0,23.0,23.97,21.58,21.59,True,普联软件,False
2023-10-20,49.196,51.01,48.524,49.106,44552.0,95163072.0,21.4,22.21,21.1,21.36,True,普联软件,False
2023-10-23,49.353,49.599,47.852,48.278,29588.0,62105211.99999999,21.47,21.58,20.8,20.99,True,普联软件,False
2023-10-24,48.524,50.831,47.449,49.599,35385.0,76360830.0,21.1,22.13,20.62,21.58,True,普联软件,False
2023-10-25,50.361,52.69,49.465,52.018,48687.0,110324742.0,21.92,22.96,21.52,22.66,True,普联软件,False
2023-10-26,52.444,53.183,51.279,53.004,31507.0,72781170.0,22.85,23.18,22.33,23.1,True,普联软件,False
2023-10-27,52.578,52.982,50.092,50.764,49628.0,109677880.0,22.91,23.09,21.8,22.1,True,普联软件,False
2023-10-30,50.54,51.234,49.554,51.1,36342.0,80860950.0,22.0,22.31,21.56,22.25,True,普联软件,False
2023-10-31,50.831,51.66,50.092,50.697,24079.0,53142353.0,22.13,22.5,21.8,22.07,True,普联软件,False
2023-11-01,50.764,52.31,50.45,50.831,33827.0,74859151.0,22.1,22.79,21.96,22.13,True,普联软件,False
2023-11-02,51.033,52.623,50.54,50.607,29112.0,64133736.0,22.22,22.93,22.0,22.03,True,普联软件,False
2023-11-03,50.607,52.175,50.316,51.638,38641.0,86903609.0,22.03,22.73,21.9,22.49,True,普联软件,False
2023-11-06,51.884,56.095,51.884,55.132,55801.0,134201405.0,22.6,24.48,22.6,24.05,True,普联软件,False
2023-11-07,55.154,56.162,54.706,55.49,26506.0,64171026.0,24.06,24.51,23.86,24.21,True,普联软件,False
2023-11-08,55.401,57.753,55.02,56.857,38673.0,95986386.0,24.17,25.22,24.0,24.82,True,普联软件,False
2023-11-09,56.476,57.82,55.401,55.804,24861.0,60536535.0,24.65,25.25,24.17,24.35,True,普联软件,False
2023-11-10,56.006,56.006,54.505,54.796,21630.0,51695700.0,24.44,24.44,23.77,23.9,True,普联软件,False
2023-11-13,54.796,56.857,53.9,56.812,35932.0,89111360.0,23.9,24.82,23.5,24.8,True,普联软件,False
2023-11-14,56.834,58.447,56.252,57.999,27700.0,70164100.0,24.81,25.53,24.55,25.33,True,普联软件,False
2023-11-15,58.514,59.679,57.932,58.716,38029.0,97544385.0,25.56,26.08,25.3,25.65,True,普联软件,False
2023-11-16,58.559,59.903,57.417,58.38,24969.0,63670950.0,25.58,26.18,25.07,25.5,True,普联软件,False
2023-11-17,57.932,59.5,57.932,58.918,19733.0,50792742.0,25.3,26.0,25.3,25.74,True,普联软件,False
2023-11-20,59.03,61.628,58.425,61.09,41828.0,111722588.0,25.79,26.95,25.52,26.71,True,普联软件,False
2023-11-21,62.143,65.839,60.508,60.978,54062.0,144129292.0,27.18,28.83,26.45,26.66,True,普联软件,False
2023-11-22,60.418,62.3,59.03,59.59,33985.0,88496940.0,26.41,27.25,25.79,26.04,True,普联软件,False
2023-11-23,59.746,64.338,58.85,63.644,71961.0,200411385.0,26.11,28.16,25.71,27.85,True,普联软件,False
2023-11-24,63.823,63.868,60.844,62.054,53882.0,146235748.0,27.93,27.95,26.6,27.14,True,普联软件,False
2023-11-27,61.695,63.398,59.993,60.866,40361.0,107400621.0,26.98,27.74,26.22,26.61,True,普联软件,False
2023-11-28,60.687,61.068,57.977,59.478,55321.0,143779279.0,26.53,26.7,25.32,25.99,True,普联软件,False
2023-11-29,59.903,60.284,57.977,58.246,27966.0,71145504.0,26.18,26.35,25.32,25.44,True,普联软件,False
2023-11-30,58.694,60.374,57.73,59.478,38516.0,100103084.0,25.64,26.39,25.21,25.99,True,普联软件,False
2023-12-01,59.298,63.711,58.918,62.546,51353.0,140501808.0,25.91,27.88,25.74,27.36,True,普联软件,False
2023-12-04,62.434,63.375,60.866,62.658,26572.0,72833852.0,27.31,27.73,26.61,27.41,True,普联软件,False
2023-12-05,62.412,64.585,61.314,61.807,37387.0,101057061.0,27.3,28.27,26.81,27.03,True,普联软件,False
2023-12-06,62.233,62.345,59.97,61.561,23775.0,64002300.00000001,27.22,27.27,26.21,26.92,True,普联软件,False
2023-12-07,61.09,61.561,58.985,60.284,30358.0,79993330.0,26.71,26.92,25.77,26.35,True,普联软件,False
2023-12-08,60.284,61.292,59.209,59.724,17538.0,45774180.0,26.35,26.8,25.87,26.1,True,普联软件,False
2023-12-11,59.5,60.732,59.007,59.545,21676.0,56400952.0,26.0,26.55,25.78,26.02,True,普联软件,False
2023-12-12,59.522,59.903,57.238,57.865,36962.0,93402974.0,26.01,26.18,24.99,25.27,True,普联软件,False
2023-12-13,58.111,60.62,57.887,58.38,38538.0,98271900.0,25.38,26.5,25.28,25.5,True,普联软件,False
2023-12-14,58.38,59.433,57.103,57.394,19614.0,49152684.0,25.5,25.97,24.93,25.06,True,普联软件,False
2023-12-15,57.417,58.313,56.969,57.26,14676.0,36690000.0,25.07,25.47,24.87,25.0,True,普联软件,False
2023-12-18,58.134,59.119,56.364,56.678,19292.0,47728408.0,25.39,25.83,24.6,24.74,True,普联软件,False
2023-12-19,56.566,57.618,55.871,57.618,16750.0,42143000.0,24.69,25.16,24.38,25.16,True,普联软件,False
2023-12-20,57.215,57.641,55.58,55.625,14665.0,35591955.0,24.98,25.17,24.25,24.27,True,普联软件,False
2023-12-21,55.199,58.313,55.199,57.036,35184.0,87608160.0,24.08,25.47,24.08,24.9,True,普联软件,False
2023-12-22,56.521,57.238,55.02,55.334,16726.0,40376564.0,24.67,24.99,24.0,24.14,True,普联软件,False
2023-12-25,55.289,55.916,53.766,54.662,16750.0,39932000.0,24.12,24.4,23.44,23.84,True,普联软件,False
2023-12-26,54.662,54.684,53.049,53.474,18186.0,42391566.0,23.84,23.85,23.12,23.31,True,普联软件,False
2023-12-27,53.43,54.37,52.242,53.362,33568.0,78079168.0,23.29,23.71,22.76,23.26,True,普联软件,False
2023-12-28,54.034,54.236,52.578,53.833,31823.0,74688581.0,23.56,23.65,22.91,23.47,True,普联软件,False
2023-12-29,53.721,54.236,51.548,52.556,69665.0,159532850.0,23.42,23.65,22.45,22.9,True,普联软件,False
2024-01-02,52.018,52.466,51.346,51.391,31320.0,70094160.0,22.66,22.86,22.36,22.38,True,普联软件,False
2024-01-03,51.346,51.727,50.876,51.481,23110.0,51812620.00000001,22.36,22.53,22.15,22.42,True,普联软件,False
2024-01-04,51.638,51.884,50.786,50.876,17487.0,38733705.0,22.49,22.6,22.11,22.15,True,普联软件,False
2024-01-05,51.01,51.212,49.689,50.226,18026.0,39404836.0,22.21,22.3,21.62,21.86,True,普联软件,False
2024-01-08,49.241,50.249,48.367,48.546,24635.0,52004485.0,21.42,21.87,21.03,21.11,True,普联软件,False
2024-01-09,49.062,49.33,47.65,48.345,23872.0,50178944.0,21.34,21.46,20.71,21.02,True,普联软件,False
2024-01-10,48.322,48.322,46.53,46.642,29852.0,60480152.00000001,21.01,21.01,20.21,20.26,True,普联软件,False
2024-01-11,46.71,47.919,46.508,47.74,24527.0,50893525.0,20.29,20.83,20.2,20.75,True,普联软件,False
2024-01-12,47.673,47.897,46.62,46.732,16175.0,32835250.0,20.72,20.82,20.25,20.3,True,普联软件,False
2024-01-15,46.732,46.732,45.164,45.388,50886.0,100245420.0,20.3,20.3,19.6,19.7,True,普联软件,False
2024-01-16,45.612,45.724,43.506,44.447,52982.0,102149296.0,19.8,19.85,18.86,19.28,True,普联软件,False
2024-01-17,44.514,44.716,42.23,42.386,41877.0,76886172.0,19.31,19.4,18.29,18.36,True,普联软件,False
2024-01-18,42.252,42.991,39.564,40.863,92546.0,163621328.0,18.3,18.63,17.1,17.68,True,普联软件,False
2024-01-19,41.132,41.311,40.034,40.079,50254.0,87090181.99999999,17.8,17.88,17.31,17.33,True,普联软件,False
2024-01-22,40.348,40.482,37.458,37.862,47744.0,78013696.0,17.45,17.51,16.16,16.34,True,普联软件,False
2024-01-23,38.086,38.175,37.122,37.705,44819.0,72920513.0,16.44,16.48,16.01,16.27,True,普联软件,False
2024-01-24,37.682,38.399,35.958,37.57,55703.0,90294563.0,16.26,16.58,15.49,16.21,True,普联软件,False
2024-01-25,37.503,38.892,37.19,38.69,45515.0,76055565.0,16.18,16.8,16.04,16.71,True,普联软件,False
2024-01-26,38.69,39.273,37.682,37.772,47072.0,76727360.0,16.71,16.97,16.26,16.3,True,普联软件,False
2024-01-29,37.996,38.668,36.495,36.495,36897.0,58038981.0,16.4,16.7,15.73,15.73,True,普联软件,False
2024-01-30,36.54,37.705,35.734,36.092,47274.0,73511070.0,15.75,16.27,15.39,15.55,True,普联软件,False
2024-01-31,36.294,36.294,33.516,33.807,55152.0,80135856.0,15.64,15.64,14.4,14.53,True,普联软件,False
2024-02-01,34.054,34.076,32.553,33.18,64206.0,91493550.0,14.64,14.65,13.97,14.25,True,普联软件,False
2024-02-02,33.426,33.83,30.156,31.276,61844.0,82870960.0,14.36,14.54,12.9,13.4,True,普联软件,False
2024-02-05,31.142,31.209,26.662,27.49,82944.0,97127424.0,13.34,13.37,11.34,11.71,True,普联软件,False
2024-02-06,27.423,29.417,25.206,28.252,107970.0,130103850.0,11.68,12.57,10.69,12.05,True,普联软件,False
2024-02-07,28.319,28.633,26.079,27.199,145952.0,169012416.0,12.08,12.22,11.08,11.58,True,普联软件,False
2024-02-08,26.572,32.396,25.295,32.396,139229.0,193528310.0,11.3,13.9,10.73,13.9,True,普联软件,False
2024-02-19,32.62,34.703,31.702,33.113,100320.0,142655040.0,14.0,14.93,13.59,14.22,True,普联软件,False
2024-02-20,32.844,33.404,31.948,33.27,55782.0,79712478.0,14.1,14.35,13.7,14.29,True,普联软件,False
2024-02-21,32.956,37.503,32.53,34.86,100535.0,150802500.0,14.15,16.18,13.96,15.0,True,普联软件,False
2024-02-22,34.972,36.809,34.479,36.786,77577.0,123037122.0,15.05,15.87,14.83,15.86,True,普联软件,False
2024-02-23,36.786,38.444,35.98,38.444,70927.0,117738820.0,15.86,16.6,15.5,16.6,True,普联软件,False
2024-02-26,38.444,39.385,37.391,38.242,65080.0,107447080.0,16.6,17.02,16.13,16.51,True,普联软件,False
2024-02-27,38.646,39.788,38.466,39.743,95276.0,163684168.0,16.69,17.2,16.61,17.18,True,普联软件,False
2024-02-28,39.788,40.438,35.532,35.644,118851.0,182436285.0,17.2,17.49,15.3,15.35,True,普联软件,False
2024-02-29,35.532,37.212,34.86,36.876,55876.0,88842840.0,15.3,16.05,15.0,15.9,True,普联软件,False
2024-03-01,36.831,38.153,36.45,37.862,63261.0,103368474.0,15.88,16.47,15.71,16.34,True,普联软件,False
2024-03-04,38.422,38.892,37.324,38.556,58914.0,98091810.0,16.59,16.8,16.1,16.65,True,普联软件,False
2024-03-05,38.175,39.071,36.876,37.257,60784.0,97679888.0,16.48,16.88,15.9,16.07,True,普联软件,False
2024-03-06,37.078,37.839,36.137,37.481,51670.0,83550390.00000001,15.99,16.33,15.57,16.17,True,普联软件,False
2024-03-07,37.817,38.13,35.98,36.114,43437.0,67587972.0,16.32,16.46,15.5,15.56,True,普联软件,False
2024-03-08,35.935,36.719,35.846,36.45,34090.0,53555390.0,15.48,15.83,15.44,15.71,True,普联软件,False
2024-03-11,36.159,37.503,36.159,37.503,38596.0,62448328.0,15.58,16.18,15.58,16.18,True,普联软件,False
2024-03-12,37.615,38.018,37.145,37.839,32166.0,52527077.99999999,16.23,16.41,16.02,16.33,True,普联软件,False
2024-03-13,38.041,39.295,38.018,39.004,73300.0,123510500.0,16.42,16.98,16.41,16.85,True,普联软件,False
2024-03-14,38.534,38.623,36.652,37.66,60162.0,97763250.0,16.64,16.68,15.8,16.25,True,普联软件,False
2024-03-15,37.234,37.615,36.585,37.526,51257.0,82985083.0,16.06,16.23,15.77,16.19,True,普联软件,False
2024-03-18,37.817,38.668,37.346,38.668,50472.0,84288240.0,16.32,16.7,16.11,16.7,True,普联软件,False
2024-03-19,38.668,39.497,38.108,38.87,59358.0,99662082.0,16.7,17.07,16.45,16.79,True,普联软件,False
2024-03-20,39.116,40.348,38.713,40.214,69748.0,121291772.0,16.9,17.45,16.72,17.39,True,普联软件,False
2024-03-21,40.393,40.886,39.116,39.878,63556.0,109570544.0,17.47,17.69,16.9,17.24,True,普联软件,False
2024-03-22,39.654,39.99,38.108,39.228,53633.0,90907935.0,17.14,17.29,16.45,16.95,True,普联软件,False
2024-03-25,39.094,39.474,37.1,37.391,51841.0,83619533.0,16.89,17.06,16.0,16.13,True,普联软件,False
2024-03-26,37.57,37.638,35.711,36.361,38886.0,60934362.0,16.21,16.24,15.38,15.67,True,普联软件,False
2024-03-27,36.383,36.495,33.785,34.031,43463.0,63586369.0,15.68,15.73,14.52,14.63,True,普联软件,False
2024-03-28,34.076,35.689,33.74,35.241,44437.0,67410929.0,14.65,15.37,14.5,15.17,True,普联软件,False
2024-03-29,35.218,35.801,34.658,35.196,28921.0,43815315.0,15.16,15.42,14.91,15.15,True,普联软件,False
2024-04-01,35.442,36.63,35.286,36.518,35404.0,55725896.0,15.26,15.79,15.19,15.74,True,普联软件,False
2024-04-02,36.562,36.854,35.398,35.89,34911.0,53972406.0,15.76,15.89,15.24,15.46,True,普联软件,False
2024-04-03,36.137,36.137,34.793,34.905,31360.0,47102720.0,15.57,15.57,14.97,15.02,True,普联软件,False
2024-04-08,35.084,35.084,33.606,33.606,32805.0,47370420.0,15.1,15.1,14.44,14.44,True,普联软件,False
2024-04-09,33.695,34.412,33.65,34.233,23252.0,34226944.0,14.48,14.8,14.46,14.72,True,普联软件,False
2024-04-10,34.524,34.524,32.665,32.889,28592.0,40371904.0,14.85,14.85,14.02,14.12,True,普联软件,False
2024-04-11,32.665,34.076,32.463,33.807,37045.0,53826385.0,14.02,14.65,13.93,14.53,True,普联软件,False
2024-04-12,33.718,34.95,33.292,33.964,39052.0,57015920.0,14.49,15.04,14.3,14.6,True,普联软件,False
2024-04-15,34.86,35.084,31.231,31.948,90859.0,124476830.0,15.0,15.1,13.38,13.7,True,普联软件,False
2024-04-16,31.209,31.791,29.282,29.708,64650.0,82105500.0,13.37,13.63,12.51,12.7,True,普联软件,False
2024-04-17,30.514,33.18,30.514,33.09,56713.0,80589173.0,13.06,14.25,13.06,14.21,True,普联软件,False
2024-04-18,33.09,33.942,32.418,32.911,50057.0,70730541.0,14.21,14.59,13.91,14.13,True,普联软件,False
2024-04-19,32.687,33.718,32.396,33.247,43579.0,62230812.0,14.03,14.49,13.9,14.28,True,普联软件,False
2024-04-22,33.023,37.884,32.172,36.719,120464.0,190694512.0,14.18,16.35,13.8,15.83,True,普联软件,False
2024-04-23,36.226,36.585,35.42,35.622,94003.0,144200602.0,15.61,15.77,15.25,15.34,True,普联软件,False
2024-04-24,35.622,37.839,35.398,37.279,103767.0,166857335.99999997,15.34,16.33,15.24,16.08,True,普联软件,False
2024-04-25,37.078,37.078,36.226,36.518,67224.0,105810576.0,15.99,15.99,15.61,15.74,True,普联软件,False
2024-04-26,36.473,38.153,36.159,37.458,81853.0,132274448.0,15.72,16.47,15.58,16.16,True,普联软件,False
2024-04-29,37.481,38.086,37.212,37.727,77658.0,126427224.0,16.17,16.44,16.05,16.28,True,普联软件,False
2024-04-30,37.75,39.071,37.01,37.906,76856.0,125736416.0,16.29,16.88,15.96,16.36,True,普联软件,False
2024-05-06,38.265,38.758,37.794,38.175,61025.0,100569200.0,16.52,16.74,16.31,16.48,True,普联软件,False
2024-05-07,37.906,39.452,37.839,38.511,62691.0,104255133.0,16.36,17.05,16.33,16.63,True,普联软件,False
2024-05-08,38.22,38.601,37.078,37.212,51196.0,82169580.0,16.5,16.67,15.99,16.05,True,普联软件,False
2024-05-09,37.055,37.615,36.764,36.921,57864.0,92119488.0,15.98,16.23,15.85,15.92,True,普联软件,False
2024-05-10,36.943,37.369,35.711,36.025,56116.0,87092032.0,15.93,16.12,15.38,15.52,True,普联软件,False
2024-05-13,35.89,35.89,34.367,34.524,43118.0,64030230.0,15.46,15.46,14.78,14.85,True,普联软件,False
2024-05-14,34.546,35.308,34.21,34.502,37414.0,55522376.0,14.86,15.2,14.71,14.84,True,普联软件,False
2024-05-15,34.434,34.815,33.762,33.964,33333.0,48666180.0,14.81,14.98,14.51,14.6,True,普联软件,False
2024-05-16,34.121,34.591,33.852,34.098,35287.0,51730742.0,14.67,14.88,14.55,14.66,True,普联软件,False
2024-05-17,34.188,35.778,33.762,35.286,57205.0,86894395.0,14.7,15.41,14.51,15.19,True,普联软件,False
2024-05-20,35.084,36.159,34.681,35.532,45262.0,69250860.0,15.1,15.58,14.92,15.3,True,普联软件,False
2024-05-21,36.159,36.182,35.106,35.711,40938.0,62962644.0,15.58,15.59,15.11,15.38,True,普联软件,False
2024-05-22,35.42,36.114,35.308,35.98,33656.0,52166800.0,15.25,15.56,15.2,15.5,True,普联软件,False
2024-05-23,36.07,36.182,34.86,34.972,35378.0,53243890.0,15.54,15.59,15.0,15.05,True,普联软件,False
2024-05-24,35.51,35.51,33.942,34.009,33127.0,48431674.0,15.29,15.29,14.59,14.62,True,普联软件,False
2024-05-27,34.367,34.412,33.113,34.39,26294.0,38888826.0,14.78,14.8,14.22,14.79,True,普联软件,False
2024-05-28,34.3,34.614,33.74,33.919,20617.0,30059586.0,14.75,14.89,14.5,14.58,True,普联软件,False
2024-05-29,34.21,35.375,33.74,34.121,33501.0,49145967.0,14.71,15.23,14.5,14.67,True,普联软件,False
2024-05-30,34.054,34.367,33.27,34.121,24623.0,36121941.0,14.64,14.78,14.29,14.67,True,普联软件,False
2024-05-31,34.39,35.062,34.054,34.905,33648.0,50539296.0,14.79,15.09,14.64,15.02,True,普联软件,False
2024-06-03,34.905,34.972,33.919,34.21,26255.0,38621105.0,15.02,15.05,14.58,14.71,True,普联软件,False
2024-06-04,34.278,34.39,32.53,32.934,34021.0,48105694.0,14.74,14.79,13.96,14.14,True,普联软件,False
2024-06-05,32.822,33.404,32.62,32.642,20622.0,28891422.0,14.09,14.35,14.0,14.01,True,普联软件,False
2024-06-06,32.822,33.023,30.649,31.388,42251.0,56827595.0,14.09,14.18,13.12,13.45,True,普联软件,False
2024-06-07,31.478,32.172,31.142,31.836,31281.0,42698565.0,13.49,13.8,13.34,13.65,True,普联软件,False
2024-06-11,31.41,33.068,30.828,32.665,34323.0,48120846.0,13.46,14.2,13.2,14.02,True,普联软件,False
2024-06-12,32.754,33.247,32.508,32.799,23823.0,33542784.0,14.06,14.28,13.95,14.08,True,普联软件,False
2024-06-13,32.844,33.583,32.598,33.247,29086.0,41534808.0,14.1,14.43,13.99,14.28,True,普联软件,False
2024-06-14,33.292,33.695,32.665,33.068,18035.0,25609700.0,14.3,14.48,14.02,14.2,True,普联软件,False
2024-06-17,33.023,33.023,32.463,32.62,23433.0,32806200.0,14.18,14.18,13.93,14.0,True,普联软件,False
2024-06-18,32.642,33.74,32.553,33.426,36368.0,52224448.0,14.01,14.5,13.97,14.36,True,普联软件,False
2024-06-19,33.494,34.793,32.799,33.762,64488.0,93572088.0,14.39,14.97,14.08,14.51,True,普联软件,False
2024-06-20,33.628,33.807,32.598,32.665,52028.0,72943256.0,14.45,14.53,13.99,14.02,True,普联软件,False
2024-06-21,32.463,32.866,31.836,32.306,32588.0,45166968.0,13.93,14.11,13.65,13.86,True,普联软件,False
2024-06-24,32.262,32.262,30.649,30.738,43878.0,57743448.0,13.84,13.84,13.12,13.16,True,普联软件,False
2024-06-25,30.738,32.127,30.38,31.679,55443.0,75291594.0,13.16,13.78,13.0,13.58,True,普联软件,False
2024-06-26,31.567,33.606,30.783,33.606,93924.0,134687016.0,13.43,14.34,13.08,14.34,True,普联软件,False
2024-06-27,34.188,35.935,33.606,35.375,165474.0,250362162.0,14.6,15.38,14.34,15.13,True,普联软件,False
2024-06-28,34.031,35.913,33.404,34.345,126216.0,185158872.0,14.53,15.37,14.25,14.67,True,普联软件,False
2024-07-01,35.084,35.554,34.412,35.062,98842.0,148164158.0,15.0,15.21,14.7,14.99,True,普联软件,False
2024-07-02,41.782,41.782,41.782,41.782,177911.0,320061889.0,17.99,17.99,17.99,17.99,True,普联软件,False
2024-07-03,44.022,44.022,37.772,37.772,379124.0,614180880.0,18.99,18.99,16.2,16.2,True,普联软件,False
2024-07-04,36.697,37.055,35.039,35.711,229805.0,351142040.0,15.72,15.88,14.98,15.28,True,普联软件,False
2024-07-05,35.308,37.1,34.636,36.406,215684.0,336251356.0,15.1,15.9,14.8,15.59,True,普联软件,False
2024-07-08,35.868,36.159,33.202,33.359,155054.0,220641842.0,15.35,15.48,14.16,14.23,True,普联软件,False
2024-07-09,32.844,34.681,31.858,34.166,159179.0,232242161.0,14.0,14.82,13.56,14.59,True,普联软件,False
2024-07-10,34.009,35.711,33.606,34.658,142332.0,210793692.0,14.52,15.28,14.34,14.81,True,普联软件,False
2024-07-11,35.286,36.249,34.658,35.51,133466.0,202734854.0,15.09,15.52,14.81,15.19,True,普联软件,False
2024-07-12,35.487,36.876,35.218,35.689,134000.0,204618000.0,15.18,15.8,15.06,15.27,True,普联软件,False
2024-07-15,35.196,35.599,34.121,34.412,96285.0,141538950.0,15.05,15.23,14.57,14.7,True,普联软件,False
2024-07-16,34.21,35.734,33.538,35.599,112141.0,170790743.0,14.61,15.29,14.31,15.23,True,普联软件,False
2024-07-17,36.316,36.54,34.86,34.972,111317.0,166418915.0,15.55,15.65,14.9,14.95,True,普联软件,False
2024-07-18,34.524,37.66,34.054,36.988,171796.0,272296660.0,14.75,16.15,14.54,15.85,True,普联软件,False
2024-07-19,37.078,38.31,36.943,37.1,163493.0,259953870.0,15.89,16.44,15.83,15.9,True,普联软件,False
2024-07-22,37.996,39.25,37.436,37.727,162095.0,262269710.0,16.3,16.86,16.05,16.18,True,普联软件,False
2024-07-23,36.988,37.974,36.249,36.338,113435.0,176504860.0,15.85,16.29,15.52,15.56,True,普联软件,False
2024-07-24,35.778,36.338,35.174,35.353,82521.0,124771752.0,15.31,15.56,15.04,15.12,True,普联软件,False
2024-07-25,34.77,35.465,33.762,34.882,74234.0,110682894.0,14.86,15.17,14.41,14.91,True,普联软件,False
2024-07-26,34.524,35.263,34.098,34.793,67305.0,100082535.0,14.75,15.08,14.56,14.87,True,普联软件,False
2024-07-29,34.77,35.644,34.614,35.286,68365.0,103162785.0,14.86,15.25,14.79,15.09,True,普联软件,False
2024-07-30,34.86,35.756,34.569,35.554,58246.0,88592166.0,14.9,15.3,14.77,15.21,True,普联软件,False
2024-07-31,35.465,37.078,35.308,36.854,81533.0,128740607.0,15.17,15.89,15.1,15.79,True,普联软件,False
2024-08-01,36.697,37.526,36.607,37.055,69006.0,109581528.0,15.72,16.09,15.68,15.88,True,普联软件,False
2024-08-02,36.764,37.458,36.316,36.383,59637.0,92914446.0,15.75,16.06,15.55,15.58,True,普联软件,False
2024-08-05,35.89,36.742,34.726,34.838,59096.0,87993944.0,15.36,15.74,14.84,14.89,True,普联软件,False
2024-08-06,35.756,35.868,34.815,35.823,44190.0,67743270.0,15.3,15.35,14.88,15.33,True,普联软件,False
2024-08-07,35.711,36.809,35.711,36.473,52272.0,81648864.0,15.28,15.77,15.28,15.62,True,普联软件,False
2024-08-08,36.226,36.271,34.882,35.017,53292.0,79778124.0,15.51,15.53,14.91,14.97,True,普联软件,False
2024-08-09,35.241,35.33,34.39,34.39,37251.0,54721719.0,15.07,15.11,14.69,14.69,True,普联软件,False
2024-08-12,34.255,35.375,33.942,34.994,45668.0,68319328.0,14.63,15.13,14.49,14.96,True,普联软件,False
2024-08-13,34.815,35.442,34.815,35.375,27970.0,42318610.0,14.88,15.16,14.88,15.13,True,普联软件,False
2024-08-14,35.308,35.622,35.174,35.286,24407.0,36830163.0,15.1,15.24,15.04,15.09,True,普联软件,False
2024-08-15,34.994,36.137,34.748,36.137,43918.0,67941146.0,14.96,15.47,14.85,15.47,True,普联软件,False
2024-08-16,36.137,36.786,35.89,36.294,46691.0,72557814.0,15.47,15.76,15.36,15.54,True,普联软件,False
2024-08-19,36.316,37.951,36.114,37.817,118711.0,192549242.0,15.55,16.28,15.46,16.22,True,普联软件,False
2024-08-20,37.548,37.57,35.801,36.674,88459.0,138969089.0,16.1,16.11,15.32,15.71,True,普联软件,False
2024-08-21,36.518,37.055,36.182,36.428,48737.0,76029720.0,15.64,15.88,15.49,15.6,True,普联软件,False
2024-08-22,36.428,37.257,35.308,35.554,58904.0,89592984.0,15.6,15.97,15.1,15.21,True,普联软件,False
2024-08-23,35.577,37.257,35.487,37.122,82213.0,130800883.0,15.22,15.97,15.18,15.91,True,普联软件,False
2024-08-26,37.078,37.682,36.495,37.526,75160.0,120932440.0,15.89,16.16,15.63,16.09,True,普联软件,False
2024-08-27,37.1,37.906,35.958,36.182,70406.0,109058894.0,15.9,16.26,15.39,15.49,True,普联软件,False
2024-08-28,35.868,36.495,35.263,36.338,45250.0,70409000.0,15.35,15.63,15.08,15.56,True,普联软件,False
2024-08-29,36.092,37.346,35.734,37.234,55549.0,88656204.0,15.45,16.01,15.29,15.96,True,普联软件,False
2024-08-30,37.01,41.804,36.921,39.497,147690.0,250629930.0,15.86,18.0,15.82,16.97,True,普联软件,False
2024-09-02,39.161,39.788,38.377,38.534,98973.0,163701342.0,16.82,17.1,16.47,16.54,True,普联软件,False
2024-09-03,38.623,39.318,38.108,39.295,76461.0,129066168.0,16.58,16.89,16.35,16.88,True,普联软件,False
2024-09-04,38.713,39.542,37.906,38.13,64856.0,106104416.0,16.62,16.99,16.26,16.36,True,普联软件,False
2024-09-05,38.466,38.825,38.153,38.556,48950.0,81012250.0,16.51,16.67,16.37,16.55,True,普联软件,False
2024-09-06,38.354,39.071,37.324,37.593,59952.0,96642624.0,16.46,16.78,16.0,16.12,True,普联软件,False
2024-09-09,37.01,37.503,36.271,36.809,40594.0,64016738.0,15.86,16.08,15.53,15.77,True,普联软件,False
2024-09-10,36.809,38.086,36.271,37.951,49137.0,79995036.0,15.77,16.34,15.53,16.28,True,普联软件,False
2024-09-11,37.593,38.265,37.212,38.041,37972.0,61970304.0,16.12,16.42,15.95,16.32,True,普联软件,False
2024-09-12,38.22,39.295,37.839,38.22,74963.0,122939320.0,16.4,16.88,16.23,16.4,True,普联软件,False
2024-09-13,37.884,38.13,36.876,37.033,54737.0,86867619.0,16.25,16.36,15.8,15.87,True,普联软件,False
2024-09-18,35.286,36.204,33.27,33.673,106855.0,153550635.0,15.09,15.5,14.19,14.37,True,普联软件,False
2024-09-19,33.807,34.591,33.18,34.322,53560.0,78518960.0,14.43,14.78,14.15,14.66,True,普联软件,False
2024-09-20,34.3,35.308,34.143,35.017,44906.0,67224282.0,14.65,15.1,14.58,14.97,True,普联软件,False
2024-09-23,35.196,35.51,34.412,34.815,34179.0,50858352.0,15.05,15.19,14.7,14.88,True,普联软件,False
2024-09-24,34.882,35.375,33.561,35.062,70648.0,105901352.0,14.91,15.13,14.32,14.99,True,普联软件,False
2024-09-25,35.308,36.719,35.241,35.644,79376.0,121048400.0,15.1,15.73,15.07,15.25,True,普联软件,False
2024-09-26,35.42,36.473,34.972,36.316,61229.0,95211095.0,15.15,15.62,14.95,15.55,True,普联软件,False
2024-09-27,36.966,40.617,36.966,39.228,140356.0,236499860.00000003,15.84,17.47,15.84,16.85,True,普联软件,False
2024-09-30,42.028,46.217,40.796,45.836,212230.0,420215400.0,18.1,19.97,17.55,19.8,True,普联软件,False
2024-10-08,54.684,54.706,48.054,54.706,226804.0,538886304.0,23.75,23.76,20.79,23.76,True,普联软件,False
2024-10-09,50.764,52.914,46.956,48.054,183511.0,381519369.0,22.0,22.96,20.3,20.79,True,普联软件,False
2024-10-10,49.375,50.182,46.329,46.732,102717.0,207488340.0,21.38,21.74,20.02,20.2,True,普联软件,False
2024-10-11,45.791,46.396,43.058,43.82,96066.0,181564740.0,19.78,20.05,18.56,18.9,True,普联软件,False
2024-10-14,43.865,46.239,42.991,46.15,88629.0,176726226.0,18.92,19.98,18.53,19.94,True,普联软件,False
2024-10-15,45.388,48.479,44.985,45.612,125306.0,246852820.0,19.6,20.98,19.42,19.7,True,普联软件,False
2024-10-16,44.716,47.18,44.268,46.598,84093.0,169363302.0,19.3,20.4,19.1,20.14,True,普联软件,False
2024-10-17,47.001,48.054,46.508,46.53,101981.0,205083791.0,20.32,20.79,20.1,20.11,True,普联软件,False
2024-10-18,46.06,49.711,45.612,47.852,121167.0,250815690.0,19.9,21.53,19.7,20.7,True,普联软件,False
2024-10-21,48.054,48.994,47.113,48.95,131599.0,278858281.0,20.79,21.21,20.37,21.19,True,普联软件,False
2024-10-22,48.367,48.367,45.634,46.127,132368.0,263809424.0,20.93,20.93,19.71,19.93,True,普联软件,False
2024-10-23,46.06,46.732,45.388,45.657,70459.0,138945148.0,19.9,20.2,19.6,19.72,True,普联软件,False
2024-10-24,45.388,46.598,44.313,46.127,83522.0,166459346.0,19.6,20.14,19.12,19.93,True,普联软件,False
2024-10-25,46.284,47.023,45.836,46.732,78439.0,158446780.0,20.0,20.33,19.8,20.2,True,普联软件,False
2024-10-28,47.852,49.554,46.866,48.748,130376.0,275093360.0,20.7,21.46,20.26,21.1,True,普联软件,False
2024-10-29,48.748,49.106,46.351,46.418,115331.0,231353986.0,21.1,21.26,20.03,20.06,True,普联软件,False
2024-10-30,46.15,47.426,45.276,46.777,77693.0,157095246.0,19.94,20.51,19.55,20.22,True,普联软件,False
2024-10-31,46.284,47.27,45.276,46.844,79591.0,161171775.0,20.0,20.44,19.55,20.25,True,普联软件,False
2024-11-01,46.284,46.508,43.058,43.103,90383.0,167931613.99999997,20.0,20.1,18.56,18.58,True,普联软件,False
2024-11-04,43.148,44.38,42.79,44.335,45383.0,86817679.0,18.6,19.15,18.44,19.13,True,普联软件,False
2024-11-05,44.268,46.62,43.977,46.396,74473.0,149318365.0,19.1,20.15,18.97,20.05,True,普联软件,False
2024-11-06,46.284,47.135,45.433,46.172,78635.0,156876825.0,20.0,20.38,19.62,19.95,True,普联软件,False
2024-11-07,45.612,47.628,45.388,47.538,84976.0,174710656.0,19.7,20.6,19.6,20.56,True,普联软件,False
2024-11-08,47.964,49.151,47.046,47.225,91991.0,187845622.00000003,20.75,21.28,20.34,20.42,True,普联软件,False
2024-11-11,47.113,50.406,46.844,49.487,119067.0,255160581.0,20.37,21.84,20.25,21.43,True,普联软件,False
2024-11-12,49.599,50.182,47.986,48.86,96428.0,203945220.0,21.48,21.74,20.76,21.15,True,普联软件,False
2024-11-13,48.21,49.913,48.031,49.532,89687.0,192378615.0,20.86,21.62,20.78,21.45,True,普联软件,False
2024-11-14,50.316,50.406,47.628,47.852,90242.0,186800940.0,21.8,21.84,20.6,20.7,True,普联软件,False
2024-11-15,47.673,50.047,47.404,47.852,116878.0,241937460.0,20.62,21.68,20.5,20.7,True,普联软件,False
2024-11-18,47.807,47.942,43.148,43.82,102608.0,193929120.0,20.68,20.74,18.6,18.9,True,普联软件,False
2024-11-19,43.932,44.895,43.17,44.828,57418.0,111103830.0,18.95,19.38,18.61,19.35,True,普联软件,False
2024-11-20,44.626,46.351,44.29,45.679,58315.0,115055495.0,19.26,20.03,19.11,19.73,True,普联软件,False
2024-11-21,45.321,46.351,44.962,46.015,50719.0,100829372.0,19.57,20.03,19.41,19.88,True,普联软件,False
2024-11-22,45.657,47.538,43.641,43.775,78570.0,148340160.0,19.72,20.56,18.82,18.88,True,普联软件,False
2024-11-25,44.649,45.343,42.924,44.268,57694.0,110195540.0,19.27,19.58,18.5,19.1,True,普联软件,False
2024-11-26,44.066,44.649,42.902,42.924,50534.0,93487900.0,19.01,19.27,18.49,18.5,True,普联软件,False
2024-11-27,42.857,44.604,41.401,44.604,55562.0,106956850.0,18.47,19.25,17.82,19.25,True,普联软件,False
2024-11-28,44.582,45.366,43.999,43.999,50596.0,96031208.0,19.24,19.59,18.98,18.98,True,普联软件,False
2024-11-29,44.111,47.628,43.798,47.09,125733.0,255992388.0,19.03,20.6,18.89,20.36,True,普联软件,False
2024-12-02,47.09,47.628,46.082,47.404,76491.0,156806550.0,20.36,20.6,19.91,20.5,True,普联软件,False
2024-12-03,47.292,50.383,46.486,49.263,135685.0,289416105.0,20.45,21.83,20.09,21.33,True,普联软件,False
2024-12-04,48.524,49.756,48.076,48.3,90591.0,189335190.0,21.0,21.55,20.8,20.9,True,普联软件,False
2024-12-05,48.502,49.398,47.807,48.681,66036.0,139137852.0,20.99,21.39,20.68,21.07,True,普联软件,False
2024-12-06,48.905,49.218,47.74,48.031,63668.0,132302104.0,21.17,21.31,20.65,20.78,True,普联软件,False
2024-12-09,48.143,48.681,47.382,48.076,51349.0,106805920.0,20.83,21.07,20.49,20.8,True,普联软件,False
2024-12-10,49.868,49.98,47.986,48.143,64520.0,134395160.0,21.6,21.65,20.76,20.83,True,普联软件,False
2024-12-11,48.3,49.286,47.74,49.286,63346.0,135180364.0,20.9,21.34,20.65,21.34,True,普联软件,False
2024-12-12,49.106,49.913,48.322,49.622,66843.0,143645607.0,21.26,21.62,20.91,21.49,True,普联软件,False
2024-12-13,48.726,49.442,47.583,47.673,56203.0,115890586.0,21.09,21.41,20.58,20.62,True,普联软件,False
2024-12-16,47.673,47.74,46.822,47.292,30237.0,61834665.0,20.62,20.65,20.24,20.45,True,普联软件,False
2024-12-17,47.292,47.516,45.366,45.41,42158.0,82671838.0,20.45,20.55,19.59,19.61,True,普联软件,False
2024-12-18,45.814,46.911,44.514,46.396,34847.0,69868235.0,19.79,20.28,19.21,20.05,True,普联软件,False
2024-12-19,45.724,47.964,45.41,47.74,51185.0,105697025.0,19.75,20.75,19.61,20.65,True,普联软件,False
2024-12-20,47.762,50.652,47.09,49.532,94114.0,201874530.0,20.66,21.95,20.36,21.45,True,普联软件,False
2024-12-23,49.42,49.442,46.284,46.351,69439.0,139086317.0,21.4,21.41,20.0,20.03,True,普联软件,False
2024-12-24,46.956,47.359,45.679,46.306,55590.0,111235590.0,20.3,20.48,19.73,20.01,True,普联软件,False
2024-12-25,46.194,46.486,43.708,44.447,64442.0,123599756.0,19.96,20.09,18.85,19.18,True,普联软件,False
2024-12-26,44.604,45.657,44.492,45.254,39626.0,77429204.0,19.25,19.72,19.2,19.54,True,普联软件,False
2024-12-27,45.052,45.836,44.582,44.604,42062.0,80969350.0,19.45,19.8,19.24,19.25,True,普联软件,False
2024-12-30,44.492,45.545,43.394,44.604,40869.0,78672825.0,19.2,19.67,18.71,19.25,True,普联软件,False
2024-12-31,44.604,44.873,42.05,42.073,52736.0,95557632.0,19.25,19.37,18.11,18.12,True,普联软件,False
2025-01-02,42.14,42.745,40.348,40.863,45995.0,80859209.99999999,18.15,18.42,17.35,17.58,True,普联软件,False
2025-01-03,40.93,41.356,37.727,38.422,48353.0,79734096.99999999,17.61,17.8,16.18,16.49,True,普联软件,False
2025-01-06,38.668,38.959,37.01,38.556,36288.0,60056640.0,16.6,16.73,15.86,16.55,True,普联软件,False
2025-01-07,38.646,39.385,38.332,39.385,32864.0,55605888.00000001,16.59,16.92,16.45,16.92,True,普联软件,False
2025-01-08,39.318,39.452,37.414,38.847,39061.0,65153748.0,16.89,16.95,16.04,16.68,True,普联软件,False
2025-01-09,38.489,39.407,38.22,39.228,29651.0,49961935.00000001,16.52,16.93,16.4,16.85,True,普联软件,False
2025-01-10,39.497,40.124,37.772,37.772,39441.0,63894420.0,16.97,17.25,16.2,16.2,True,普联软件,False
2025-01-13,37.414,38.847,36.876,38.556,33866.0,56048230.0,16.04,16.68,15.8,16.55,True,普联软件,False
2025-01-14,39.34,40.393,38.892,40.393,43376.0,75344112.0,16.9,17.37,16.7,17.37,True,普联软件,False
2025-01-15,40.326,40.505,39.788,39.9,34013.0,58332294.99999999,17.34,17.42,17.1,17.15,True,普联软件,False
2025-01-16,39.99,40.751,39.452,39.922,32766.0,56226456.0,17.19,17.53,16.95,17.16,True,普联软件,False
2025-01-17,40.012,40.37,39.654,40.102,23293.0,40157132.0,17.2,17.36,17.04,17.24,True,普联软件,False
2025-01-20,40.46,40.751,39.833,40.281,26558.0,45998456.0,17.4,17.53,17.12,17.32,True,普联软件,False
2025-01-21,40.684,40.729,39.698,39.99,31643.0,54394317.00000001,17.5,17.52,17.06,17.19,True,普联软件,False
2025-01-22,42.946,47.695,42.588,47.695,222022.0,458031386.0,18.51,20.63,18.35,20.63,True,普联软件,False
2025-01-23,56.946,56.946,50.585,50.988,526629.0,1163850090.0,24.76,24.76,21.92,22.1,True,普联软件,False
2025-01-24,51.212,53.878,47.695,52.646,460187.0,1051067108.0,22.2,23.39,20.63,22.84,True,普联软件,False
2025-01-27,54.998,62.882,53.855,62.882,540098.0,1480408618.0,23.89,27.41,23.38,27.41,True,普联软件,False
2025-02-05,65.234,71.484,61.068,62.345,532573.0,1447000841.0,28.46,31.25,26.6,27.17,True,普联软件,False
2025-02-06,59.858,63.487,58.313,63.487,409377.0,1133155536.0,26.06,27.68,25.37,27.68,True,普联软件,False
2025-02-07,61.023,65.055,59.993,60.62,401979.0,1061224560.0,26.58,28.38,26.12,26.4,True,普联软件,False
2025-02-10,59.746,60.732,58.47,60.284,278866.0,732023250.0,26.01,26.45,25.44,26.25,True,普联软件,False
2025-02-11,59.5,62.345,57.103,61.359,316306.0,845485938.0,25.9,27.17,24.83,26.73,True,普联软件,False
2025-02-12,59.724,65.996,59.679,63.554,393608.0,1090687768.0,26.0,28.8,25.98,27.71,True,普联软件,False
2025-02-13,62.121,62.905,58.626,59.903,288291.0,751862928.0,27.07,27.42,25.51,26.08,True,普联软件,False
2025-02-14,59.186,63.846,59.186,62.838,284975.0,780546525.0,25.76,27.84,25.76,27.39,True,普联软件,False
2025-02-17,64.54,68.684,62.882,63.308,309043.0,852958680.0,28.15,30.0,27.41,27.6,True,普联软件,False
2025-02-18,62.278,64.854,60.866,61.113,226492.0,602921704.0,27.14,28.29,26.51,26.62,True,普联软件,False
2025-02-19,61.18,62.412,60.799,62.009,171092.0,462290584.0,26.65,27.2,26.48,27.02,True,普联软件,False
2025-02-20,61.404,61.65,59.298,60.374,179733.0,472518057.0,26.75,26.86,25.81,26.29,True,普联软件,False
2025-02-21,60.62,61.874,59.343,61.695,177759.0,477816192.0,26.4,26.96,25.83,26.88,True,普联软件,False
2025-02-24,61.516,62.322,60.15,61.113,139143.0,370398666.0,26.8,27.16,26.19,26.62,True,普联软件,False
2025-02-25,60.396,61.449,58.828,60.038,125957.0,329251598.0,26.3,26.77,25.6,26.14,True,普联软件,False
2025-02-26,60.06,60.418,59.186,59.881,102689.0,267710223.0,26.15,26.31,25.76,26.07,True,普联软件,False
2025-02-27,59.836,60.015,56.655,57.73,130037.0,326522907.0,26.05,26.13,24.63,25.11,True,普联软件,False
2025-02-28,57.126,57.82,53.945,54.012,98604.0,231226380.0,24.84,25.15,23.42,23.45,True,普联软件,False
2025-03-03,55.692,58.895,54.774,56.364,141010.0,345474500.0,24.2,25.63,23.79,24.5,True,普联软件,False
2025-03-04,54.975,57.462,54.908,56.879,108964.0,269467972.0,23.88,24.99,23.85,24.73,True,普联软件,False
2025-03-05,57.417,57.417,55.67,56.834,72561.0,179298231.0,24.97,24.97,24.19,24.71,True,普联软件,False
2025-03-06,58.335,66.847,58.335,63.958,334362.0,932535618.0,25.38,29.18,25.38,27.89,True,普联软件,False
2025-03-07,63.734,65.078,60.642,61.494,258685.0,693017115.0,27.79,28.39,26.41,26.79,True,普联软件,False
2025-03-10,60.553,61.382,59.007,59.836,112880.0,294052400.0,26.37,26.74,25.68,26.05,True,普联软件,False
2025-03-11,58.806,59.702,58.111,59.007,75228.0,193185504.0,25.59,25.99,25.28,25.68,True,普联软件,False
2025-03-12,60.172,60.418,58.828,58.828,106339.0,272227840.0,26.2,26.31,25.6,25.6,True,普联软件,False
2025-03-13,58.425,58.806,56.14,57.17,92016.0,228751776.0,25.42,25.59,24.4,24.86,True,普联软件,False
2025-03-14,57.417,58.313,56.364,57.999,66005.0,166530615.0,24.97,25.37,24.5,25.23,True,普联软件,False
2025-03-17,57.708,58.268,57.058,57.708,51503.0,129272530.0,25.1,25.35,24.81,25.1,True,普联软件,False
2025-03-18,58.156,58.962,57.551,58.223,67438.0,170820454.0,25.3,25.66,25.03,25.33,True,普联软件,False
2025-03-19,58.514,58.806,57.529,57.82,51942.0,130634130.0,25.46,25.59,25.02,25.15,True,普联软件,False
2025-03-20,57.596,58.671,56.969,56.969,67953.0,168319581.0,25.05,25.53,24.77,24.77,True,普联软件,False
2025-03-21,56.521,56.924,54.975,55.042,63649.0,152184759.0,24.57,24.75,23.88,23.91,True,普联软件,False
2025-03-24,55.199,55.244,52.444,53.9,54541.0,127625940.0,23.98,24.0,22.75,23.4,True,普联软件,False
2025-03-25,54.214,54.93,53.183,53.9,47138.0,110302920.0,23.54,23.86,23.08,23.4,True,普联软件,False
2025-03-26,54.348,54.774,54.012,54.348,35765.0,84405400.0,23.6,23.79,23.45,23.6,True,普联软件,False
2025-03-27,54.796,55.132,53.362,54.841,58277.0,138815814.0,23.8,23.95,23.16,23.82,True,普联软件,False
2025-03-28,54.191,55.02,53.833,54.169,46789.0,110047728.0,23.53,23.9,23.37,23.52,True,普联软件,False
2025-03-31,53.766,56.812,52.69,56.498,103033.0,253049048.0,23.34,24.7,22.86,24.56,True,普联软件,False
2025-04-01,56.521,57.126,55.58,55.602,78583.0,189856528.0,24.57,24.84,24.15,24.16,True,普联软件,False
2025-04-02,56.14,58.223,55.513,56.991,98915.0,245111370.0,24.4,25.33,24.12,24.78,True,普联软件,False
2025-04-03,56.028,58.447,56.028,57.999,114763.0,289547049.0,24.35,25.43,24.35,25.23,True,普联软件,False
2025-04-07,54.572,55.042,46.687,47.068,145520.0,296133200.0,23.7,23.91,20.18,20.35,True,普联软件,False
2025-04-08,48.255,50.719,47.292,49.062,107395.0,228106980.0,20.88,21.98,20.45,21.24,True,普联软件,False
2025-04-09,48.21,50.63,45.298,49.958,109042.0,235966888.0,20.86,21.94,19.56,21.64,True,普联软件,False
2025-04-10,51.705,53.071,50.809,51.01,97212.0,214935732.0,22.42,23.03,22.02,22.11,True,普联软件,False
2025-04-11,50.092,51.794,49.532,50.966,75587.0,166971683.0,21.7,22.46,21.45,22.09,True,普联软件,False
2025-04-14,51.257,53.004,50.988,51.324,84710.0,188479750.0,22.22,23.0,22.1,22.25,True,普联软件,False
2025-04-15,50.764,52.444,50.316,50.898,66869.0,147513014.0,22.0,22.75,21.8,22.06,True,普联软件,False
2025-04-16,50.294,50.943,49.084,49.801,66005.0,142372785.0,21.79,22.08,21.25,21.57,True,普联软件,False
2025-04-17,49.554,51.772,49.51,50.338,74996.0,163566276.0,21.46,22.45,21.44,21.81,True,普联软件,False
2025-04-18,50.159,50.854,49.554,49.935,44004.0,95180652.0,21.73,22.04,21.46,21.63,True,普联软件,False
2025-04-21,49.868,52.22,49.196,51.75,70994.0,159310536.0,21.6,22.65,21.3,22.44,True,普联软件,False
2025-04-22,51.548,52.108,50.966,51.167,45456.0,100821408.0,22.35,22.6,22.09,22.18,True,普联软件,False
2025-04-23,51.638,52.69,51.391,52.22,73465.0,166398225.0,22.39,22.86,22.28,22.65,True,普联软件,False
2025-04-24,52.287,52.466,50.338,50.898,66029.0,145659974.0,22.68,22.76,21.81,22.06,True,普联软件,False
2025-04-25,50.764,51.951,50.45,51.548,49748.0,111186780.0,22.0,22.53,21.86,22.35,True,普联软件,False
2025-04-28,51.57,53.609,51.526,51.974,92299.0,208041946.0,22.36,23.27,22.34,22.54,True,普联软件,False
2025-04-29,47.538,47.942,44.492,45.41,171689.0,336682129.0,20.56,20.74,19.2,19.61,True,普联软件,False
2025-04-30,46.239,47.718,45.881,46.956,115924.0,235325720.0,19.98,20.64,19.82,20.3,True,普联软件,False
2025-05-06,48.009,48.479,46.754,48.21,77422.0,161502292.0,20.77,20.98,20.21,20.86,True,普联软件,False
2025-05-07,48.905,49.129,47.158,47.74,71618.0,147891170.0,21.17,21.27,20.39,20.65,True,普联软件,False
2025-05-08,48.076,50.137,47.65,50.002,90302.0,195594132.0,20.8,21.72,20.61,21.66,True,普联软件,False
2025-05-09,49.958,49.958,48.524,48.793,59377.0,125404224.0,21.64,21.64,21.0,21.12,True,普联软件,False
2025-05-12,49.308,49.599,48.77,49.599,44370.0,95306760.0,21.35,21.48,21.11,21.48,True,普联软件,False
2025-05-13,50.025,50.406,49.196,49.442,60819.0,130213479.0,21.67,21.84,21.3,21.41,True,普联软件,False
2025-05-14,49.577,49.756,48.748,49.263,42924.0,91556892.0,21.47,21.55,21.1,21.33,True,普联软件,False
2025-05-15,49.129,49.263,47.807,47.897,41162.0,85287664.0,21.27,21.33,20.68,20.72,True,普联软件,False
2025-05-16,47.886,48.418,47.48,47.824,62166.0,91446186.0,14.73,14.9,14.6,14.71,True,普联软件,False
2025-05-19,47.636,48.481,47.292,48.23,63028.0,93533552.0,14.65,14.92,14.54,14.84,True,普联软件,False
2025-05-20,48.043,48.731,47.793,48.449,43533.0,64907703.0,14.78,15.0,14.7,14.91,True,普联软件,False
2025-05-21,48.324,48.887,47.699,47.824,48363.0,71141973.0,14.87,15.05,14.67,14.71,True,普联软件,False
2025-05-22,47.636,48.512,47.261,47.73,51935.0,76240580.0,14.65,14.93,14.53,14.68,True,普联软件,False
2025-05-23,47.511,48.23,46.448,46.448,64117.0,91494959.0,14.61,14.84,14.27,14.27,True,普联软件,False
2025-05-26,46.323,47.104,46.323,46.917,39361.0,56758562.0,14.23,14.48,14.23,14.42,True,普联软件,False
2025-05-27,46.948,47.104,46.041,46.323,36751.0,52296673.0,14.43,14.48,14.14,14.23,True,普联软件,False
2025-05-28,46.323,46.792,45.822,46.197,39409.0,55921371.0,14.23,14.38,14.07,14.19,True,普联软件,False
2025-05-29,46.072,48.011,46.072,47.949,73888.0,108984800.0,14.15,14.77,14.15,14.75,True,普联软件,False
2025-05-30,48.105,48.105,46.635,47.073,58413.0,84523611.0,14.8,14.8,14.33,14.47,True,普联软件,False
2025-06-03,46.792,47.636,46.573,46.635,42140.0,60386620.0,14.38,14.65,14.31,14.33,True,普联软件,False
2025-06-04,46.698,47.042,46.448,46.823,31924.0,45938636.0,14.35,14.46,14.27,14.39,True,普联软件,False
2025-06-05,46.979,47.793,46.698,47.636,55592.0,81442280.0,14.44,14.7,14.35,14.65,True,普联软件,False
2025-06-06,47.448,48.7,47.292,48.011,71089.0,104998453.0,14.59,14.99,14.54,14.77,True,普联软件,False
2025-06-09,47.511,48.324,47.042,48.23,71949.0,106772316.0,14.61,14.87,14.46,14.84,True,普联软件,False
2025-06-10,48.137,48.668,46.573,47.355,70652.0,102869312.0,14.81,14.98,14.31,14.56,True,普联软件,False
2025-06-11,47.448,47.855,47.011,47.323,59299.0,86280045.0,14.59,14.72,14.45,14.55,True,普联软件,False
2025-06-12,47.323,47.636,46.854,47.167,37228.0,53980600.0,14.55,14.65,14.4,14.5,True,普联软件,False
2025-06-13,47.198,47.23,45.29,45.447,76547.0,106783065.0,14.51,14.52,13.9,13.95,True,普联软件,False
2025-06-16,45.29,46.729,45.009,46.573,58278.0,83395818.0,13.9,14.36,13.81,14.31,True,普联软件,False
2025-06-17,46.698,46.854,45.916,46.197,33080.0,46940520.0,14.35,14.4,14.1,14.19,True,普联软件,False
2025-06-18,46.229,46.448,45.603,46.041,30338.0,42897932.0,14.2,14.27,14.0,14.14,True,普联软件,False
2025-06-19,45.979,46.698,45.04,45.259,51571.0,71632119.0,14.12,14.35,13.82,13.89,True,普联软件,False
2025-06-20,45.134,45.478,44.258,44.415,39577.0,53903874.0,13.85,13.96,13.57,13.62,True,普联软件,False
2025-06-23,44.509,45.791,44.102,45.791,45249.0,63620094.0,13.65,14.06,13.52,14.06,True,普联软件,False
2025-06-24,45.947,48.293,45.666,47.918,113319.0,167032206.0,14.11,14.86,14.02,14.74,True,普联软件,False
2025-06-25,48.011,48.668,47.511,48.449,92584.0,138042744.0,14.77,14.98,14.61,14.91,True,普联软件,False
2025-06-26,48.543,49.794,48.074,49.106,90158.0,136318896.0,14.94,15.34,14.79,15.12,True,普联软件,False
2025-06-27,49.2,49.513,48.606,48.637,60387.0,90399339.0,15.15,15.25,14.96,14.97,True,普联软件,False
2025-06-30,48.793,48.95,48.512,48.825,41001.0,61624503.0,15.02,15.07,14.93,15.03,True,普联软件,False
2025-07-01,48.793,48.887,47.667,48.293,59218.0,87997948.0,15.02,15.05,14.66,14.86,True,普联软件,False
2025-07-02,48.105,48.418,47.104,47.542,42610.0,62295820.0,14.8,14.9,14.48,14.62,True,普联软件,False
2025-07-03,47.574,47.918,47.261,47.574,25548.0,37376724.0,14.63,14.74,14.53,14.63,True,普联软件,False
2025-07-04,47.574,47.918,46.573,47.198,51939.0,75363489.0,14.63,14.74,14.31,14.51,True,普联软件,False
2025-07-07,47.167,50.388,46.948,49.356,203087.0,308692240.0,14.5,15.53,14.43,15.2,True,普联软件,False
2025-07-08,49.919,51.577,48.918,50.42,206627.0,321098358.0,15.38,15.91,15.06,15.54,True,普联软件,False
2025-07-09,50.42,51.796,49.794,51.546,229579.0,365030610.0,15.54,15.98,15.34,15.9,True,普联软件,False
2025-07-10,54.36,61.491,54.36,61.491,781011.0,1490168987.9999998,16.8,19.08,16.8,19.08,True,普联软件,False
2025-07-11,62.805,73.439,58.395,67.34,983159.0,2059718105.0,19.5,22.9,18.09,20.95,True,普联软件,False
2025-07-14,65.995,66.214,59.99,62.805,701577.0,1368075150.0,20.52,20.59,18.6,19.5,True,普联软件,False
2025-07-15,60.96,73.72,60.616,69.404,758909.0,1640002349.0,18.91,22.99,18.8,21.61,True,普联软件,False
2025-07-16,66.183,69.404,65.401,67.184,482517.0,1008460530.0,20.58,21.61,20.33,20.9,True,普联软件,False
2025-07-17,67.747,72.125,66.527,67.027,552753.0,1152490005.0,21.08,22.48,20.69,20.85,True,普联软件,False
2025-07-18,65.745,71.187,64.338,65.245,522314.0,1059252792.0,20.44,22.18,19.99,20.28,True,普联软件,False
2025-07-21,62.836,65.839,62.805,64.682,406236.0,816534360.0,19.51,20.47,19.5,20.1,True,普联软件,False
2025-07-22,64.431,64.682,61.554,62.179,293117.0,565715810.0,20.02,20.1,19.1,19.3,True,普联软件,False
2025-07-23,61.554,63.712,60.178,61.523,283403.0,541016327.0,19.1,19.79,18.66,19.09,True,普联软件,False
2025-07-24,61.523,62.805,61.147,62.711,214028.0,416712516.0,19.09,19.5,18.97,19.47,True,普联软件,False
2025-07-25,63.149,63.712,61.867,62.305,176530.0,341409020.0,19.61,19.79,19.2,19.34,True,普联软件,False
2025-07-28,62.805,63.43,61.21,62.586,188524.0,366302132.0,19.5,19.7,18.99,19.43,True,普联软件,False
2025-07-29,62.117,66.402,62.086,65.151,365374.0,739882350.0,19.28,20.65,19.27,20.25,True,普联软件,False
2025-07-30,65.62,66.464,60.021,61.022,373397.0,706840521.0,20.4,20.67,18.61,18.93,True,普联软件,False
2025-07-31,60.303,62.993,60.209,61.116,234720.0,445029120.0,18.7,19.56,18.67,18.96,True,普联软件,False
2025-08-01,61.71,62.211,59.865,61.898,205019.0,393841499.0,19.15,19.31,18.56,19.21,True,普联软件,False
2025-08-04,60.741,62.023,60.397,60.897,125538.0,237141282.0,18.84,19.25,18.73,18.89,True,普联软件,False
2025-08-05,60.897,61.21,59.333,60.084,151090.0,281480670.0,18.89,18.99,18.39,18.63,True,普联软件,False
2025-08-06,59.99,61.085,59.896,60.209,110221.0,205782607.00000003,18.6,18.95,18.57,18.67,True,普联软件,False
2025-08-07,60.053,60.459,58.614,58.895,153821.0,280723325.0,18.62,18.75,18.16,18.25,True,普联软件,False
2025-08-08,59.021,59.114,57.144,57.175,144499.0,255763230.0,18.29,18.32,17.69,17.7,True,普联软件,False
2025-08-11,57.801,59.521,57.801,59.052,153138.0,280242540.0,17.9,18.45,17.9,18.3,True,普联软件,False
2025-08-12,59.208,59.208,58.051,58.364,107332.0,194056256.0,18.35,18.35,17.98,18.08,True,普联软件,False
2025-08-13,58.458,59.24,58.051,58.927,106326.0,194151276.00000003,18.11,18.36,17.98,18.26,True,普联软件,False
2025-08-14,59.49,65.307,59.083,62.023,470325.0,905375625.0,18.44,20.3,18.31,19.25,True,普联软件,False
2025-08-15,61.304,61.804,59.709,60.835,333880.0,630031560.0,19.02,19.18,18.51,18.87,True,普联软件,False
2025-08-18,60.897,62.273,59.74,61.835,283209.0,543478071.0,18.89,19.33,18.52,19.19,True,普联软件,False
2025-08-19,61.616,64.306,61.054,63.587,338215.0,667974625.0,19.12,19.98,18.94,19.75,True,普联软件,False
2025-08-20,62.742,63.368,60.928,62.398,238350.0,461683950.0,19.48,19.68,18.9,19.37,True,普联软件,False
2025-08-21,67.059,68.372,62.774,63.118,355391.0,696566360.0,20.86,21.28,19.49,19.6,True,普联软件,False
2025-08-22,62.179,64.338,61.648,63.681,250960.0,496398880.0,19.3,19.99,19.13,19.78,True,普联软件,False
2025-08-25,63.712,64.119,62.461,62.961,197692.0,386487860.0,19.79,19.92,19.39,19.55,True,普联软件,False
2025-08-26,62.68,63.649,61.867,62.086,143722.0,276952294.0,19.46,19.77,19.2,19.27,True,普联软件,False
2025-08-27,63.368,63.993,60.209,60.334,210753.0,394318863.0,19.68,19.88,18.67,18.71,True,普联软件,False
2025-08-28,59.427,60.584,57.488,60.084,179729.0,334835127.0,18.42,18.79,17.8,18.63,True,普联软件,False
2025-08-29,59.709,59.99,58.677,58.989,100815.0,184289820.0,18.51,18.6,18.18,18.28,True,普联软件,False
2025-09-01,59.49,63.274,59.24,60.866,270049.0,509852512.0,18.44,19.65,18.36,18.88,True,普联软件,False
2025-09-02,60.709,60.709,56.769,57.426,180858.0,321565524.0,18.83,18.83,17.57,17.78,True,普联软件,False
2025-09-03,57.363,57.551,55.049,55.267,101342.0,173193478.0,17.76,17.82,17.02,17.09,True,普联软件,False
2025-09-04,55.455,56.049,53.735,54.673,94416.0,159563040.0,17.15,17.34,16.6,16.9,True,普联软件,False
2025-09-05,55.205,56.362,54.392,56.362,84110.0,146687840.0,17.07,17.44,16.81,17.44,True,普联软件,False
2025-09-08,55.893,56.675,55.737,56.612,69950.0,122552400.0,17.29,17.54,17.24,17.52,True,普联软件,False
2025-09-09,56.362,56.519,54.986,55.299,71008.0,121423680.0,17.44,17.49,17.0,17.1,True,普联软件,False
2025-09-10,55.58,56.018,55.017,55.424,51035.0,87473990.0,17.19,17.33,17.01,17.14,True,普联软件,False
2025-09-11,55.549,56.925,54.705,56.925,87637.0,154416394.0,17.18,17.62,16.91,17.62,True,普联软件,False
2025-09-12,57.801,57.832,56.081,56.174,104555.0,181716590.0,17.9,17.91,17.35,17.38,True,普联软件,False
2025-09-15,55.956,56.362,55.361,55.924,53163.0,91971990.0,17.31,17.44,17.12,17.3,True,普联软件,False
2025-09-16,55.83,56.393,55.361,56.393,59671.0,104125895.0,17.27,17.45,17.12,17.45,True,普联软件,False
2025-09-17,56.55,57.175,55.799,56.737,65140.0,114385840.0,17.5,17.7,17.26,17.56,True,普联软件,False
2025-09-18,56.831,57.081,54.736,55.267,105549.0,180383241.0,17.59,17.67,16.92,17.09,True,普联软件,False
2025-09-19,55.799,55.862,54.798,55.424,67091.0,114993974.0,17.26,17.28,16.94,17.14,True,普联软件,False
2025-09-22,55.361,55.705,54.611,55.08,49910.0,84996730.0,17.12,17.23,16.88,17.03,True,普联软件,False
2025-09-23,54.955,54.986,52.64,53.829,84077.0,139820051.0,16.99,17.0,16.25,16.63,True,普联软件,False
2025-09-24,53.829,55.361,53.172,55.361,65987.0,112969744.0,16.63,17.12,16.42,17.12,True,普联软件,False
2025-09-25,55.017,56.644,54.955,55.705,71354.0,122942942.0,17.01,17.53,16.99,17.23,True,普联软件,False
2025-09-26,56.112,56.393,54.955,55.58,58261.0,100150659.0,17.36,17.45,16.99,17.19,True,普联软件,False
2025-09-29,55.486,56.863,55.017,56.3,85870.0,149585540.0,17.16,17.6,17.01,17.42,True,普联软件,False
2025-09-30,56.55,57.019,56.237,56.268,60707.0,105690887.0,17.5,17.65,17.4,17.41,True,普联软件,False
2025-10-09,56.393,57.613,56.206,57.05,98493.0,173938638.0,17.45,17.84,17.39,17.66,True,普联软件,False
2025-10-10,57.081,57.207,55.799,55.924,69121.0,119579330.0,17.67,17.71,17.26,17.3,True,普联软件,False
2025-10-13,53.985,56.8,53.735,55.987,66791.0,115682012.0,16.68,17.58,16.6,17.32,True,普联软件,False
2025-10-14,56.018,56.487,54.986,55.08,59049.0,100560447.0,17.33,17.48,17.0,17.03,True,普联软件,False
2025-10-15,55.267,57.238,54.892,56.612,98871.0,173221992.0,17.09,17.72,16.97,17.52,True,普联软件,False
2025-10-16,56.487,56.55,55.111,56.174,74410.0,129324580.0,17.48,17.5,17.04,17.38,True,普联软件,False
2025-10-17,55.674,56.081,54.329,54.392,55741.0,93700621.0,17.22,17.35,16.79,16.81,True,普联软件,False
2025-10-20,54.923,55.33,53.954,54.423,39961.0,67214402.0,16.98,17.11,16.67,16.82,True,普联软件,False
2025-10-21,54.36,55.111,54.267,55.049,33682.0,57326764.0,16.8,17.04,16.77,17.02,True,普联软件,False
2025-10-22,54.861,55.299,54.517,54.611,30680.0,51787840.0,16.96,17.1,16.85,16.88,True,普联软件,False
2025-10-23,54.955,55.518,54.016,55.236,45803.0,78231523.99999999,16.99,17.17,16.69,17.08,True,普联软件,False
2025-10-24,55.361,55.768,55.267,55.674,45367.0,78121974.0,17.12,17.25,17.09,17.22,True,普联软件,False
2025-10-27,55.83,55.924,55.33,55.455,47905.0,82157075.0,17.27,17.3,17.11,17.15,True,普联软件,False
2025-10-28,55.486,56.393,55.017,55.83,64729.0,111786983.0,17.16,17.45,17.01,17.27,True,普联软件,False
2025-10-29,55.361,55.737,54.11,54.861,72416.0,122817536.0,17.12,17.24,16.72,16.96,True,普联软件,False
2025-10-30,54.705,55.549,54.235,54.517,61941.0,104370585.0,16.91,17.18,16.76,16.85,True,普联软件,False
2025-10-31,54.767,56.706,54.454,56.393,130657.0,227996465.0,16.93,17.55,16.83,17.45,True,普联软件,False
2025-11-03,56.706,56.988,56.237,56.894,79235.0,139532835.0,17.55,17.64,17.4,17.61,True,普联软件,False
2025-11-04,56.487,57.113,56.237,56.894,69747.0,122824467.0,17.48,17.68,17.4,17.61,True,普联软件,False
2025-11-05,56.331,57.738,56.3,57.238,94771.0,167934212.0,17.43,17.88,17.42,17.72,True,普联软件,False
2025-11-06,57.363,58.27,56.331,57.926,100310.0,179956140.0,17.76,18.05,17.43,17.94,True,普联软件,False
2025-11-07,57.644,57.644,56.612,56.612,76311.0,133696872.0,17.85,17.85,17.52,17.52,True,普联软件,False
2025-11-10,57.05,57.426,56.581,57.175,47208.0,83558160.0,17.66,17.78,17.51,17.7,True,普联软件,False
2025-11-11,57.363,57.895,56.863,57.175,71848.0,127170960.0,17.76,17.93,17.6,17.7,True,普联软件,False
2025-11-12,57.081,57.332,56.425,56.769,42881.0,75341917.0,17.67,17.75,17.46,17.57,True,普联软件,False
2025-11-13,56.769,57.269,56.3,56.519,54250.0,94883250.0,17.57,17.73,17.42,17.49,True,普联软件,False
2025-11-14,56.081,56.988,55.893,56.393,43349.0,75644005.0,17.35,17.64,17.29,17.45,True,普联软件,False
2025-11-17,56.487,57.613,56.393,57.332,61763.0,109629325.0,17.48,17.84,17.45,17.75,True,普联软件,False
2025-11-18,57.457,59.521,56.925,59.427,209474.0,385851108.00000006,17.79,18.45,17.62,18.42,True,普联软件,False
2025-11-19,60.428,60.459,58.52,58.864,153505.0,279993120.0,18.74,18.75,18.13,18.24,True,普联软件,False
2025-11-20,59.052,60.897,58.426,59.208,175133.0,321369055.0,18.3,18.89,18.1,18.35,True,普联软件,False
2025-11-21,58.708,60.866,58.176,60.459,270275.0,506765625.0,18.19,18.88,18.02,18.75,True,普联软件,False
2025-11-24,61.085,61.616,58.895,61.21,250187.0,475105113.0,18.95,19.12,18.25,18.99,True,普联软件,False
2025-11-25,60.522,62.148,60.24,60.803,231343.0,436312898.0,18.77,19.29,18.68,18.86,True,普联软件,False
2025-11-26,60.303,61.085,58.958,59.146,147287.0,269977071.0,18.7,18.95,18.27,18.33,True,普联软件,False
2025-11-27,58.739,59.146,58.02,58.27,95935.0,173162675.0,18.2,18.33,17.97,18.05,True,普联软件,False
2025-11-28,58.27,59.584,56.863,59.021,112040.0,204921160.0,18.05,18.47,17.6,18.29,True,普联软件,False
2025-12-01,58.708,58.895,57.488,57.77,101574.0,181715886.0,18.19,18.25,17.8,17.89,True,普联软件,False
2025-12-02,57.644,58.02,57.207,57.895,64046.0,114834478.0,17.85,17.97,17.71,17.93,True,普联软件,False
2025-12-03,60.397,67.496,60.397,64.275,590639.0,1179506083.0,18.73,21.0,18.73,19.97,True,普联软件,False
2025-12-04,62.555,63.274,61.085,61.147,403595.0,765619715.0,19.42,19.65,18.95,18.97,True,普联软件,False
2025-12-05,58.364,58.739,54.705,56.894,338042.0,595291962.0,18.08,18.2,16.91,17.61,True,普联软件,False
2025-12-08,55.893,57.488,55.58,57.207,206206.0,365190826.0,17.29,17.8,17.19,17.71,True,普联软件,False
2025-12-09,56.831,56.831,55.455,55.549,153757.0,264154526.0,17.59,17.59,17.15,17.18,True,普联软件,False
2025-12-10,55.612,55.862,54.486,54.673,93229.0,157557010.0,17.2,17.28,16.84,16.9,True,普联软件,False
2025-12-11,54.736,54.955,54.36,54.423,65140.0,109565480.0,16.92,16.99,16.8,16.82,True,普联软件,False
2025-12-12,54.329,55.236,53.36,54.767,78082.0,132192826.0,16.79,17.08,16.48,16.93,True,普联软件,False
2025-12-15,54.329,54.36,53.485,53.672,52504.0,87051631.99999999,16.79,16.8,16.52,16.58,True,普联软件,False
2025-12-16,53.547,53.61,51.733,51.765,81944.0,130864568.0,16.54,16.56,15.96,15.97,True,普联软件,False
2025-12-17,51.765,52.546,51.264,52.328,54354.0,87781709.99999999,15.97,16.22,15.81,16.15,True,普联软件,False
2025-12-18,52.015,53.203,51.921,52.672,50344.0,81859344.00000001,16.05,16.43,16.02,16.26,True,普联软件,False
2025-12-19,52.797,53.391,52.797,53.391,43511.0,71749639.0,16.3,16.49,16.3,16.49,True,普联软件,False
2025-12-22,53.579,53.86,52.953,53.141,49142.0,80642022.0,16.55,16.64,16.35,16.41,True,普联软件,False
2025-12-23,53.422,53.422,52.265,52.546,54786.0,88862892.0,16.5,16.5,16.13,16.22,True,普联软件,False
2025-12-24,52.234,53.016,52.202,52.859,47294.0,77183808.0,16.12,16.37,16.11,16.32,True,普联软件,False
2025-12-25,52.797,53.391,52.64,53.391,45843.0,75595107.0,16.3,16.49,16.25,16.49,True,普联软件,False
2025-12-26,53.266,53.798,52.953,53.047,49993.0,81888534.0,16.45,16.62,16.35,16.38,True,普联软件,False
2025-12-29,52.797,53.235,52.578,52.922,42883.0,70070822.0,16.3,16.44,16.23,16.34,True,普联软件,False
2025-12-30,53.078,53.672,52.765,53.266,47098.0,77476210.0,16.39,16.58,16.29,16.45,True,普联软件,False
2025-12-31,53.078,53.891,52.703,53.547,55581.0,91930974.0,16.39,16.65,16.27,16.54,True,普联软件,False
2026-01-05,53.891,54.548,53.328,54.548,74332.0,125323752.0,16.65,16.86,16.47,16.86,True,普联软件,False
2026-01-06,54.736,55.549,54.36,55.017,88331.0,150251031.0,16.92,17.18,16.8,17.01,True,普联软件,False
2026-01-07,54.767,55.017,54.173,54.486,71252.0,119988368.0,16.93,17.01,16.74,16.84,True,普联软件,False
2026-01-08,54.36,55.799,54.36,55.299,83455.0,142708050.0,16.8,17.26,16.8,17.1,True,普联软件,False
2026-01-09,55.361,55.987,55.205,55.956,115885.0,200596935.0,17.12,17.32,17.07,17.31,True,普联软件,False
2026-01-12,56.644,61.804,56.55,61.804,330014.0,632966852.0,17.53,19.18,17.5,19.18,True,普联软件,False
2026-01-13,63.149,68.091,60.334,64.15,507898.0,1012240714.0,19.61,21.19,18.71,19.93,True,普联软件,False
2026-01-14,64.056,68.466,63.524,66.026,434258.0,891531674.0,19.9,21.31,19.73,20.53,True,普联软件,False
2026-01-15,64.4,65.057,61.679,62.43,261201.0,506207538.0,20.01,20.22,19.14,19.38,True,普联软件,False
2026-01-16,61.616,62.398,58.958,60.147,190542.0,355360830.0,19.12,19.37,18.27,18.65,True,普联软件,False
2026-01-19,59.896,59.896,58.114,58.802,118714.0,216296908.0,18.57,18.57,18.0,18.22,True,普联软件,False
2026-01-20,59.083,59.584,57.113,57.957,115363.0,207076585.0,18.31,18.47,17.68,17.95,True,普联软件,False
2026-01-21,57.488,58.77,57.113,57.707,112340.0,200751580.0,17.8,18.21,17.68,17.87,True,普联软件,False
2026-01-22,58.645,59.615,58.145,58.239,135730.0,244856920.0,18.17,18.48,18.01,18.04,True,普联软件,False
2026-01-23,58.489,60.115,58.301,59.24,135307.0,248423652.0,18.12,18.64,18.06,18.36,True,普联软件,False
2026-01-26,59.677,60.021,57.269,58.27,129096.0,233018280.0,18.5,18.61,17.73,18.05,True,普联软件,False
2026-01-27,58.27,58.708,56.3,57.332,112360.0,199439000.0,18.05,18.19,17.42,17.75,True,普联软件,False
2026-01-28,57.081,57.77,56.143,56.393,95753.0,167088985.0,17.67,17.89,17.37,17.45,True,普联软件,False
2026-01-29,56.081,58.833,55.205,56.737,137634.0,241685304.0,17.35,18.23,17.07,17.56,True,普联软件,False
2026-01-30,56.519,56.706,55.142,55.893,90443.0,156375947.0,17.49,17.55,17.05,17.29,True,普联软件,False
2026-02-02,55.58,57.113,54.955,55.017,71464.0,121560264.0,17.19,17.68,16.99,17.01,True,普联软件,False
2026-02-03,55.83,56.112,55.111,56.018,57188.0,99106804.0,17.27,17.36,17.04,17.33,True,普联软件,False
2026-02-04,55.705,55.924,54.517,55.174,71736.0,122381616.0,17.23,17.3,16.85,17.06,True,普联软件,False
2026-02-05,54.83,55.361,54.548,54.705,47433.0,80209203.0,16.95,17.12,16.86,16.91,True,普联软件,False
2026-02-06,54.579,55.393,54.016,54.736,55471.0,93856932.0,16.87,17.13,16.69,16.92,True,普联软件,False
2026-02-09,55.455,56.612,55.393,56.237,63813.0,111034620.0,17.15,17.52,17.13,17.4,True,普联软件,False
2026-02-10,56.331,57.332,55.956,56.737,70540.0,123868240.0,17.43,17.75,17.31,17.56,True,普联软件,False
2026-02-11,57.081,57.426,56.393,56.55,55504.0,97132000.0,17.67,17.78,17.45,17.5,True,普联软件,False
2026-02-12,56.769,57.644,56.143,57.175,74428.0,131737560.0,17.57,17.85,17.37,17.7,True,普联软件,False
2026-02-13,56.988,57.801,56.55,56.55,66219.0,115883250.0,17.64,17.9,17.5,17.5,True,普联软件,False
2026-02-24,57.394,57.551,55.486,56.644,63042.0,110512626.0,17.77,17.82,17.16,17.53,True,普联软件,False
2026-02-25,56.612,57.457,56.55,56.894,58797.0,103541517.0,17.52,17.79,17.5,17.61,True,普联软件,False
2026-02-26,56.956,57.207,56.393,56.675,42350.0,74281900.0,17.63,17.71,17.45,17.54,True,普联软件,False
2026-02-27,56.55,57.926,56.3,57.707,69818.0,124764766.0,17.5,17.94,17.42,17.87,True,普联软件,False
2026-03-02,56.55,56.706,54.548,54.579,106520.0,179699240.0,17.5,17.55,16.86,16.87,True,普联软件,False
2026-03-03,54.673,55.174,52.171,52.265,68203.0,110011439.0,16.9,17.06,16.1,16.13,True,普联软件,False
2026-03-04,51.89,52.797,51.546,51.89,51057.0,81742257.00000001,16.01,16.3,15.9,16.01,True,普联软件,False
2026-03-05,53.047,53.203,52.296,52.734,43560.0,70915680.0,16.38,16.43,16.14,16.28,True,普联软件,False
2026-03-06,52.453,53.923,52.453,53.891,41273.0,68719545.0,16.19,16.66,16.19,16.65,True,普联软件,False
2026-03-09,53.109,54.798,52.953,54.798,52695.0,89265330.0,16.4,16.94,16.35,16.94,True,普联软件,False
2026-03-10,55.361,56.081,54.798,55.612,57651.0,99159720.0,17.12,17.35,16.94,17.2,True,普联软件,False
2026-03-11,55.768,56.519,55.361,55.893,64476.0,111479004.0,17.25,17.49,17.12,17.29,True,普联软件,False
2026-03-12,55.893,56.8,55.518,56.362,60455.0,105433520.0,17.29,17.58,17.17,17.44,True,普联软件,False
2026-03-13,56.362,56.581,54.986,55.142,54397.0,92746885.0,17.44,17.51,17.0,17.05,True,普联软件,False
2026-03-16,55.393,57.113,55.33,56.831,73789.0,129794851.0,17.13,17.68,17.11,17.59,True,普联软件,False
2026-03-17,56.644,57.426,55.424,55.486,66378.0,113904648.0,17.53,17.78,17.14,17.16,True,普联软件,False
2026-03-18,55.643,56.425,55.393,56.393,52342.0,91336790.0,17.21,17.46,17.13,17.45,True,普联软件,False
2026-03-19,55.705,56.049,54.673,54.861,56332.0,95539072.0,17.23,17.34,16.9,16.96,True,普联软件,False
2026-03-20,55.455,55.83,52.953,53.078,64992.0,106521888.0,17.15,17.27,16.35,16.39,True,普联软件,False
2026-03-23,52.515,52.515,47.949,48.637,105795.0,158375115.0,16.21,16.21,14.75,14.97,True,普联软件,False
2026-03-24,49.638,50.545,48.637,50.42,57236.0,88944744.0,15.29,15.58,14.97,15.54,True,普联软件,False
2026-03-25,50.42,51.733,50.013,50.951,50205.0,78872055.0,15.54,15.96,15.41,15.71,True,普联软件,False
2026-03-26,50.951,51.264,49.075,49.419,42599.0,64835678.0,15.71,15.81,15.11,15.22,True,普联软件,False
2026-03-27,48.95,50.732,48.731,50.67,37571.0,58685902.0,15.07,15.64,15.0,15.62,True,普联软件,False
2026-03-30,49.669,52.015,49.669,51.796,49640.0,79324720.0,15.3,16.05,15.3,15.98,True,普联软件,False
2026-03-31,51.765,52.515,50.232,50.326,61222.0,94955322.0,15.97,16.21,15.48,15.51,True,普联软件,False
2026-04-01,51.327,51.702,50.482,51.483,46949.0,74555012.0,15.83,15.95,15.56,15.88,True,普联软件,False
2026-04-02,51.139,51.264,50.076,50.451,36572.0,56869460.0,15.77,15.81,15.43,15.55,True,普联软件,False
2026-04-03,54.423,59.677,52.328,53.422,245606.0,405249900.0,16.82,18.5,16.15,16.5,True,普联软件,False
2026-04-07,51.89,54.986,51.483,52.953,190200.0,310977000.0,16.01,17.0,15.88,16.35,True,普联软件,False
2026-04-08,53.141,54.736,52.859,54.486,161399.0,271795916.0,16.41,16.92,16.32,16.84,True,普联软件,False
2026-04-09,54.486,54.486,52.672,52.828,116545.0,190084895.0,16.84,16.84,16.26,16.31,True,普联软件,False
2026-04-10,53.422,53.891,53.016,53.391,85700.0,141319300.0,16.5,16.65,16.37,16.49,True,普联软件,False
2026-04-13,52.359,53.954,52.171,53.203,79598.0,130779514.0,16.16,16.67,16.1,16.43,True,普联软件,False
2026-04-14,53.641,54.267,53.36,54.11,70198.0,117371056.0,16.57,16.77,16.48,16.72,True,普联软件,False
2026-04-15,54.298,57.488,54.235,56.863,188982.0,332608320.0,16.78,17.8,16.76,17.6,True,普联软件,False
2026-04-16,56.206,57.332,55.799,56.956,123415.0,217580645.0,17.39,17.75,17.26,17.63,True,普联软件,False
2026-04-17,56.769,57.957,56.55,56.988,82760.0,145988640.0,17.57,17.95,17.5,17.64,True,普联软件,False
2026-04-20,56.831,58.114,56.55,57.519,87648.0,156101088.0,17.59,18.0,17.5,17.81,True,普联软件,False
2026-04-21,57.05,57.488,55.862,56.393,93533.0,163215085.0,17.66,17.8,17.28,17.45,True,普联软件,False
2026-04-22,56.049,57.05,55.83,56.956,76788.0,135377244.0,17.34,17.66,17.27,17.63,True,普联软件,False
2026-04-23,57.238,57.582,55.893,56.268,56020.0,97530820.0,17.72,17.83,17.29,17.41,True,普联软件,False
2026-04-24,55.987,56.863,55.549,56.081,52533.0,91144755.0,17.32,17.6,17.18,17.35,True,普联软件,False
2026-04-27,55.83,57.238,55.049,56.925,66694.0,117514828.0,17.27,17.72,17.02,17.62,True,普联软件,False
2026-04-28,56.956,57.175,55.267,55.58,59188.0,101744172.0,17.63,17.7,17.09,17.19,True,普联软件,False
2026-04-29,55.58,56.8,55.455,56.487,56899.0,99459452.0,17.19,17.58,17.15,17.48,True,普联软件,False
2026-04-30,57.199,57.199,55.448,56.849,101928.0,127410000.0,12.58,12.58,12.18,12.5,True,普联软件,False
2026-05-06,57.111,60.92,57.111,59.388,250924.0,328208592.0,12.56,13.43,12.56,13.08,True,普联软件,False
2026-05-07,60.526,60.657,58.293,59.3,138044.0,180285464.0,13.34,13.37,12.83,13.06,True,普联软件,False
2026-05-08,59.038,60.789,58.6,59.475,134625.0,176358750.0,13.0,13.4,12.9,13.1,True,普联软件,False
2026-05-11,59.65,59.869,58.337,58.731,120743.0,156120699.0,13.14,13.19,12.84,12.93,True,普联软件,False
2026-05-12,58.556,58.731,57.462,57.812,82156.0,104502432.0,12.89,12.93,12.64,12.72,True,普联软件,False
2026-05-13,57.549,58.819,57.374,58.6,78057.0,100693530.0,12.66,12.95,12.62,12.9,True,普联软件,False
2026-05-14,58.556,58.863,56.28,56.367,90000.0,111510000.0,12.89,12.96,12.37,12.39,True,普联软件,False
2026-05-15,56.455,57.681,55.842,56.192,86029.0,106245815.0,12.41,12.69,12.27,12.35,True,普联软件,False
2026-05-18,55.754,57.812,55.754,57.374,85910.0,108418420.0,12.25,12.72,12.25,12.62,True,普联软件,False
2026-05-19,57.418,61.445,57.418,61.139,269180.0,362854640.0,12.63,13.55,12.63,13.48,True,普联软件,False
2026-05-20,60.964,61.62,59.213,59.826,150906.0,198894108.0,13.44,13.59,13.04,13.18,True,普联软件,False
2026-05-21,60.176,60.745,57.287,57.943,141137.0,179949675.0,13.26,13.39,12.6,12.75,True,普联软件,False
2026-05-22,58.381,60.132,56.98,59.475,132692.0,173826520.0,12.85,13.25,12.53,13.1,True,普联软件,False
2026-05-25,59.913,59.913,57.505,58.337,114783.0,147381372.0,13.2,13.2,12.65,12.84,True,普联软件,False
2026-05-26,57.987,58.337,56.061,57.243,101042.0,127211878.0,12.76,12.84,12.32,12.59,True,普联软件,False
2026-05-27,56.936,58.162,54.485,54.879,118359.0,142622595.0,12.52,12.8,11.96,12.05,True,普联软件,False
2026-05-28,54.66,56.236,53.347,55.623,121679.0,148691738.0,12.0,12.36,11.7,12.22,True,普联软件,False
2026-05-29,55.448,58.293,53.434,53.916,119694.0,141598002.0,12.18,12.83,11.72,11.83,True,普联软件,False
2026-06-01,54.003,58.293,53.566,57.462,186224.0,235387136.0,11.85,12.83,11.75,12.64,True,普联软件,False
2026-06-02,56.936,57.024,55.01,55.842,121025.0,148497675.0,12.52,12.54,12.08,12.27,True,普联软件,False
2026-06-03,55.623,55.623,53.566,54.047,95456.0,113210816.0,12.22,12.22,11.75,11.86,True,普联软件,False
2026-06-04,53.566,53.697,51.596,52.209,76303.0,87290632.0,11.75,11.78,11.3,11.44,True,普联软件,False
2026-06-05,52.209,53.828,51.815,52.603,74073.0,85406169.0,11.44,11.81,11.35,11.53,True,普联软件,False
2026-06-08,51.114,53.259,50.414,52.778,83451.0,96552807.0,11.19,11.68,11.03,11.57,True,普联软件,False
2026-06-09,52.471,52.821,51.07,51.508,74486.0,84020208.0,11.5,11.58,11.18,11.28,True,普联软件,False
2026-06-10,51.027,51.508,48.356,49.319,109730.0,118288940.0,11.17,11.28,10.56,10.78,True,普联软件,False
2026-06-11,48.75,51.377,47.962,49.232,97735.0,105162860.0,10.65,11.25,10.47,10.76,True,普联软件,False
2026-06-12,49.845,50.151,48.663,49.407,79748.0,86127840.0,10.9,10.97,10.63,10.8,True,普联软件,False
2026-06-15,49.407,52.734,49.407,52.603,117854.0,135885662.0,10.8,11.56,10.8,11.53,True,普联软件,False
2026-06-16,52.121,52.471,51.158,51.815,63939.0,72570765.0,11.42,11.5,11.2,11.35,True,普联软件,False
2026-06-17,51.552,51.596,49.801,50.633,67852.0,75180016.0,11.29,11.3,10.89,11.08,True,普联软件,False
2026-06-18,50.72,52.997,49.845,51.596,80961.0,91485930.0,11.1,11.62,10.9,11.3,True,普联软件,False
2026-06-22,51.07,53.128,50.282,52.821,98063.0,113556954.0,11.18,11.65,11.0,11.58,True,普联软件,False
2026-06-23,52.559,53.609,52.252,52.821,76021.0,88032318.0,11.52,11.76,11.45,11.58,True,普联软件,False
2026-06-24,52.515,52.865,49.626,51.508,82043.0,92544504.0,11.51,11.59,10.85,11.28,True,普联软件,False
2026-06-25,51.596,52.471,50.545,51.508,68530.0,77301840.0,11.3,11.5,11.06,11.28,True,普联软件,False
2026-06-26,51.333,51.333,47.875,48.619,113209.0,120227958.0,11.24,11.24,10.45,10.62,True,普联软件,False
2026-06-29,48.575,49.713,47.437,49.407,77772.0,83993760.0,10.61,10.87,10.35,10.8,True,普联软件,False
2026-06-30,49.101,50.939,48.882,49.801,65722.0,71571258.0,10.73,11.15,10.68,10.89,True,普联软件,False
2026-07-01,49.451,57.287,49.319,56.63,295902.0,368397990.0,10.81,12.6,10.78,12.45,True,普联软件,False
2026-07-02,56.586,56.63,53.609,53.741,142436.0,167932044.0,12.44,12.45,11.76,11.79,True,普联软件,False
2026-07-03,54.091,54.791,52.778,53.828,114113.0,134767453.0,11.87,12.03,11.57,11.81,True,普联软件,False
2026-07-06,53.785,54.31,51.114,51.552,102354.0,115557666.0,11.8,11.92,11.19,11.29,True,普联软件,False
2026-07-07,51.815,52.603,49.232,49.976,84192.0,92021856.0,11.35,11.53,10.76,10.93,True,普联软件,False
2026-07-08,49.582,50.107,48.663,49.407,73275.0,79137000.0,10.84,10.96,10.63,10.8,True,普联软件,False
2026-07-09,49.451,50.151,47.087,49.757,101947.0,110918336.0,10.81,10.97,10.27,10.88,True,普联软件,False
2026-07-10,49.801,53.04,49.276,50.983,121669.0,135782604.0,10.89,11.63,10.77,11.16,True,普联软件,False
2026-07-13,50.633,52.559,49.845,51.421,123049.0,138553174.0,11.08,11.52,10.9,11.26,True,普联软件,False
2026-07-14,51.64,53.084,49.582,51.858,134810.0,153144160.0,11.31,11.64,10.84,11.36,True,普联软件,False
2026-07-15,51.377,52.165,50.414,51.946,94384.0,107408992.0,11.25,11.43,11.03,11.38,True,普联软件,False
2026-07-16,51.464,52.69,51.158,51.858,79179.0,89947344.0,11.27,11.55,11.2,11.36,True,普联软件,False
2026-07-17,51.858,53.084,50.37,51.421,132477.0,149169102.0,11.36,11.64,11.02,11.26,True,普联软件,False
2026-07-20,51.421,53.522,51.202,53.478,155516.0,182420268.0,11.26,11.74,11.21,11.73,True,普联软件,False
2026-07-21,52.515,53.259,49.276,51.815,144188.0,163653380.0,11.51,11.68,10.77,11.35,True,普联软件,False
2026-07-22,51.333,53.303,49.407,50.895,143287.0,159621718.0,11.24,11.69,10.8,11.14,True,普联软件,False
2026-07-23,50.983,55.448,50.501,55.273,231680.0,281259520.0,11.16,12.18,11.05,12.14,True,普联软件,False
2026-07-24,54.748,59.344,54.222,58.731,336067.0,434534631.0,12.02,13.07,11.9,12.93,True,普联软件,False
2026-07-30,65.604,70.069,61.401,70.069,467531.0,725608112.0,14.5,15.52,13.54,15.52,True,普联软件,False
2026-07-31,70.419,83.639,69.018,83.639,687919.0,1280905178.0,15.6,18.62,15.28,18.62,True,普联软件,False
2026-08-03,87.929,88.192,75.541,76.942,1015291.0,1735132319.0,19.6,19.66,16.77,17.09,True,普联软件,False
2026-08-04,78.737,83.114,75.41,81.144,1050654.0,1896430470.0,17.5,18.5,16.74,18.05,True,普联软件,False
2026-08-05,78.518,91.3,77.949,86.178,1134312.0,2177879040.0,17.45,20.37,17.32,19.2,True,普联软件,False
2026-08-06,85.916,92.964,83.158,91.038,1042894.0,2118117714.0,19.14,20.75,18.51,20.31,True,普联软件,False
2026-08-07,87.929,90.337,82.676,88.192,949861.0,1867426726.0,19.6,20.15,18.4,19.66,True,普联软件,False
2026-08-10,86.966,89.243,81.144,87.492,829455.0,1617437250.0,19.38,19.9,18.05,19.5,True,普联软件,False
2026-08-11,86.397,93.752,82.852,92.657,1002161.0,2072468948.0,19.25,20.93,18.44,20.68,True,普联软件,False
2026-08-12,91.869,92.657,87.667,88.717,750008.0,1483515824.0,20.5,20.68,19.54,19.78,True,普联软件,False
2026-08-13,87.273,93.183,78.737,79.612,1094999.0,1938148230.0,19.45,20.8,17.5,17.7,True,普联软件,False
2026-08-14,78.737,81.757,74.753,77.598,906509.0,1562821515.9999998,17.5,18.19,16.59,17.24,True,普联软件,False
2026-08-17,76.5177494199536,77.68802088167055,74.4922795823666,77.14789559164734,594848.0,1009220000.0,17.0,17.26,16.55,17.14,True,普联软件,True
2026-08-24,64.63499303944316,64.90505568445477,61.75432482598609,63.41971113689096,254051.0,354890000.0,14.36,14.42,13.72,14.09,True,普联软件,True
2026-08-25,63.46472157772622,63.59975290023203,61.66430394431555,63.23966937354989,276586.0,386360000.0,14.1,14.13,13.7,14.05,True,普联软件,True
2026-08-27,61.84434570765661,63.734784222737815,61.70931438515081,63.23966937354988,326033.0,454440000.0,13.74,14.16,13.71,14.05,True,普联软件,True
