date,open,high,low,close,volume,amount,raw_open,raw_high,raw_low,raw_close,tradable,name,provisional
2015-01-05,75.713,76.883,73.47,76.2,847598.0,625527324.0,7.33,7.45,7.1,7.38,True,振华重工,False
2015-01-06,75.518,75.81,73.86,74.64,658215.0,475231230.0,7.31,7.34,7.14,7.22,True,振华重工,False
2015-01-07,74.64,76.103,74.055,75.225,510492.0,371638176.0,7.22,7.37,7.16,7.28,True,振华重工,False
2015-01-08,75.225,75.225,71.618,71.813,662672.0,459231696.0,7.28,7.28,6.91,6.93,True,振华重工,False
2015-01-09,70.838,74.055,69.863,70.935,651816.0,445842144.0,6.83,7.16,6.73,6.84,True,振华重工,False
2015-01-12,69.57,70.253,68.303,68.595,397499.0,262349340.0,6.7,6.77,6.57,6.6,True,振华重工,False
2015-01-13,68.595,69.375,67.718,68.108,253083.0,165769365.0,6.6,6.68,6.51,6.55,True,振华重工,False
2015-01-14,68.595,69.278,66.743,67.133,234338.0,151148010.0,6.6,6.67,6.41,6.45,True,振华重工,False
2015-01-15,67.328,69.375,67.133,69.375,287281.0,191903708.0,6.47,6.68,6.45,6.68,True,振华重工,False
2015-01-16,69.375,70.058,68.888,69.57,326779.0,218941930.0,6.68,6.75,6.63,6.7,True,振华重工,False
2015-01-19,66.645,67.133,63.038,63.038,602236.0,363148308.0,6.4,6.45,6.03,6.03,True,振华重工,False
2015-01-20,63.233,64.598,63.233,64.305,335614.0,206738224.0,6.05,6.19,6.05,6.16,True,振华重工,False
2015-01-21,64.305,66.743,63.915,66.645,368179.0,235634560.0,6.16,6.41,6.12,6.4,True,振华重工,False
2015-01-22,66.645,70.253,66.06,68.985,485471.0,322352744.0,6.4,6.77,6.34,6.64,True,振华重工,False
2015-01-23,68.595,69.375,66.938,67.523,336265.0,218235985.0,6.6,6.68,6.43,6.49,True,振华重工,False
2015-01-26,67.035,68.985,66.645,68.498,244303.0,160995677.0,6.44,6.64,6.4,6.59,True,振华重工,False
2015-01-27,68.888,69.863,67.718,69.083,403135.0,268084775.0,6.63,6.73,6.51,6.65,True,振华重工,False
2015-01-28,68.595,68.985,67.913,68.01,231773.0,151579542.0,6.6,6.64,6.53,6.54,True,振华重工,False
2015-01-29,68.498,69.863,67.718,68.303,342994.0,225347058.0,6.59,6.73,6.51,6.57,True,振华重工,False
2015-01-30,68.303,68.595,65.865,65.963,316826.0,200550858.0,6.57,6.6,6.32,6.33,True,振华重工,False
2015-02-02,64.5,65.085,63.233,63.623,247030.0,150441270.0,6.18,6.24,6.05,6.09,True,振华重工,False
2015-02-03,63.818,64.5,63.233,64.403,197072.0,121593424.0,6.11,6.18,6.05,6.17,True,振华重工,False
2015-02-04,64.5,65.183,63.915,64.305,227433.0,140098728.0,6.18,6.25,6.12,6.16,True,振华重工,False
2015-02-05,65.183,65.28,63.038,63.135,241201.0,145685404.0,6.25,6.26,6.03,6.04,True,振华重工,False
2015-02-06,63.135,63.33,60.503,60.795,278313.0,161421540.0,6.04,6.06,5.77,5.8,True,振华重工,False
2015-02-09,61.185,62.258,60.795,61.575,148375.0,87244500.0,5.84,5.95,5.8,5.88,True,振华重工,False
2015-02-10,61.575,62.453,61.575,62.453,140377.0,83805069.0,5.88,5.97,5.88,5.97,True,振华重工,False
2015-02-11,62.55,62.745,61.965,62.16,112529.0,66842226.00000001,5.98,6.0,5.92,5.94,True,振华重工,False
2015-02-12,62.16,62.843,61.868,62.745,127479.0,76487400.0,5.94,6.01,5.91,6.0,True,振华重工,False
2015-02-13,63.33,64.208,63.135,63.72,174505.0,106448050.0,6.06,6.15,6.04,6.1,True,振华重工,False
2015-02-16,63.818,64.11,63.623,63.915,146455.0,89630460.0,6.11,6.14,6.09,6.12,True,振华重工,False
2015-02-17,63.915,64.403,63.818,64.305,177541.0,109365256.0,6.12,6.17,6.11,6.16,True,振华重工,False
2015-02-25,64.598,64.793,64.11,64.208,131659.0,80970285.0,6.19,6.21,6.14,6.15,True,振华重工,False
2015-02-26,64.208,69.083,63.818,68.693,698065.0,461420965.0,6.15,6.65,6.11,6.61,True,振华重工,False
2015-02-27,68.595,68.79,67.62,67.913,399345.0,260772285.0,6.6,6.62,6.5,6.53,True,振华重工,False
2015-03-02,68.4,69.96,67.913,68.79,317464.0,210161168.0,6.58,6.74,6.53,6.62,True,振华重工,False
2015-03-03,68.985,68.985,67.718,67.815,284450.0,185461400.0,6.64,6.64,6.51,6.52,True,振华重工,False
2015-03-04,67.815,68.108,66.548,67.035,284103.0,182962332.0,6.52,6.55,6.39,6.44,True,振华重工,False
2015-03-05,67.035,67.035,65.475,66.548,254929.0,162899631.0,6.44,6.44,6.28,6.39,True,振华重工,False
2015-03-06,66.548,67.133,65.768,66.255,209546.0,133271256.0,6.39,6.45,6.31,6.36,True,振华重工,False
2015-03-09,65.963,66.938,65.573,66.938,239981.0,154307783.0,6.33,6.43,6.29,6.43,True,振华重工,False
2015-03-10,67.035,68.205,66.743,67.328,266304.0,172298688.0,6.44,6.56,6.41,6.47,True,振华重工,False
2015-03-11,67.62,67.815,66.255,66.45,192822.0,123020436.0,6.5,6.52,6.36,6.38,True,振华重工,False
2015-03-12,66.84,67.133,66.158,66.84,206619.0,132649398.0,6.42,6.45,6.35,6.42,True,振华重工,False
2015-03-13,67.035,68.498,66.84,67.913,300938.0,196512514.0,6.44,6.59,6.42,6.53,True,振华重工,False
2015-03-16,68.01,69.278,68.01,69.278,397898.0,265397966.0,6.54,6.67,6.54,6.67,True,振华重工,False
2015-03-17,69.57,72.983,69.57,71.91,858740.0,595965560.0,6.7,7.05,6.7,6.94,True,振华重工,False
2015-03-18,72.105,73.47,71.813,72.788,721748.0,507388844.0,6.96,7.1,6.93,7.03,True,振华重工,False
2015-03-19,72.983,75.323,71.91,73.958,834853.0,596919895.0,7.05,7.29,6.94,7.15,True,振华重工,False
2015-03-20,73.86,75.03,73.08,74.153,537663.0,385504371.0,7.14,7.26,7.06,7.17,True,振华重工,False
2015-03-23,74.445,75.03,73.86,74.64,675357.0,487607754.0,7.2,7.26,7.14,7.22,True,振华重工,False
2015-03-24,74.933,75.128,71.52,73.47,760874.0,540220540.0,7.25,7.27,6.9,7.1,True,振华重工,False
2015-03-25,73.47,76.2,72.593,75.908,923176.0,678534360.0,7.1,7.38,7.01,7.35,True,振华重工,False
2015-03-26,76.103,82.245,75.42,80.49,1649974.0,1290279668.0,7.37,8.0,7.3,7.82,True,振华重工,False
2015-03-27,81.075,81.27,77.955,78.833,895380.08,684965761.2,7.88,7.9,7.56,7.65,True,振华重工,False
2015-03-30,80.1,86.34,79.418,86.34,1893530.0,1594352260.0,7.78,8.42,7.71,8.42,True,振华重工,False
2015-03-31,88.29,89.07,83.903,84.39,1922279.0,1580113338.0000002,8.62,8.7,8.17,8.22,True,振华重工,False
2015-04-01,84.78,85.658,83.415,84.878,862708.0,713459516.0,8.26,8.35,8.12,8.27,True,振华重工,False
2015-04-02,85.17,85.17,83.22,83.903,855429.0,698885493.0,8.3,8.3,8.1,8.17,True,振华重工,False
2015-04-03,83.61,84.293,82.44,84.0,709720.0,580550960.0,8.14,8.21,8.02,8.18,True,振华重工,False
2015-04-07,84.195,86.73,84.195,84.878,816623.0,675347221.0,8.2,8.46,8.2,8.27,True,振华重工,False
2015-04-08,85.365,86.633,83.22,85.17,984167.0,816858610.0000001,8.32,8.45,8.1,8.3,True,振华重工,False
2015-04-09,85.073,85.073,80.295,81.075,845635.0,666360380.0,8.29,8.29,7.8,7.88,True,振华重工,False
2015-04-10,80.978,82.538,80.393,82.05,555719.0,443463762.0,7.87,8.03,7.81,7.98,True,振华重工,False
2015-04-13,82.245,84.878,81.465,84.0,773303.0,632561854.0,8.0,8.27,7.92,8.18,True,振华重工,False
2015-04-14,84.098,87.9,83.61,86.243,1256303.0,1056550823.0,8.19,8.58,8.14,8.41,True,振华重工,False
2015-04-15,86.145,86.145,82.245,83.513,794666.0,646063458.0000001,8.4,8.4,8.0,8.13,True,振华重工,False
2015-04-16,82.05,87.023,80.49,85.95,949903.0,796018714.0000001,7.98,8.49,7.82,8.38,True,振华重工,False
2015-04-17,86.633,94.14,86.633,94.043,2887688.0,2659560648.0000005,8.45,9.22,8.45,9.21,True,振华重工,False
2015-04-20,93.848,103.013,91.313,98.723,3325235.0,3222152715.0,9.19,10.13,8.93,9.69,True,振华重工,False
2015-04-21,97.358,99.21,92.97,96.675,1612010.0,1528185480.0,9.55,9.74,9.1,9.48,True,振华重工,False
2015-04-22,96.48,103.988,95.213,99.015,1544198.0,1500960456.0,9.46,10.23,9.33,9.72,True,振华重工,False
2015-04-23,100.77,102.525,97.358,99.308,1246706.0,1215538350.0,9.9,10.08,9.55,9.75,True,振华重工,False
2015-04-24,97.553,98.82,94.92,96.48,1033074.0,977288004.0,9.57,9.7,9.3,9.46,True,振华重工,False
2015-04-27,96.578,101.258,96.578,99.405,1260442.0,1230191392.0,9.47,9.95,9.47,9.76,True,振华重工,False
2015-04-28,98.82,99.21,94.92,95.7,960254.0,900718252.0000001,9.7,9.74,9.3,9.38,True,振华重工,False
2015-04-29,95.505,96.48,93.068,94.823,691816.0,642697064.0,9.36,9.46,9.11,9.29,True,振华重工,False
2015-04-30,94.92,99.503,94.14,95.993,998742.0,939816222.0,9.3,9.77,9.22,9.41,True,振华重工,False
2015-05-04,95.895,101.453,93.068,101.258,1456814.0,1449529930.0,9.4,9.97,9.11,9.95,True,振华重工,False
2015-05-05,101.843,102.623,93.945,94.92,1078754.0,1003241220.0,10.01,10.09,9.2,9.3,True,振华重工,False
2015-05-06,94.823,96.188,85.853,89.07,964612.0,839212439.9999999,9.29,9.43,8.37,8.7,True,振华重工,False
2015-05-07,87.998,88.29,81.758,82.343,854124.0,684153324.0,8.59,8.62,7.95,8.01,True,振华重工,False
2015-05-08,83.22,84.878,82.245,84.585,674778.0,556017072.0,8.1,8.27,8.0,8.24,True,振华重工,False
2015-05-11,85.463,87.51,84.195,87.218,624913.0,531800963.0,8.33,8.54,8.2,8.51,True,振华重工,False
2015-05-12,87.9,89.753,87.12,88.973,675476.0,586988644.0,8.58,8.77,8.5,8.69,True,振华重工,False
2015-05-13,88.875,90.338,87.12,87.51,685658.0,585551932.0,8.68,8.83,8.5,8.54,True,振华重工,False
2015-05-14,87.51,87.51,85.17,86.438,546217.0,460460931.0,8.54,8.54,8.3,8.43,True,振华重工,False
2015-05-15,86.633,91.898,84.39,89.558,1035701.0,906238375.0,8.45,8.99,8.22,8.75,True,振华重工,False
2015-05-18,94.628,98.138,94.53,95.115,1713425.0,1596912100.0,9.27,9.63,9.26,9.32,True,振华重工,False
2015-05-19,91.995,100.478,90.825,98.333,1398722.0,1349766730.0,9.0,9.87,8.88,9.65,True,振华重工,False
2015-05-20,98.528,100.673,96.773,96.968,1389733.0,1321636083.0,9.67,9.89,9.49,9.51,True,振华重工,False
2015-05-21,96.968,104.67,96.383,104.573,1737268.0,1787648771.9999998,9.51,10.3,9.45,10.29,True,振华重工,False
2015-05-22,105.255,106.425,101.258,103.013,1620453.0,1641518889.0000002,10.36,10.48,9.95,10.13,True,振华重工,False
2015-05-25,102.135,107.595,101.55,107.01,1652102.0,1741315507.9999998,10.04,10.6,9.98,10.54,True,振华重工,False
2015-05-26,107.205,112.275,104.67,108.96,1701066.0,1826944884.0,10.56,11.08,10.3,10.74,True,振华重工,False
2015-05-27,108.765,108.765,103.793,105.45,1441716.0,1496501208.0,10.72,10.72,10.21,10.38,True,振华重工,False
2015-05-28,105.548,110.13,96.188,97.845,1627204.0,1562115840.0,10.39,10.86,9.43,9.6,True,振华重工,False
2015-05-29,97.65,100.965,91.995,97.163,1064526.0,1014493278.0,9.58,9.92,9.0,9.53,True,振华重工,False
2015-06-01,97.748,103.695,97.748,102.915,979500.0,991254000.0,9.59,10.2,9.59,10.12,True,振华重工,False
2015-06-02,103.013,104.865,101.745,104.378,1071081.0,1100000187.0,10.13,10.32,10.0,10.27,True,振华重工,False
2015-06-03,104.378,106.62,100.088,106.425,1422306.0,1490576688.0,10.27,10.5,9.83,10.48,True,振华重工,False
2015-06-04,105.645,105.645,98.723,104.768,1058389.0,1091199059.0,10.4,10.4,9.69,10.31,True,振华重工,False
2015-06-05,106.815,110.033,104.865,109.448,1795346.0,1937178334.0,10.52,10.85,10.32,10.79,True,振华重工,False
2015-06-08,111.3,119.393,111.3,113.543,1901025.0,2131049025.0,10.98,11.81,10.98,11.21,True,振华重工,False
2015-06-09,113.64,116.37,111.69,115.103,1255399.0,1427388663.0,11.22,11.5,11.02,11.37,True,振华重工,False
2015-06-10,112.763,114.908,111.3,113.055,950705.0,1060986780.0,11.13,11.35,10.98,11.16,True,振华重工,False
2015-06-11,113.835,114.908,111.3,112.665,829388.0,922279456.0,11.24,11.35,10.98,11.12,True,振华重工,False
2015-06-12,113.445,120.953,110.813,118.028,1813806.0,2116711602.0,11.2,11.97,10.93,11.67,True,振华重工,False
2015-06-15,119.003,119.88,115.98,116.76,1324279.0,1528217966.0,11.77,11.86,11.46,11.54,True,振华重工,False
2015-06-16,113.64,115.103,106.62,108.083,1113133.0,1185486645.0,11.22,11.37,10.5,10.65,True,振华重工,False
2015-06-17,108.083,111.105,102.72,110.325,861894.0,937740672.0,10.65,10.96,10.1,10.88,True,振华重工,False
2015-06-18,110.228,112.275,106.035,106.425,792561.0,830603928.0,10.87,11.08,10.44,10.48,True,振华重工,False
2015-06-19,103.695,107.4,97.845,98.723,733448.0,710711112.0,10.2,10.58,9.6,9.69,True,振华重工,False
2015-06-23,98.333,101.55,90.825,101.355,745314.0,742332744.0000001,9.65,9.98,8.88,9.96,True,振华重工,False
2015-06-24,102.72,104.378,100.478,103.598,785184.0,800102496.0,10.1,10.27,9.87,10.19,True,振华重工,False
2015-06-25,104.865,112.373,103.793,106.035,1459267.0,1523474748.0,10.32,11.09,10.21,10.44,True,振华重工,False
2015-06-26,101.55,104.183,95.895,95.895,1161181.0,1091510140.0,9.98,10.25,9.4,9.4,True,振华重工,False
2015-06-29,101.55,101.55,87.218,97.358,1288854.0,1230855570.0,9.98,9.98,8.51,9.55,True,振华重工,False
2015-06-30,98.43,106.718,93.75,106.62,1452860.0,1525503000.0,9.66,10.51,9.18,10.5,True,振华重工,False
2015-07-01,106.62,111.008,101.843,102.428,1486660.0,1497066620.0,10.5,10.95,10.01,10.07,True,振华重工,False
2015-07-02,102.915,104.475,92.58,92.58,1217357.0,1102925442.0,10.12,10.28,9.06,9.06,True,振华重工,False
2015-07-03,88.095,91.995,83.708,83.708,998621.0,813876115.0,8.6,9.0,8.15,8.15,True,振华重工,False
2015-07-06,91.605,91.605,75.81,85.268,1358321.0,1128764751.0,8.96,8.96,7.34,8.31,True,振华重工,False
2015-07-07,80.88,84.098,77.175,77.175,760345.0,568738060.0,7.86,8.19,7.48,7.48,True,振华重工,False
2015-07-08,69.863,77.175,69.863,71.618,2515439.0,1738168349.0,6.73,7.48,6.73,6.91,True,振华重工,False
2015-07-09,69.375,78.345,69.375,78.345,681421.0,517879960.0,6.68,7.6,6.68,7.6,True,振华重工,False
2015-07-10,82.05,85.755,79.32,85.755,788022.0,658786392.0,7.98,8.36,7.7,8.36,True,振华重工,False
2015-07-13,87.705,93.945,87.705,93.945,1126531.0,1036408520.0,8.56,9.2,8.56,9.2,True,振华重工,False
2015-07-14,93.848,97.65,90.045,90.533,1075065.0,951432525.0,9.19,9.58,8.8,8.85,True,振华重工,False
2015-07-15,88.485,89.948,81.953,81.953,696658.0,555236426.0,8.64,8.79,7.97,7.97,True,振华重工,False
2015-07-16,81.953,86.73,77.468,84.488,544487.0,448112801.0,7.97,8.46,7.51,8.23,True,振华重工,False
2015-07-17,85.365,90.825,84.488,89.07,525213.0,456935310.0,8.32,8.88,8.23,8.7,True,振华重工,False
2015-07-20,89.168,91.8,87.12,89.558,597814.0,523087250.0,8.71,8.98,8.5,8.75,True,振华重工,False
2015-07-21,88.68,91.02,87.218,89.558,456178.0,399155750.0,8.66,8.9,8.51,8.75,True,振华重工,False
2015-07-22,89.07,91.41,87.315,90.338,542812.0,479302996.0,8.7,8.94,8.52,8.83,True,振华重工,False
2015-07-23,90.24,93.555,89.558,92.19,687060.0,619728120.0,8.82,9.16,8.75,9.02,True,振华重工,False
2015-07-24,93.945,96.87,90.045,91.508,958985.0,858291574.9999999,9.2,9.5,8.8,8.95,True,振华重工,False
2015-07-27,88.778,90.825,82.83,82.83,629054.0,507017524.00000006,8.67,8.88,8.06,8.06,True,振华重工,False
2015-07-28,81.173,85.17,75.42,84.098,727519.0,595838061.0,7.89,8.3,7.3,8.19,True,振华重工,False
2015-07-29,85.17,89.265,82.44,88.485,465365.0,402075360.0,8.3,8.72,8.02,8.64,True,振华重工,False
2015-07-30,87.9,90.338,84.098,85.17,458046.0,380178180.00000006,8.58,8.83,8.19,8.3,True,振华重工,False
2015-07-31,83.61,85.56,83.513,84.975,328081.0,271651068.0,8.14,8.34,8.13,8.28,True,振华重工,False
2015-08-03,83.903,87.12,82.245,87.023,442351.0,375555999.0,8.17,8.5,8.0,8.49,True,振华重工,False
2015-08-04,86.34,89.85,86.243,89.753,435231.0,381697587.0,8.42,8.78,8.41,8.77,True,振华重工,False
2015-08-05,89.265,93.36,88.095,88.485,503782.0,435267648.0,8.72,9.14,8.6,8.64,True,振华重工,False
2015-08-06,85.755,87.705,84.975,85.95,284762.0,238630556.00000003,8.36,8.56,8.28,8.38,True,振华重工,False
2015-08-07,87.12,88.29,86.633,87.51,269182.0,229881428.0,8.5,8.62,8.45,8.54,True,振华重工,False
2015-08-10,89.265,93.945,88.973,92.678,714323.0,647890961.0,8.72,9.2,8.69,9.07,True,振华重工,False
2015-08-11,93.848,95.895,92.288,93.653,863293.0,791639681.0,9.19,9.4,9.03,9.17,True,振华重工,False
2015-08-12,91.118,94.53,91.118,91.508,498203.0,445891685.0,8.91,9.26,8.91,8.95,True,振华重工,False
2015-08-13,91.02,95.408,91.02,94.823,604843.0,561899147.0,8.9,9.35,8.9,9.29,True,振华重工,False
2015-08-14,95.018,98.333,93.945,96.188,765165.0,721550595.0,9.31,9.65,9.2,9.43,True,振华重工,False
2015-08-17,95.408,98.528,94.14,96.675,699661.0,663278628.0,9.35,9.67,9.22,9.48,True,振华重工,False
2015-08-18,96.48,96.675,87.413,87.413,664214.0,566574542.0,9.46,9.48,8.53,8.53,True,振华重工,False
2015-08-19,84.098,89.363,81.368,88.388,453018.0,390954534.00000006,8.19,8.73,7.91,8.63,True,振华重工,False
2015-08-20,86.925,88.778,83.805,84.098,314340.0,257444460.0,8.48,8.67,8.16,8.19,True,振华重工,False
2015-08-21,82.44,84.975,78.443,79.808,371010.0,287532750.0,8.02,8.28,7.61,7.75,True,振华重工,False
2015-08-24,77.37,78.345,72.3,72.3,366676.0,255939848.00000003,7.5,7.6,6.98,6.98,True,振华重工,False
2015-08-25,65.475,67.523,65.475,65.475,287787.0,180730236.0,6.28,6.49,6.28,6.28,True,振华重工,False
2015-08-26,66.158,67.425,59.82,60.113,438910.0,251495430.00000003,6.35,6.48,5.7,5.73,True,振华重工,False
2015-08-27,61.38,63.72,57.87,63.428,320742.0,194690394.0,5.86,6.1,5.5,6.07,True,振华重工,False
2015-08-28,64.598,68.303,64.208,68.108,393961.0,258044455.0,6.19,6.57,6.15,6.55,True,振华重工,False
2015-08-31,68.205,68.205,64.5,64.598,284082.0,175846758.0,6.56,6.56,6.18,6.19,True,振华重工,False
2015-09-01,66.938,70.643,64.988,65.865,732658.0,463039856.0,6.43,6.81,6.23,6.32,True,振华重工,False
2015-09-02,59.918,65.865,59.723,60.795,533340.0,309337200.0,5.71,6.32,5.69,5.8,True,振华重工,False
2015-09-07,62.745,64.403,60.795,61.673,275093.0,162029777.0,6.0,6.17,5.8,5.89,True,振华重工,False
2015-09-08,61.673,64.208,59.918,63.72,219566.0,133935260.0,5.89,6.15,5.71,6.1,True,振华重工,False
2015-09-09,64.695,66.353,63.72,66.255,387291.0,246317076.0,6.2,6.37,6.1,6.36,True,振华重工,False
2015-09-10,65.378,65.963,63.72,63.915,241130.0,147571560.0,6.27,6.33,6.1,6.12,True,振华重工,False
2015-09-11,63.915,65.085,63.135,64.695,170986.0,106011320.0,6.12,6.24,6.04,6.2,True,振华重工,False
2015-09-14,66.255,68.4,60.893,65.67,576942.0,363473460.0,6.36,6.58,5.81,6.3,True,振华重工,False
2015-09-15,61.77,63.233,59.528,59.528,309233.0,175335111.0,5.9,6.05,5.67,5.67,True,振华重工,False
2015-09-16,59.625,64.89,57.578,64.11,406085.0,249336190.0,5.68,6.22,5.47,6.14,True,振华重工,False
2015-09-17,62.843,66.158,61.868,62.355,476939.0,284255644.0,6.01,6.35,5.91,5.96,True,振华重工,False
2015-09-18,62.745,63.818,61.673,62.453,200549.0,119727753.0,6.0,6.11,5.89,5.97,True,振华重工,False
2015-09-21,61.868,64.208,61.185,63.72,215285.0,131323850.0,5.91,6.15,5.84,6.1,True,振华重工,False
2015-09-22,64.11,64.793,63.038,64.013,312082.0,191306266.0,6.14,6.21,6.03,6.13,True,振华重工,False
2015-09-23,63.33,67.035,62.843,66.06,615675.0,390337950.0,6.06,6.44,6.01,6.34,True,振华重工,False
2015-09-24,65.963,68.01,64.793,65.573,496474.0,312282146.0,6.33,6.54,6.21,6.29,True,振华重工,False
2015-09-25,65.475,66.06,61.868,62.355,408856.0,243678176.0,6.28,6.34,5.91,5.96,True,振华重工,False
2015-09-28,62.745,63.623,60.893,62.453,131929.0,78761613.0,6.0,6.09,5.81,5.97,True,振华重工,False
2015-09-29,61.283,61.673,59.918,60.503,153992.0,88853384.0,5.85,5.89,5.71,5.77,True,振华重工,False
2015-09-30,60.795,61.38,60.6,60.893,95089.0,55246709.0,5.8,5.86,5.78,5.81,True,振华重工,False
2015-10-08,62.745,63.428,62.16,62.843,209613.0,125977413.0,6.0,6.07,5.94,6.01,True,振华重工,False
2015-10-09,62.94,64.11,62.453,63.818,235577.0,143937547.0,6.02,6.14,5.97,6.11,True,振华重工,False
2015-10-12,63.818,67.23,63.818,66.45,427064.0,272466832.0,6.11,6.46,6.11,6.38,True,振华重工,False
2015-10-13,64.695,66.06,64.695,65.768,336532.0,212351692.0,6.2,6.34,6.2,6.31,True,振华重工,False
2015-10-14,65.865,66.06,64.598,64.695,267693.0,165969660.0,6.32,6.34,6.19,6.2,True,振华重工,False
2015-10-15,64.598,66.158,64.305,65.963,307468.0,194627244.0,6.19,6.35,6.16,6.33,True,振华重工,False
2015-10-16,66.548,70.35,66.158,69.18,732652.0,487946232.0,6.39,6.78,6.35,6.66,True,振华重工,False
2015-10-19,68.79,68.79,66.645,67.425,517775.0,335518200.0,6.62,6.62,6.4,6.48,True,振华重工,False
2015-10-20,67.523,69.278,66.938,68.985,402904.0,267528256.0,6.49,6.67,6.43,6.64,True,振华重工,False
2015-10-21,68.888,71.325,64.598,64.793,642018.0,398693178.0,6.63,6.88,6.19,6.21,True,振华重工,False
2015-10-22,64.305,66.45,63.818,66.06,324225.0,205558650.0,6.16,6.38,6.11,6.34,True,振华重工,False
2015-10-23,66.255,66.84,65.28,66.548,325862.0,208225818.0,6.36,6.42,6.26,6.39,True,振华重工,False
2015-10-26,67.62,68.01,66.45,67.035,330653.0,212940532.0,6.5,6.54,6.38,6.44,True,振华重工,False
2015-10-27,66.645,69.375,65.183,69.083,507378.0,337406370.0,6.4,6.68,6.25,6.65,True,振华重工,False
2015-10-28,68.108,68.595,66.255,66.353,337577.0,215036549.0,6.55,6.6,6.36,6.37,True,振华重工,False
2015-10-29,66.645,67.718,65.865,67.035,208290.0,134138760.0,6.4,6.51,6.32,6.44,True,振华重工,False
2015-10-30,66.938,67.328,65.963,66.158,206062.0,130849370.0,6.43,6.47,6.33,6.35,True,振华重工,False
2015-11-02,65.475,67.035,64.89,65.475,172772.0,108500816.0,6.28,6.44,6.22,6.28,True,振华重工,False
2015-11-03,65.963,66.255,65.085,65.475,143927.0,90386156.0,6.33,6.36,6.24,6.28,True,振华重工,False
2015-11-04,65.865,67.913,65.28,67.913,348223.0,227389619.0,6.32,6.53,6.26,6.53,True,振华重工,False
2015-11-05,67.913,71.325,67.62,69.375,682388.0,455835184.0,6.53,6.88,6.5,6.68,True,振华重工,False
2015-11-06,69.083,70.74,68.595,70.253,535709.0,362674993.0,6.65,6.82,6.6,6.77,True,振华重工,False
2015-11-09,69.57,71.813,69.083,71.325,532316.0,366233408.0,6.7,6.93,6.65,6.88,True,振华重工,False
2015-11-10,70.74,71.423,69.765,70.448,390812.0,265361348.0,6.82,6.89,6.72,6.79,True,振华重工,False
2015-11-11,70.74,71.228,69.96,70.74,278774.0,190123868.0,6.82,6.87,6.74,6.82,True,振华重工,False
2015-11-12,70.74,71.423,69.18,69.57,284893.0,190878310.0,6.82,6.89,6.66,6.7,True,振华重工,False
2015-11-13,68.985,69.57,68.4,68.693,230021.0,152043881.0,6.64,6.7,6.58,6.61,True,振华重工,False
2015-11-16,67.425,69.668,67.133,69.57,190007.0,127304690.0,6.48,6.71,6.45,6.7,True,振华重工,False
2015-11-17,69.96,72.008,69.765,70.058,416078.0,280852650.0,6.74,6.95,6.72,6.75,True,振华重工,False
2015-11-18,70.253,70.545,68.108,68.4,250969.0,165137602.0,6.77,6.8,6.55,6.58,True,振华重工,False
2015-11-19,68.303,69.278,68.303,69.278,166151.0,110822717.0,6.57,6.67,6.57,6.67,True,振华重工,False
2015-11-20,69.473,69.765,68.888,69.473,219451.0,146812719.0,6.69,6.72,6.63,6.69,True,振华重工,False
2015-11-23,69.278,69.668,68.595,68.79,207976.0,137680112.0,6.67,6.71,6.6,6.62,True,振华重工,False
2015-11-24,68.693,68.693,67.718,68.498,161142.0,106192578.0,6.61,6.61,6.51,6.59,True,振华重工,False
2015-11-25,68.595,68.79,68.205,68.693,175207.0,115811827.0,6.6,6.62,6.56,6.61,True,振华重工,False
2015-11-26,68.888,69.083,68.108,68.108,200673.0,131440815.0,6.63,6.65,6.55,6.55,True,振华重工,False
2015-11-27,68.108,68.108,62.063,62.843,317533.0,190837333.0,6.55,6.55,5.93,6.01,True,振华重工,False
2015-11-30,62.94,63.428,60.113,62.16,232599.0,138163806.0,6.02,6.07,5.73,5.94,True,振华重工,False
2015-12-01,62.258,62.745,61.38,62.258,171645.0,102128775.0,5.95,6.0,5.86,5.95,True,振华重工,False
2015-12-02,62.355,67.913,62.16,65.378,396671.0,248712717.0,5.96,6.53,5.94,6.27,True,振华重工,False
2015-12-03,65.183,65.573,64.208,65.573,176608.0,111086432.0,6.25,6.29,6.15,6.29,True,振华重工,False
2015-12-04,65.183,65.28,64.013,64.208,133197.0,81916155.0,6.25,6.26,6.13,6.15,True,振华重工,False
2015-12-07,64.208,65.085,64.11,64.598,112261.0,69489559.0,6.15,6.24,6.14,6.19,True,振华重工,False
2015-12-08,64.208,64.5,62.648,62.843,142175.0,85447175.0,6.15,6.18,5.99,6.01,True,振华重工,False
2015-12-09,62.258,63.33,62.258,62.648,77214.0,46251186.0,5.95,6.06,5.95,5.99,True,振华重工,False
2015-12-10,62.648,63.33,62.453,62.745,84538.0,50722800.0,5.99,6.06,5.97,6.0,True,振华重工,False
2015-12-11,62.55,62.55,61.38,61.868,88064.0,52045824.0,5.98,5.98,5.86,5.91,True,振华重工,False
2015-12-14,61.478,63.525,60.893,63.233,103450.0,62587250.0,5.87,6.08,5.81,6.05,True,振华重工,False
2015-12-15,63.135,63.428,62.745,62.843,113917.0,68464117.0,6.04,6.07,6.0,6.01,True,振华重工,False
2015-12-16,62.843,63.72,62.843,62.94,100338.0,60403475.99999999,6.01,6.1,6.01,6.02,True,振华重工,False
2015-12-17,63.233,64.208,63.233,64.11,157589.0,96759646.0,6.05,6.15,6.05,6.14,True,振华重工,False
2015-12-18,64.11,64.11,63.33,63.72,135978.0,82946580.0,6.14,6.14,6.06,6.1,True,振华重工,False
2015-12-21,63.525,64.695,63.233,64.403,179627.0,110829859.0,6.08,6.2,6.05,6.17,True,振华重工,False
2015-12-22,64.5,64.89,63.915,64.598,152565.0,94437735.0,6.18,6.22,6.12,6.19,True,振华重工,False
2015-12-23,64.598,64.988,64.013,64.208,191981.0,118068315.0,6.19,6.23,6.13,6.15,True,振华重工,False
2015-12-24,64.11,64.208,62.745,63.233,146794.0,88810370.0,6.14,6.15,6.0,6.05,True,振华重工,False
2015-12-25,63.33,64.305,63.038,63.818,139058.0,84964438.0,6.06,6.16,6.03,6.11,True,振华重工,False
2015-12-28,63.818,64.208,62.063,62.355,179813.0,107168548.0,6.11,6.15,5.93,5.96,True,振华重工,False
2015-12-29,62.16,62.94,61.77,62.94,113298.0,68205396.0,5.94,6.02,5.9,6.02,True,振华重工,False
2015-12-30,62.94,63.623,62.745,63.135,97432.0,58848928.0,6.02,6.09,6.0,6.04,True,振华重工,False
2015-12-31,63.135,63.623,62.453,62.453,101693.0,60710721.0,6.04,6.09,5.97,5.97,True,振华重工,False
2016-01-04,62.648,64.598,58.455,58.845,226145.0,126641200.0,5.99,6.19,5.56,5.6,True,振华重工,False
2016-01-05,57.773,61.088,56.115,59.43,254032.0,143782112.0,5.49,5.83,5.32,5.66,True,振华重工,False
2016-01-06,59.235,61.088,59.235,60.99,180207.0,104880474.0,5.64,5.83,5.64,5.82,True,振华重工,False
2016-01-07,60.405,60.405,55.725,56.31,47652.0,25446168.0,5.76,5.76,5.28,5.34,True,振华重工,False
2016-01-08,57.87,58.65,55.238,56.895,213023.0,115032420.0,5.5,5.58,5.23,5.4,True,振华重工,False
2016-01-11,56.603,59.04,53.775,54.165,284561.0,145695232.0,5.37,5.62,5.08,5.12,True,振华重工,False
2016-01-12,54.458,55.14,53.483,54.555,164807.0,85040412.0,5.15,5.22,5.05,5.16,True,振华重工,False
2016-01-13,54.848,55.14,52.8,52.898,154503.0,77096997.0,5.19,5.22,4.98,4.99,True,振华重工,False
2016-01-14,51.728,53.775,51.338,53.385,156992.0,79123968.0,4.87,5.08,4.83,5.04,True,振华重工,False
2016-01-15,52.995,53.288,49.875,50.07,173314.0,81457580.0,5.0,5.03,4.68,4.7,True,振华重工,False
2016-01-18,48.218,50.753,48.218,49.973,119053.0,55835857.00000001,4.51,4.77,4.51,4.69,True,振华重工,False
2016-01-19,50.168,53.093,50.07,52.605,211102.0,104706592.0,4.71,5.01,4.7,4.96,True,振华重工,False
2016-01-20,51.923,52.508,51.338,51.63,144202.0,70082172.0,4.89,4.95,4.83,4.86,True,振华重工,False
2016-01-21,51.045,52.508,50.168,50.168,125951.0,59322921.0,4.8,4.95,4.71,4.71,True,振华重工,False
2016-01-22,50.655,50.948,49.68,50.558,86303.0,40993925.0,4.76,4.79,4.66,4.75,True,振华重工,False
2016-01-25,50.85,51.338,50.558,50.85,75153.0,35923134.0,4.78,4.83,4.75,4.78,True,振华重工,False
2016-01-26,50.46,50.558,46.463,46.56,149029.0,64678586.0,4.74,4.75,4.33,4.34,True,振华重工,False
2016-01-27,46.95,47.243,43.928,45.195,163403.0,68629260.0,4.38,4.41,4.07,4.2,True,振华重工,False
2016-01-28,45.098,45.878,43.148,43.343,135123.0,54184323.0,4.19,4.27,3.99,4.01,True,振华重工,False
2016-01-29,43.538,45.195,43.245,44.805,136910.0,56954560.0,4.03,4.2,4.0,4.16,True,振华重工,False
2016-02-01,44.805,44.805,43.245,43.928,117854.0,47966578.0,4.16,4.16,4.0,4.07,True,振华重工,False
2016-02-02,44.123,45.683,43.635,45.195,126658.0,53196360.0,4.09,4.25,4.04,4.2,True,振华重工,False
2016-02-03,44.708,45.195,44.025,45.0,101089.0,42255202.0,4.15,4.2,4.08,4.18,True,振华重工,False
2016-02-04,45.0,46.17,44.708,45.78,127594.0,54355044.0,4.18,4.3,4.15,4.26,True,振华重工,False
2016-02-05,45.975,46.365,45.78,46.073,123439.0,52955331.0,4.28,4.32,4.26,4.29,True,振华重工,False
2016-02-15,44.708,45.78,44.415,45.488,83865.0,35474895.0,4.15,4.26,4.12,4.23,True,振华重工,False
2016-02-16,45.78,47.243,45.488,46.95,159947.0,70056786.0,4.26,4.41,4.23,4.38,True,振华重工,False
2016-02-17,46.56,47.828,46.56,47.633,174431.0,77621795.0,4.34,4.47,4.34,4.45,True,振华重工,False
2016-02-18,47.925,48.218,47.34,47.438,192368.0,85219024.0,4.48,4.51,4.42,4.43,True,振华重工,False
2016-02-19,47.535,48.315,47.145,47.73,135563.0,60461098.0,4.44,4.52,4.4,4.46,True,振华重工,False
2016-02-22,48.023,48.705,47.633,48.51,173343.0,78697722.0,4.49,4.56,4.45,4.54,True,振华重工,False
2016-02-23,48.315,48.608,47.34,47.925,140914.0,63129472.00000001,4.52,4.55,4.42,4.48,True,振华重工,False
2016-02-24,47.73,48.9,47.438,48.705,178868.0,81563808.0,4.46,4.58,4.43,4.56,True,振华重工,False
2016-02-25,48.413,48.608,44.22,44.903,217613.0,90744621.0,4.53,4.55,4.1,4.17,True,振华重工,False
2016-02-26,45.195,45.585,44.318,45.098,122106.0,51162414.00000001,4.2,4.24,4.11,4.19,True,振华重工,False
2016-02-29,45.098,45.195,42.855,43.538,149762.0,60354086.0,4.19,4.2,3.96,4.03,True,振华重工,False
2016-03-01,44.123,44.415,43.343,44.123,124968.0,51111912.0,4.09,4.12,4.01,4.09,True,振华重工,False
2016-03-02,44.22,46.365,43.928,46.268,216459.0,93293829.0,4.1,4.32,4.07,4.31,True,振华重工,False
2016-03-03,46.073,47.73,45.975,46.463,216341.0,93675653.0,4.29,4.46,4.28,4.33,True,振华重工,False
2016-03-04,46.463,48.315,46.268,47.048,262806.0,115371834.0,4.33,4.52,4.31,4.39,True,振华重工,False
2016-03-07,47.438,48.51,47.048,47.73,200837.0,89573302.0,4.43,4.54,4.39,4.46,True,振华重工,False
2016-03-08,47.828,47.828,45.098,46.95,241431.0,105746778.0,4.47,4.47,4.19,4.38,True,振华重工,False
2016-03-09,46.073,46.463,45.488,45.878,113923.0,48645120.99999999,4.29,4.33,4.23,4.27,True,振华重工,False
2016-03-10,45.975,46.17,45.39,45.488,84127.0,35585721.0,4.28,4.3,4.22,4.23,True,振华重工,False
2016-03-11,45.293,45.585,45.0,45.195,75433.0,31681860.0,4.21,4.24,4.18,4.2,True,振华重工,False
2016-03-14,45.683,46.853,45.488,46.56,135429.0,58776186.0,4.25,4.37,4.23,4.34,True,振华重工,False
2016-03-15,46.365,46.853,45.975,46.365,89802.0,38794464.0,4.32,4.37,4.28,4.32,True,振华重工,False
2016-03-16,46.268,46.658,45.878,46.073,82253.0,35286537.0,4.31,4.35,4.27,4.29,True,振华重工,False
2016-03-17,46.268,47.145,46.268,46.95,124050.0,54333900.0,4.31,4.4,4.31,4.38,True,振华重工,False
2016-03-18,46.95,48.023,46.755,47.828,211806.0,94677282.0,4.38,4.49,4.36,4.47,True,振华重工,False
2016-03-21,48.023,48.998,47.828,48.9,227963.0,104407054.0,4.49,4.59,4.47,4.58,True,振华重工,False
2016-03-22,48.608,49.583,48.023,49.193,284485.0,131147585.0,4.55,4.65,4.49,4.61,True,振华重工,False
2016-03-23,48.803,48.998,48.218,48.803,166232.0,75968024.0,4.57,4.59,4.51,4.57,True,振华重工,False
2016-03-24,48.218,48.705,47.73,47.828,148780.0,66504660.0,4.51,4.56,4.46,4.47,True,振华重工,False
2016-03-25,47.633,48.12,47.535,48.12,85972.0,38687400.0,4.45,4.5,4.44,4.5,True,振华重工,False
2016-03-28,48.315,48.705,47.535,47.828,117003.0,52300341.0,4.52,4.56,4.44,4.47,True,振华重工,False
2016-03-29,47.633,47.73,46.17,46.658,115370.0,50185949.99999999,4.45,4.46,4.3,4.35,True,振华重工,False
2016-03-30,47.048,47.828,47.048,47.828,124751.0,55763697.0,4.39,4.47,4.39,4.47,True,振华重工,False
2016-03-31,47.925,49.68,47.925,49.485,328768.0,152548352.0,4.48,4.66,4.48,4.64,True,振华重工,False
2016-04-01,49.095,51.435,48.803,49.973,428370.0,200905530.00000003,4.6,4.84,4.57,4.69,True,振华重工,False
2016-04-05,50.168,51.923,49.583,51.338,403431.0,194857173.0,4.71,4.89,4.65,4.83,True,振华重工,False
2016-04-06,51.045,52.898,49.875,52.508,365528.0,180936360.0,4.8,4.99,4.68,4.95,True,振华重工,False
2016-04-07,52.508,52.508,50.655,50.753,269768.0,128679336.0,4.95,4.95,4.76,4.77,True,振华重工,False
2016-04-08,50.363,51.435,49.583,50.753,225677.0,107647929.0,4.73,4.84,4.65,4.77,True,振华重工,False
2016-04-11,50.655,51.825,50.655,51.045,175455.0,84218400.0,4.76,4.88,4.76,4.8,True,振华重工,False
2016-04-12,51.143,51.143,50.07,50.363,118529.0,56064217.00000001,4.81,4.81,4.7,4.73,True,振华重工,False
2016-04-13,50.558,51.533,50.558,51.045,209212.0,100421760.0,4.75,4.85,4.75,4.8,True,振华重工,False
2016-04-14,51.338,51.435,50.85,51.338,114446.0,55277418.0,4.83,4.84,4.78,4.83,True,振华重工,False
2016-04-15,51.533,51.533,50.85,51.143,113862.0,54767621.99999999,4.85,4.85,4.78,4.81,True,振华重工,False
2016-04-18,50.948,50.948,49.68,50.07,105970.0,49805900.0,4.79,4.79,4.66,4.7,True,振华重工,False
2016-04-19,50.265,50.46,49.778,50.168,76889.0,36214719.0,4.72,4.74,4.67,4.71,True,振华重工,False
2016-04-20,50.168,50.363,47.34,47.925,257406.0,115317888.0,4.71,4.73,4.42,4.48,True,振华重工,False
2016-04-21,47.73,48.413,47.145,47.34,147693.0,65280306.0,4.46,4.53,4.4,4.42,True,振华重工,False
2016-04-22,47.145,47.633,46.755,47.535,89534.0,39753096.0,4.4,4.45,4.36,4.44,True,振华重工,False
2016-04-25,47.438,47.438,46.755,47.243,90859.0,40068819.0,4.43,4.43,4.36,4.41,True,振华重工,False
2016-04-26,46.95,47.73,46.95,47.73,63921.0,28508766.0,4.38,4.46,4.38,4.46,True,振华重工,False
2016-04-27,47.73,48.023,47.535,47.73,69488.0,30991648.0,4.46,4.49,4.44,4.46,True,振华重工,False
2016-04-28,47.925,47.925,47.145,47.73,76957.0,34322822.0,4.48,4.48,4.4,4.46,True,振华重工,False
2016-04-29,47.633,48.023,47.438,47.828,53163.0,23763861.0,4.45,4.49,4.43,4.47,True,振华重工,False
2016-05-03,47.925,48.803,47.34,48.705,106612.0,48615071.99999999,4.48,4.57,4.42,4.56,True,振华重工,False
2016-05-04,48.608,48.9,48.12,48.803,84457.0,38596849.0,4.55,4.58,4.5,4.57,True,振华重工,False
2016-05-05,48.608,48.803,48.315,48.803,61095.0,27920415.0,4.55,4.57,4.52,4.57,True,振华重工,False
2016-05-06,48.803,48.803,47.048,47.145,112575.0,49533000.00000001,4.57,4.57,4.39,4.4,True,振华重工,False
2016-05-09,46.95,46.95,45.683,46.17,94930.0,40819900.0,4.38,4.38,4.25,4.3,True,振华重工,False
2016-05-10,45.878,46.853,45.683,46.268,94009.0,40517879.0,4.27,4.37,4.25,4.31,True,振华重工,False
2016-05-11,46.17,46.56,45.683,45.78,70373.0,29978898.0,4.3,4.34,4.25,4.26,True,振华重工,False
2016-05-12,45.488,45.683,44.415,45.293,82059.0,34546839.0,4.23,4.25,4.12,4.21,True,振华重工,False
2016-05-13,45.195,45.78,44.415,44.903,75161.0,31342137.0,4.2,4.26,4.12,4.17,True,振华重工,False
2016-05-16,45.098,45.585,44.903,45.585,70646.0,29953904.0,4.19,4.24,4.17,4.24,True,振华重工,False
2016-05-17,45.39,45.683,44.903,45.488,73029.0,30891267.000000004,4.22,4.25,4.17,4.23,True,振华重工,False
2016-05-18,45.293,45.293,44.318,44.708,72654.0,30151410.000000004,4.21,4.21,4.11,4.15,True,振华重工,False
2016-05-19,44.805,45.293,44.513,44.61,59390.0,24587460.0,4.16,4.21,4.13,4.14,True,振华重工,False
2016-05-20,44.415,44.903,44.123,44.805,48810.0,20304960.0,4.12,4.17,4.09,4.16,True,振华重工,False
2016-05-23,45.0,45.293,44.805,45.0,50893.0,21273274.0,4.18,4.21,4.16,4.18,True,振华重工,False
2016-05-24,45.0,45.0,44.318,44.513,45517.0,18798521.0,4.18,4.18,4.11,4.13,True,振华重工,False
2016-05-25,44.805,45.0,44.415,44.61,35349.0,14634485.999999998,4.16,4.18,4.12,4.14,True,振华重工,False
2016-05-26,44.61,44.805,43.83,44.708,55189.0,22903435.000000004,4.14,4.16,4.06,4.15,True,振华重工,False
2016-05-27,44.61,45.0,44.415,44.805,48264.0,20077824.0,4.14,4.18,4.12,4.16,True,振华重工,False
2016-05-30,45.098,45.195,44.513,44.903,67616.0,28195872.0,4.19,4.2,4.13,4.17,True,振华重工,False
2016-05-31,44.805,46.268,44.805,46.073,120357.0,51633153.0,4.16,4.31,4.16,4.29,True,振华重工,False
2016-06-01,46.17,46.268,45.683,45.78,88373.0,37646898.0,4.3,4.31,4.25,4.26,True,振华重工,False
2016-06-02,45.878,46.073,45.585,45.78,88143.0,37548918.0,4.27,4.29,4.24,4.26,True,振华重工,False
2016-06-03,45.78,46.073,45.585,45.975,82064.0,35123392.0,4.26,4.29,4.24,4.28,True,振华重工,False
2016-06-06,45.975,46.853,45.683,46.365,119257.0,51519024.0,4.28,4.37,4.25,4.32,True,振华重工,False
2016-06-07,46.17,46.56,45.878,45.975,60793.0,26019404.0,4.3,4.34,4.27,4.28,True,振华重工,False
2016-06-08,46.073,46.17,45.683,45.78,59054.0,25157004.0,4.29,4.3,4.25,4.26,True,振华重工,False
2016-06-13,45.488,45.585,44.415,44.513,82096.0,33905648.0,4.23,4.24,4.12,4.13,True,振华重工,False
2016-06-14,44.415,44.805,44.123,44.318,66843.0,27472473.000000004,4.12,4.16,4.09,4.11,True,振华重工,False
2016-06-15,44.025,45.488,43.928,45.39,76275.0,32188050.0,4.08,4.23,4.07,4.22,True,振华重工,False
2016-06-16,45.39,45.488,44.513,44.708,63188.0,26223020.000000004,4.22,4.23,4.13,4.15,True,振华重工,False
2016-06-17,44.708,45.195,44.61,44.805,54010.0,22468160.0,4.15,4.2,4.14,4.16,True,振华重工,False
2016-06-20,44.805,45.098,44.318,44.708,49344.0,20477760.0,4.16,4.19,4.11,4.15,True,振华重工,False
2016-06-21,44.903,45.195,44.513,44.61,61558.0,25485012.0,4.17,4.2,4.13,4.14,True,振华重工,False
2016-06-22,44.513,45.0,44.415,44.903,42540.0,17739180.0,4.13,4.18,4.12,4.17,True,振华重工,False
2016-06-23,44.903,45.0,44.61,44.805,33527.0,13947232.0,4.17,4.18,4.14,4.16,True,振华重工,False
2016-06-24,44.805,45.098,43.733,44.123,86726.0,35470934.0,4.16,4.19,4.05,4.09,True,振华重工,False
2016-06-27,44.123,45.098,43.83,44.903,71579.0,29848443.0,4.09,4.19,4.06,4.17,True,振华重工,False
2016-06-28,44.708,45.39,44.513,45.293,94389.0,39737769.0,4.15,4.22,4.13,4.21,True,振华重工,False
2016-06-29,45.293,46.17,45.195,45.488,119159.0,50404257.00000001,4.21,4.3,4.2,4.23,True,振华重工,False
2016-06-30,45.488,45.78,45.195,45.683,86891.0,36928675.0,4.23,4.26,4.2,4.25,True,振华重工,False
2016-07-01,45.683,45.78,45.39,45.585,52488.0,22254912.0,4.25,4.26,4.22,4.24,True,振华重工,False
2016-07-04,45.975,46.56,45.683,46.56,179252.0,77795368.0,4.28,4.34,4.25,4.34,True,振华重工,False
2016-07-05,46.658,49.875,46.268,48.705,379520.0,173061120.0,4.35,4.68,4.31,4.56,True,振华重工,False
2016-07-06,48.218,48.413,47.73,48.023,192376.0,86376824.0,4.51,4.53,4.46,4.49,True,振华重工,False
2016-07-07,48.12,48.12,47.633,48.023,113948.0,51162652.0,4.5,4.5,4.45,4.49,True,振华重工,False
2016-07-08,48.023,48.023,47.145,47.34,106561.0,47099962.0,4.49,4.49,4.4,4.42,True,振华重工,False
2016-07-11,47.34,48.218,47.243,47.73,127138.0,56703548.0,4.42,4.51,4.41,4.46,True,振华重工,False
2016-07-12,47.535,48.315,47.535,48.315,132679.0,59970907.99999999,4.44,4.52,4.44,4.52,True,振华重工,False
2016-07-13,48.608,49.193,48.218,48.51,144433.0,65572582.0,4.55,4.61,4.51,4.54,True,振华重工,False
2016-07-14,48.315,48.705,48.023,48.315,101717.0,45976083.99999999,4.52,4.56,4.49,4.52,True,振华重工,False
2016-07-15,52.703,52.703,52.118,52.703,718912.0,357299264.0,4.97,4.97,4.91,4.97,True,振华重工,False
2016-07-18,52.02,56.115,51.728,54.555,1224106.0,631638696.0,4.9,5.32,4.87,5.16,True,振华重工,False
2016-07-19,54.555,55.043,53.093,53.678,672064.0,340736448.0,5.16,5.21,5.01,5.07,True,振华重工,False
2016-07-20,53.288,53.873,52.605,52.898,358899.0,179090601.0,5.03,5.09,4.96,4.99,True,振华重工,False
2016-07-21,52.898,53.58,52.605,52.8,310975.0,154865550.0,4.99,5.06,4.96,4.98,True,振华重工,False
2016-07-22,52.995,53.19,51.63,51.825,279368.0,136331584.0,5.0,5.02,4.86,4.88,True,振华重工,False
2016-07-25,51.728,52.118,51.24,51.533,163831.0,79458035.0,4.87,4.91,4.82,4.85,True,振华重工,False
2016-07-26,51.533,52.215,51.24,52.118,133875.0,65732625.0,4.85,4.92,4.82,4.91,True,振华重工,False
2016-07-27,53.19,56.798,52.995,55.725,1136968.0,600319104.0,5.02,5.39,5.0,5.28,True,振华重工,False
2016-07-28,54.36,55.14,53.58,54.165,481969.0,246768128.0,5.14,5.22,5.06,5.12,True,振华重工,False
2016-07-29,53.873,55.823,53.483,53.775,417106.0,211889848.0,5.09,5.29,5.05,5.08,True,振华重工,False
2016-08-01,53.19,53.19,51.143,51.533,353938.0,171659930.0,5.02,5.02,4.81,4.85,True,振华重工,False
2016-08-02,51.825,52.898,51.435,52.8,192061.0,95646378.0,4.88,4.99,4.84,4.98,True,振华重工,False
2016-08-03,52.508,54.36,52.118,53.97,300555.0,153283050.0,4.95,5.14,4.91,5.1,True,振华重工,False
2016-08-04,53.678,53.873,53.093,53.483,173176.0,87453880.0,5.07,5.09,5.01,5.05,True,振华重工,False
2016-08-05,53.385,53.775,52.215,52.313,200069.0,98634017.0,5.04,5.08,4.92,4.93,True,振华重工,False
2016-08-08,52.215,52.605,51.533,52.508,165406.0,81875970.0,4.92,4.96,4.85,4.95,True,振华重工,False
2016-08-09,52.41,53.873,52.02,53.288,215401.0,108346703.0,4.94,5.09,4.9,5.03,True,振华重工,False
2016-08-10,53.093,53.385,52.215,52.41,166174.0,82089956.0,5.01,5.04,4.92,4.94,True,振华重工,False
2016-08-11,52.313,52.8,51.435,51.63,154968.0,75314448.0,4.93,4.98,4.84,4.86,True,振华重工,False
2016-08-12,51.435,52.313,51.435,52.215,111080.0,54651360.0,4.84,4.93,4.84,4.92,True,振华重工,False
2016-08-15,52.02,53.385,52.02,53.093,218722.0,109579722.0,4.9,5.04,4.9,5.01,True,振华重工,False
2016-08-16,53.385,54.36,53.19,53.385,221190.0,111479760.0,5.04,5.14,5.02,5.04,True,振华重工,False
2016-08-17,53.385,53.483,52.508,53.288,154082.0,77503246.0,5.04,5.05,4.95,5.03,True,振华重工,False
2016-08-18,53.19,53.775,52.995,53.385,136640.0,68866560.0,5.02,5.08,5.0,5.04,True,振华重工,False
2016-08-19,53.678,53.678,52.703,53.19,138191.0,69371882.0,5.07,5.07,4.97,5.02,True,振华重工,False
2016-08-22,52.995,53.093,52.215,52.215,104503.0,51415476.0,5.0,5.01,4.92,4.92,True,振华重工,False
2016-08-23,52.313,52.995,52.215,52.508,72392.0,35834040.0,4.93,5.0,4.92,4.95,True,振华重工,False
2016-08-24,52.508,52.703,52.02,52.215,87323.0,42962916.0,4.95,4.97,4.9,4.92,True,振华重工,False
2016-08-25,52.02,52.02,51.338,51.728,115621.0,56307427.0,4.9,4.9,4.83,4.87,True,振华重工,False
2016-08-26,51.63,52.118,51.533,51.63,63022.0,30628692.000000004,4.86,4.91,4.85,4.86,True,振华重工,False
2016-08-29,51.63,52.215,51.045,51.825,59786.0,29175568.0,4.86,4.92,4.8,4.88,True,振华重工,False
2016-08-30,52.118,52.41,51.728,51.825,61389.0,29957832.0,4.91,4.94,4.87,4.88,True,振华重工,False
2016-08-31,52.02,52.313,51.63,51.825,49438.0,24125744.0,4.9,4.93,4.86,4.88,True,振华重工,False
2016-09-01,51.923,52.605,51.728,51.825,86127.0,42029976.0,4.89,4.96,4.87,4.88,True,振华重工,False
2016-09-02,51.825,52.02,51.338,51.533,64668.0,31363980.0,4.88,4.9,4.83,4.85,True,振华重工,False
2016-09-05,51.63,52.02,51.63,51.728,49325.0,24021275.0,4.86,4.9,4.86,4.87,True,振华重工,False
2016-09-06,51.825,52.118,51.24,52.118,86852.0,42644332.0,4.88,4.91,4.82,4.91,True,振华重工,False
2016-09-07,52.118,53.775,52.02,52.898,235941.0,117734559.0,4.91,5.08,4.9,4.99,True,振华重工,False
2016-09-08,52.703,52.8,52.41,52.703,115562.0,57434314.0,4.97,4.98,4.94,4.97,True,振华重工,False
2016-09-09,52.703,53.385,52.313,52.41,104435.0,51590890.00000001,4.97,5.04,4.93,4.94,True,振华重工,False
2016-09-12,51.338,51.728,50.558,50.753,176778.0,84323105.99999999,4.83,4.87,4.75,4.77,True,振华重工,False
2016-09-13,51.045,51.24,50.07,50.363,99323.0,46979779.00000001,4.8,4.82,4.7,4.73,True,振华重工,False
2016-09-14,50.07,50.46,49.973,50.265,69447.0,32778984.0,4.7,4.74,4.69,4.72,True,振华重工,False
2016-09-19,50.363,50.85,50.265,50.655,44290.0,21082040.0,4.73,4.78,4.72,4.76,True,振华重工,False
2016-09-20,50.655,50.85,50.363,50.753,44105.0,21038085.0,4.76,4.78,4.73,4.77,True,振华重工,False
2016-09-21,50.655,50.753,50.168,50.558,36790.0,17475250.0,4.76,4.77,4.71,4.75,True,振华重工,False
2016-09-22,50.753,51.24,50.46,50.655,65316.0,31090416.0,4.77,4.82,4.74,4.76,True,振华重工,False
2016-09-23,50.655,50.85,50.363,50.46,41813.0,19819362.0,4.76,4.78,4.73,4.74,True,振华重工,False
2016-09-26,50.655,50.655,49.193,49.388,77560.0,35910280.0,4.76,4.76,4.61,4.63,True,振华重工,False
2016-09-27,49.388,49.68,48.998,49.583,61282.0,28496130.000000004,4.63,4.66,4.59,4.65,True,振华重工,False
2016-09-28,49.875,49.875,49.29,49.29,40008.0,18483696.0,4.68,4.68,4.62,4.62,True,振华重工,False
2016-09-29,49.29,49.875,49.29,49.485,43783.0,20315312.0,4.62,4.68,4.62,4.64,True,振华重工,False
2016-09-30,49.388,50.46,49.193,50.265,66237.0,31263864.0,4.63,4.74,4.61,4.72,True,振华重工,False
2016-10-10,50.265,51.143,50.168,50.948,96056.0,46010824.0,4.72,4.81,4.71,4.79,True,振华重工,False
2016-10-11,50.85,51.338,50.753,51.143,73341.0,35277021.0,4.78,4.83,4.77,4.81,True,振华重工,False
2016-10-12,50.948,51.143,50.753,51.045,53061.0,25469280.0,4.79,4.81,4.77,4.8,True,振华重工,False
2016-10-13,51.045,51.923,50.85,51.533,108128.0,52442079.99999999,4.8,4.89,4.78,4.85,True,振华重工,False
2016-10-14,51.435,51.63,51.045,51.533,81953.0,39747205.0,4.84,4.86,4.8,4.85,True,振华重工,False
2016-10-17,51.533,51.923,51.143,51.24,96194.0,46365508.0,4.85,4.89,4.81,4.82,True,振华重工,False
2016-10-18,51.143,53.483,51.045,52.995,256237.0,128118500.0,4.81,5.05,4.8,5.0,True,振华重工,False
2016-10-19,52.995,54.068,52.313,52.605,226943.0,112563728.0,5.0,5.11,4.93,4.96,True,振华重工,False
2016-10-20,52.508,53.093,52.313,52.41,95136.0,46997184.0,4.95,5.01,4.93,4.94,True,振华重工,False
2016-10-21,52.313,53.873,52.215,53.483,251904.0,127211520.0,4.93,5.09,4.92,5.05,True,振华重工,False
2016-10-24,53.483,53.873,52.8,53.483,231974.0,117146870.0,5.05,5.09,4.98,5.05,True,振华重工,False
2016-10-25,53.483,53.775,52.898,53.288,146708.0,73794124.0,5.05,5.08,4.99,5.03,True,振华重工,False
2016-10-26,53.288,53.483,52.605,52.605,105882.0,52517472.0,5.03,5.05,4.96,4.96,True,振华重工,False
2016-10-27,52.703,52.995,52.215,52.898,113386.0,56579614.0,4.97,5.0,4.92,4.99,True,振华重工,False
2016-10-28,55.043,56.603,53.483,53.483,357783.0,180680415.0,5.21,5.37,5.05,5.05,True,振华重工,False
2016-10-31,52.703,52.8,51.923,52.118,180475.0,88613225.0,4.97,4.98,4.89,4.91,True,振华重工,False
2016-11-01,52.215,52.41,52.02,52.215,79331.0,39030852.0,4.92,4.94,4.9,4.92,True,振华重工,False
2016-11-02,52.8,52.898,51.143,51.533,175072.0,84909920.0,4.98,4.99,4.81,4.85,True,振华重工,False
2016-11-03,51.143,52.508,51.143,52.02,127673.0,62559770.00000001,4.81,4.95,4.81,4.9,True,振华重工,False
2016-11-04,51.923,52.118,51.435,51.728,74546.0,36303902.0,4.89,4.91,4.84,4.87,True,振华重工,False
2016-11-07,51.533,51.923,51.338,51.533,76529.0,37116565.0,4.85,4.89,4.83,4.85,True,振华重工,False
2016-11-08,51.825,52.118,51.63,51.923,88399.0,43227111.0,4.88,4.91,4.86,4.89,True,振华重工,False
2016-11-09,51.923,52.02,51.045,51.338,95544.0,46147752.0,4.89,4.9,4.8,4.83,True,振华重工,False
2016-11-10,51.923,52.508,51.63,52.41,158241.0,78171054.0,4.89,4.95,4.86,4.94,True,振华重工,False
2016-11-11,52.41,53.775,52.118,53.288,297950.0,149868850.0,4.94,5.08,4.91,5.03,True,振华重工,False
2016-11-14,53.093,54.555,52.898,54.555,437834.0,225922344.0,5.01,5.16,4.99,5.16,True,振华重工,False
2016-11-15,54.653,55.433,53.678,53.873,265829.0,135306961.0,5.17,5.25,5.07,5.09,True,振华重工,False
2016-11-16,54.068,54.068,53.58,53.678,124064.0,62900448.0,5.11,5.11,5.06,5.07,True,振华重工,False
2016-11-17,53.678,56.115,53.385,55.823,571678.0,302417662.0,5.07,5.32,5.04,5.29,True,振华重工,False
2016-11-18,55.14,55.53,53.678,54.165,320912.0,164306944.0,5.22,5.26,5.07,5.12,True,振华重工,False
2016-11-21,53.775,55.238,53.678,54.263,201243.0,103237659.0,5.08,5.23,5.07,5.13,True,振华重工,False
2016-11-22,54.165,54.75,53.97,54.75,164838.0,85386084.0,5.12,5.18,5.1,5.18,True,振华重工,False
2016-11-23,55.823,57.87,55.14,55.92,570701.0,302471530.0,5.29,5.5,5.22,5.3,True,振华重工,False
2016-11-24,55.433,56.115,54.945,55.335,253656.0,132915744.0,5.25,5.32,5.2,5.24,True,振华重工,False
2016-11-25,55.335,55.628,54.263,55.53,172756.0,90869656.0,5.24,5.27,5.13,5.26,True,振华重工,False
2016-11-28,55.433,56.7,55.238,56.505,283491.0,151951176.0,5.25,5.38,5.23,5.36,True,振华重工,False
2016-11-29,56.798,58.065,56.018,57.09,507494.0,275061748.0,5.39,5.52,5.31,5.42,True,振华重工,False
2016-11-30,56.798,57.09,54.945,55.433,320100.0,168052500.0,5.39,5.42,5.2,5.25,True,振华重工,False
2016-12-01,55.823,56.798,55.53,56.408,255503.0,136694105.0,5.29,5.39,5.26,5.35,True,振华重工,False
2016-12-02,56.505,57.285,54.653,54.848,335156.0,173945964.0,5.36,5.44,5.17,5.19,True,振华重工,False
2016-12-05,54.458,55.335,53.873,54.165,179734.0,92023808.0,5.15,5.24,5.09,5.12,True,振华重工,False
2016-12-06,54.36,54.653,53.58,53.678,132447.0,67150629.0,5.14,5.17,5.06,5.07,True,振华重工,False
2016-12-07,53.775,54.36,53.58,54.36,88867.0,45677638.0,5.08,5.14,5.06,5.14,True,振华重工,False
2016-12-08,54.458,54.653,53.678,53.775,106612.0,54158896.0,5.15,5.17,5.07,5.08,True,振华重工,False
2016-12-09,53.873,54.068,53.58,53.873,114340.0,58199060.0,5.09,5.11,5.06,5.09,True,振华重工,False
2016-12-12,53.97,53.97,51.533,51.533,211002.0,102335970.0,5.1,5.1,4.85,4.85,True,振华重工,False
2016-12-13,51.533,52.508,51.533,52.215,109312.0,53781504.0,4.85,4.95,4.85,4.92,True,振华重工,False
2016-12-14,52.118,52.703,51.825,51.923,100716.0,49250124.0,4.91,4.97,4.88,4.89,True,振华重工,False
2016-12-15,52.215,52.703,51.825,52.118,91319.0,44837629.0,4.92,4.97,4.88,4.91,True,振华重工,False
2016-12-16,52.118,52.605,52.02,52.41,63823.0,31528562.000000004,4.91,4.96,4.9,4.94,True,振华重工,False
2016-12-19,52.41,52.898,52.118,52.508,69993.0,34646535.0,4.94,4.99,4.91,4.95,True,振华重工,False
2016-12-20,52.41,52.508,51.63,52.02,77380.0,37916200.0,4.94,4.95,4.86,4.9,True,振华重工,False
2016-12-21,52.02,53.19,51.923,52.995,154890.0,77445000.0,4.9,5.02,4.89,5.0,True,振华重工,False
2016-12-22,52.995,53.58,52.703,52.995,117293.0,58646500.0,5.0,5.06,4.97,5.0,True,振华重工,False
2016-12-23,53.093,53.288,52.02,52.118,121887.0,59846517.0,5.01,5.03,4.9,4.91,True,振华重工,False
2016-12-26,52.02,53.483,51.728,53.483,129455.0,65374775.0,4.9,5.05,4.87,5.05,True,振华重工,False
2016-12-27,53.775,54.36,53.385,53.97,217501.0,110925510.0,5.08,5.14,5.04,5.1,True,振华重工,False
2016-12-28,53.873,54.36,53.385,53.58,103203.0,52220717.99999999,5.09,5.14,5.04,5.06,True,振华重工,False
2016-12-29,53.58,54.458,52.995,54.263,164003.0,84133539.0,5.06,5.15,5.0,5.13,True,振华重工,False
2016-12-30,54.068,54.263,53.775,53.97,94095.0,47988450.0,5.11,5.13,5.08,5.1,True,振华重工,False
2017-01-03,54.165,54.165,53.775,54.165,106014.0,54279168.0,5.12,5.12,5.08,5.12,True,振华重工,False
2017-01-04,54.165,54.75,53.678,54.458,138962.0,71565430.0,5.12,5.18,5.07,5.15,True,振华重工,False
2017-01-05,54.458,54.848,54.263,54.75,136799.0,70861882.0,5.15,5.19,5.13,5.18,True,振华重工,False
2017-01-06,54.36,54.653,54.165,54.458,94544.0,48690160.0,5.14,5.17,5.12,5.15,True,振华重工,False
2017-01-09,54.263,55.14,54.068,55.14,147382.0,76933404.0,5.13,5.22,5.11,5.22,True,振华重工,False
2017-01-10,55.14,55.14,54.36,54.458,107900.0,55568500.00000001,5.22,5.22,5.14,5.15,True,振华重工,False
2017-01-11,54.36,54.75,53.775,53.873,92465.0,47064685.0,5.14,5.18,5.08,5.09,True,振华重工,False
2017-01-12,53.97,54.068,53.093,53.288,97340.0,48962020.0,5.1,5.11,5.01,5.03,True,振华重工,False
2017-01-13,53.385,53.483,52.41,52.703,96898.0,48158306.0,5.04,5.05,4.94,4.97,True,振华重工,False
2017-01-16,52.41,52.898,50.168,51.24,198168.0,95516976.0,4.94,4.99,4.71,4.82,True,振华重工,False
2017-01-17,51.143,51.338,50.265,51.143,158963.0,76461203.0,4.81,4.83,4.72,4.81,True,振华重工,False
2017-01-18,50.948,51.533,50.948,51.045,86233.0,41391840.0,4.79,4.85,4.79,4.8,True,振华重工,False
2017-01-19,51.045,51.338,50.753,50.948,67738.0,32446502.0,4.8,4.83,4.77,4.79,True,振华重工,False
2017-01-20,51.045,51.435,50.85,51.338,63385.0,30614955.0,4.8,4.84,4.78,4.83,True,振华重工,False
2017-01-23,51.435,52.41,51.435,52.02,96313.0,47193370.0,4.84,4.94,4.84,4.9,True,振华重工,False
2017-01-24,52.02,52.605,52.02,52.41,70983.0,35065602.0,4.9,4.96,4.9,4.94,True,振华重工,False
2017-01-25,52.41,52.508,52.215,52.313,40628.0,20029604.0,4.94,4.95,4.92,4.93,True,振华重工,False
2017-01-26,52.313,52.41,51.728,52.215,82657.0,40667244.0,4.93,4.94,4.87,4.92,True,振华重工,False
2017-02-03,52.313,52.508,52.02,52.215,49046.0,24130632.0,4.93,4.95,4.9,4.92,True,振华重工,False
2017-02-06,52.215,52.605,52.02,52.41,69551.0,34358194.0,4.92,4.96,4.9,4.94,True,振华重工,False
2017-02-07,52.215,52.898,52.215,52.508,78172.0,38695140.0,4.92,4.99,4.92,4.95,True,振华重工,False
2017-02-08,52.313,52.703,52.02,52.605,79524.0,39443904.0,4.93,4.97,4.9,4.96,True,振华重工,False
2017-02-09,52.41,53.58,52.41,53.385,141290.0,71210160.0,4.94,5.06,4.94,5.04,True,振华重工,False
2017-02-10,53.385,55.433,53.093,54.75,455535.0,235967130.0,5.04,5.25,5.01,5.18,True,振华重工,False
2017-02-13,54.75,55.92,54.75,54.945,381564.0,198413280.0,5.18,5.3,5.18,5.2,True,振华重工,False
2017-02-14,54.945,55.92,54.36,55.628,215249.0,113436223.0,5.2,5.3,5.14,5.27,True,振华重工,False
2017-02-15,55.433,59.918,54.848,56.115,432716.0,230204912.0,5.25,5.71,5.19,5.32,True,振华重工,False
2017-02-16,55.92,56.505,55.14,56.213,211644.0,112806252.0,5.3,5.36,5.22,5.33,True,振华重工,False
2017-02-17,56.213,56.213,54.848,55.043,216524.0,112809004.0,5.33,5.33,5.19,5.21,True,振华重工,False
2017-02-20,55.238,57.87,55.238,57.675,591117.0,323932116.0,5.23,5.5,5.23,5.48,True,振华重工,False
2017-02-21,57.188,57.773,56.798,57.578,286563.0,156749961.0,5.43,5.49,5.39,5.47,True,振华重工,False
2017-02-22,57.383,58.845,57.09,57.773,283222.0,155488878.0,5.45,5.6,5.42,5.49,True,振华重工,False
2017-02-23,57.968,58.26,56.993,57.48,193896.0,105867216.0,5.51,5.54,5.41,5.46,True,振华重工,False
2017-02-24,57.188,58.163,56.505,57.87,231270.0,127198500.0,5.43,5.53,5.36,5.5,True,振华重工,False
2017-02-27,57.675,58.358,57.383,57.48,236308.0,129024168.0,5.48,5.55,5.45,5.46,True,振华重工,False
2017-02-28,57.675,57.773,57.188,57.578,156171.0,85425537.0,5.48,5.49,5.43,5.47,True,振华重工,False
2017-03-01,57.48,59.04,57.285,58.65,318490.0,177717420.0,5.46,5.62,5.44,5.58,True,振华重工,False
2017-03-02,59.04,60.503,58.455,58.65,454237.0,253464246.0,5.62,5.77,5.56,5.58,True,振华重工,False
2017-03-03,58.553,58.553,57.285,57.578,264216.0,144526152.0,5.57,5.57,5.44,5.47,True,振华重工,False
2017-03-06,57.383,57.87,56.895,57.578,162204.0,88725588.0,5.45,5.5,5.4,5.47,True,振华重工,False
2017-03-07,57.285,57.968,57.09,57.285,122491.0,66635104.00000001,5.44,5.51,5.42,5.44,True,振华重工,False
2017-03-08,56.993,57.968,56.993,57.675,132154.0,72420392.0,5.41,5.51,5.41,5.48,True,振华重工,False
2017-03-09,57.383,57.675,56.31,56.408,175789.0,94047115.0,5.45,5.48,5.34,5.35,True,振华重工,False
2017-03-10,56.408,56.7,56.018,56.408,76137.0,40733295.0,5.35,5.38,5.31,5.35,True,振华重工,False
2017-03-13,56.31,57.285,55.92,57.09,115086.0,62376612.0,5.34,5.44,5.3,5.42,True,振华重工,False
2017-03-14,57.285,57.87,56.993,57.383,159531.0,86944395.0,5.44,5.5,5.41,5.45,True,振华重工,False
2017-03-15,57.48,57.675,57.09,57.285,89032.0,48433408.0,5.46,5.48,5.42,5.44,True,振华重工,False
2017-03-16,57.383,57.87,57.188,57.675,111968.0,61358464.00000001,5.45,5.5,5.43,5.48,True,振华重工,False
2017-03-17,57.675,57.968,56.408,56.603,143970.0,77311890.0,5.48,5.51,5.35,5.37,True,振华重工,False
2017-03-20,56.7,56.895,56.018,56.798,87058.0,46924262.0,5.38,5.4,5.31,5.39,True,振华重工,False
2017-03-21,56.7,56.993,55.92,56.31,95089.0,50777526.0,5.38,5.41,5.3,5.34,True,振华重工,False
2017-03-22,56.213,59.235,56.018,59.235,593408.0,334682112.0,5.33,5.64,5.31,5.64,True,振华重工,False
2017-03-23,59.235,59.625,57.968,59.138,345504.0,194518752.0,5.64,5.68,5.51,5.63,True,振华重工,False
2017-03-24,59.333,60.99,59.138,60.698,472862.0,273787098.0,5.65,5.82,5.63,5.79,True,振华重工,False
2017-03-27,60.6,61.965,59.138,59.528,379528.0,215192376.0,5.78,5.92,5.63,5.67,True,振华重工,False
2017-03-28,59.43,60.698,58.553,59.138,290865.0,163756995.0,5.66,5.79,5.57,5.63,True,振华重工,False
2017-03-29,59.235,64.11,58.943,61.77,722965.0,426549350.0,5.64,6.14,5.61,5.9,True,振华重工,False
2017-03-30,61.77,63.72,61.185,62.16,651972.0,387271368.0,5.9,6.1,5.84,5.94,True,振华重工,False
2017-03-31,61.868,64.5,60.21,60.6,651866.0,376778548.0,5.91,6.18,5.74,5.78,True,振华重工,False
2017-04-05,60.795,63.135,60.308,62.648,445103.0,266616697.0,5.8,6.04,5.75,5.99,True,振华重工,False
2017-04-06,62.453,63.623,61.868,62.648,386624.0,231587776.0,5.97,6.09,5.91,5.99,True,振华重工,False
2017-04-07,63.038,63.038,61.185,62.16,277724.0,164968056.0,6.03,6.03,5.84,5.94,True,振华重工,False
2017-04-10,62.16,62.648,61.283,61.77,221674.0,130787660.0,5.94,5.99,5.85,5.9,True,振华重工,False
2017-04-11,61.868,63.525,61.38,63.428,373032.0,226430424.0,5.91,6.08,5.86,6.07,True,振华重工,False
2017-04-12,63.135,63.623,61.77,62.258,305901.0,182011095.0,6.04,6.09,5.9,5.95,True,振华重工,False
2017-04-13,61.868,62.16,60.698,60.795,243870.0,141444600.0,5.91,5.94,5.79,5.8,True,振华重工,False
2017-04-14,60.795,61.673,59.82,60.113,196256.0,112454688.0,5.8,5.89,5.7,5.73,True,振华重工,False
2017-04-17,59.625,61.283,59.43,60.503,152111.0,87768047.0,5.68,5.85,5.66,5.77,True,振华重工,False
2017-04-18,60.21,60.99,60.015,60.21,108956.0,62540744.0,5.74,5.82,5.72,5.74,True,振华重工,False
2017-04-19,59.918,60.113,57.675,59.235,197321.0,111289044.0,5.71,5.73,5.48,5.64,True,振华重工,False
2017-04-20,59.43,60.015,58.65,59.82,116514.0,66412980.0,5.66,5.72,5.58,5.7,True,振华重工,False
2017-04-21,59.723,60.6,59.235,59.625,121180.0,68830240.0,5.69,5.78,5.64,5.68,True,振华重工,False
2017-04-24,59.82,60.015,56.31,56.7,224145.0,120590010.0,5.7,5.72,5.34,5.38,True,振华重工,False
2017-04-25,56.798,57.383,55.725,56.115,185409.0,98637588.0,5.39,5.45,5.28,5.32,True,振华重工,False
2017-04-26,56.31,56.505,55.53,56.31,99060.0,52898040.0,5.34,5.36,5.26,5.34,True,振华重工,False
2017-04-27,56.213,56.993,54.555,56.895,165123.0,89166420.0,5.33,5.41,5.16,5.4,True,振华重工,False
2017-04-28,56.993,57.285,56.31,56.993,91762.0,49643242.0,5.41,5.44,5.34,5.41,True,振华重工,False
2017-05-02,56.895,57.773,56.7,57.09,134317.0,72799814.0,5.4,5.49,5.38,5.42,True,振华重工,False
2017-05-03,56.993,57.578,56.7,57.48,122928.0,67118688.0,5.41,5.47,5.38,5.46,True,振华重工,False
2017-05-04,57.383,58.26,56.505,56.895,145403.0,78517620.0,5.45,5.54,5.36,5.4,True,振华重工,False
2017-05-05,56.895,57.188,56.31,56.505,135702.0,72736272.0,5.4,5.43,5.34,5.36,True,振华重工,False
2017-05-08,55.433,56.505,54.945,55.043,133288.0,69443048.0,5.25,5.36,5.2,5.21,True,振华重工,False
2017-05-09,55.14,55.628,54.848,55.53,65539.0,34473514.0,5.22,5.27,5.19,5.26,True,振华重工,False
2017-05-10,55.725,55.823,53.678,53.775,107109.0,54411372.0,5.28,5.29,5.07,5.08,True,振华重工,False
2017-05-11,53.483,55.238,52.8,55.14,130912.0,68336064.0,5.05,5.23,4.98,5.22,True,振华重工,False
2017-05-12,55.725,56.505,54.945,56.115,138314.0,73583048.0,5.28,5.36,5.2,5.32,True,振华重工,False
2017-05-15,56.408,56.408,54.36,54.653,102585.0,53036445.0,5.35,5.35,5.14,5.17,True,振华重工,False
2017-05-16,54.555,57.09,53.385,56.603,250349.0,134437413.0,5.16,5.42,5.04,5.37,True,振华重工,False
2017-05-17,56.213,57.383,56.018,56.7,183245.0,98585810.0,5.33,5.45,5.31,5.38,True,振华重工,False
2017-05-18,56.213,56.603,55.628,56.213,112343.0,59878819.0,5.33,5.37,5.27,5.33,True,振华重工,False
2017-05-19,56.895,58.748,56.7,56.895,207748.0,112183920.0,5.4,5.59,5.38,5.4,True,振华重工,False
2017-05-22,56.798,56.798,54.945,55.53,136432.0,71763232.0,5.39,5.39,5.2,5.26,True,振华重工,False
2017-05-23,55.14,55.628,53.775,53.873,129882.0,66109938.0,5.22,5.27,5.08,5.09,True,振华重工,False
2017-05-24,53.873,54.458,52.995,54.458,78679.0,40519685.0,5.09,5.15,5.0,5.15,True,振华重工,False
2017-05-25,54.458,55.14,53.97,54.945,74968.0,38983360.0,5.15,5.22,5.1,5.2,True,振华重工,False
2017-05-26,55.14,56.505,54.653,56.31,154337.0,82415958.0,5.22,5.36,5.17,5.34,True,振华重工,False
2017-05-31,55.92,57.968,55.823,56.993,238742.0,129159422.0,5.3,5.51,5.29,5.41,True,振华重工,False
2017-06-01,56.115,56.31,54.165,54.555,231317.0,119359572.0,5.32,5.34,5.12,5.16,True,振华重工,False
2017-06-02,54.555,55.53,53.97,55.53,102292.0,53805592.0,5.16,5.26,5.1,5.26,True,振华重工,False
2017-06-05,55.14,55.823,55.14,55.335,71170.0,37293080.0,5.22,5.29,5.22,5.24,True,振华重工,False
2017-06-06,55.53,56.31,55.433,55.92,83764.0,44394920.0,5.26,5.34,5.25,5.3,True,振华重工,False
2017-06-07,55.823,56.505,55.823,56.505,112759.0,60438824.0,5.29,5.36,5.29,5.36,True,振华重工,False
2017-06-08,56.505,56.7,55.92,56.408,127464.0,68193240.0,5.36,5.38,5.3,5.35,True,振华重工,False
2017-06-09,56.408,56.993,56.115,56.603,178724.0,95974788.0,5.35,5.41,5.32,5.37,True,振华重工,False
2017-06-12,56.505,56.798,56.115,56.213,115074.0,61334442.0,5.36,5.39,5.32,5.33,True,振华重工,False
2017-06-13,56.213,56.7,55.92,56.603,106604.0,57246348.0,5.33,5.38,5.3,5.37,True,振华重工,False
2017-06-14,56.603,56.993,56.115,56.213,83786.0,44657938.0,5.37,5.41,5.32,5.33,True,振华重工,False
2017-06-15,56.213,56.505,55.92,56.213,122374.0,65225342.0,5.33,5.36,5.3,5.33,True,振华重工,False
2017-06-16,56.31,56.31,55.92,56.018,76059.0,40387329.0,5.34,5.34,5.3,5.31,True,振华重工,False
2017-06-19,55.92,56.408,55.92,56.31,73398.0,39194532.0,5.3,5.35,5.3,5.34,True,振华重工,False
2017-06-20,56.213,56.7,55.335,55.53,162492.0,85470792.0,5.33,5.38,5.24,5.26,True,振华重工,False
2017-06-21,55.53,56.018,55.335,55.628,98751.0,52041776.99999999,5.26,5.31,5.24,5.27,True,振华重工,False
2017-06-22,55.725,55.92,54.36,54.555,160093.0,82607988.0,5.28,5.3,5.14,5.16,True,振华重工,False
2017-06-23,54.555,54.75,53.97,54.75,131273.0,67999414.0,5.16,5.18,5.1,5.18,True,振华重工,False
2017-06-26,54.848,55.725,54.653,55.335,173917.0,91132508.0,5.19,5.28,5.17,5.24,True,振华重工,False
2017-06-27,55.628,55.725,54.848,55.043,114972.0,59900412.0,5.27,5.28,5.19,5.21,True,振华重工,False
2017-06-28,54.945,55.335,54.848,55.14,73912.0,38582064.0,5.2,5.24,5.19,5.22,True,振华重工,False
2017-06-29,55.14,55.238,54.75,54.945,99457.0,51717640.0,5.22,5.23,5.18,5.2,True,振华重工,False
2017-06-30,54.945,55.043,54.36,54.75,63621.0,32955678.0,5.2,5.21,5.14,5.18,True,振华重工,False
2017-07-03,55.043,55.238,54.458,55.238,111053.0,58080719.00000001,5.21,5.23,5.15,5.23,True,振华重工,False
2017-07-04,55.14,55.53,54.945,55.14,75973.0,39657906.0,5.22,5.26,5.2,5.22,True,振华重工,False
2017-07-05,55.14,55.433,54.75,55.433,89794.0,47141850.0,5.22,5.25,5.18,5.25,True,振华重工,False
2017-07-06,55.433,55.725,54.945,55.725,152456.0,80496768.0,5.25,5.28,5.2,5.28,True,振华重工,False
2017-07-07,55.725,55.725,55.238,55.628,95348.0,49294916.0,5.18,5.18,5.13,5.17,True,振华重工,False
2017-07-10,55.725,57.188,55.628,56.993,328444.0,174403764.0,5.18,5.33,5.17,5.31,True,振华重工,False
2017-07-11,56.7,57.383,56.115,56.7,178183.0,94080624.0,5.28,5.35,5.22,5.28,True,振华重工,False
2017-07-12,56.505,56.798,56.213,56.798,129199.0,68346271.0,5.26,5.29,5.23,5.29,True,振华重工,False
2017-07-13,56.895,57.675,56.895,57.383,222556.0,119067460.0,5.3,5.38,5.3,5.35,True,振华重工,False
2017-07-14,57.383,57.675,57.188,57.383,152225.0,81440375.0,5.35,5.38,5.33,5.35,True,振华重工,False
2017-07-17,57.383,57.383,54.848,55.433,215535.0,111000525.0,5.35,5.35,5.09,5.15,True,振华重工,False
2017-07-18,55.433,56.408,55.433,56.31,99067.0,51911108.0,5.15,5.25,5.15,5.24,True,振华重工,False
2017-07-19,56.603,58.943,56.505,58.65,430970.0,236171560.00000003,5.27,5.51,5.26,5.48,True,振华重工,False
2017-07-20,58.943,59.138,58.26,58.553,209028.0,114338316.0,5.51,5.53,5.44,5.47,True,振华重工,False
2017-07-21,58.455,59.43,58.163,58.748,172761.0,94845789.0,5.46,5.56,5.43,5.49,True,振华重工,False
2017-07-24,58.553,59.82,58.26,59.138,234369.0,129606057.0,5.47,5.6,5.44,5.53,True,振华重工,False
2017-07-25,59.235,59.235,57.87,58.65,182516.0,100018768.0,5.54,5.54,5.4,5.48,True,振华重工,False
2017-07-26,58.553,58.943,57.968,58.943,168473.0,92828623.0,5.47,5.51,5.41,5.51,True,振华重工,False
2017-07-27,58.748,59.138,58.065,58.65,118096.0,64716608.00000001,5.49,5.53,5.42,5.48,True,振华重工,False
2017-07-28,58.65,59.04,58.358,58.553,121077.0,66229119.0,5.48,5.52,5.45,5.47,True,振华重工,False
2017-07-31,58.455,59.625,58.358,59.43,232012.0,128998672.0,5.46,5.58,5.45,5.56,True,振华重工,False
2017-08-01,59.528,60.795,59.43,60.015,295582.0,166117084.0,5.57,5.7,5.56,5.62,True,振华重工,False
2017-08-02,60.113,60.405,59.235,59.333,182699.0,101397945.0,5.63,5.66,5.54,5.55,True,振华重工,False
2017-08-03,59.333,59.528,58.26,58.748,192133.0,105481017.0,5.55,5.57,5.44,5.49,True,振华重工,False
2017-08-04,58.748,60.015,58.553,59.625,218793.0,122086494.0,5.49,5.62,5.47,5.58,True,振华重工,False
2017-08-07,59.528,60.308,59.333,60.015,160192.0,90027904.0,5.57,5.65,5.55,5.62,True,振华重工,False
2017-08-08,60.015,60.6,59.333,59.528,191761.0,106810877.0,5.62,5.68,5.55,5.57,True,振华重工,False
2017-08-09,59.235,59.723,59.04,59.43,174754.0,97163224.0,5.54,5.59,5.52,5.56,True,振华重工,False
2017-08-10,59.43,59.528,57.968,58.26,211242.0,114915648.0,5.56,5.57,5.41,5.44,True,振华重工,False
2017-08-11,58.065,58.65,56.7,56.7,224383.0,118474224.0,5.42,5.48,5.28,5.28,True,振华重工,False
2017-08-14,56.895,57.675,56.7,57.675,100322.0,53973236.0,5.3,5.38,5.28,5.38,True,振华重工,False
2017-08-15,57.675,57.968,57.285,57.675,95450.0,51352100.0,5.38,5.41,5.34,5.38,True,振华重工,False
2017-08-16,57.675,57.773,57.09,57.578,116702.0,62668974.0,5.38,5.39,5.32,5.37,True,振华重工,False
2017-08-17,57.675,61.673,57.383,60.113,387311.0,218056093.0,5.38,5.79,5.35,5.63,True,振华重工,False
2017-08-18,59.43,60.795,59.235,60.21,304553.0,171767892.0,5.56,5.7,5.54,5.64,True,振华重工,False
2017-08-21,60.6,61.088,59.918,60.113,187425.0,105520275.0,5.68,5.73,5.61,5.63,True,振华重工,False
2017-08-22,60.21,60.698,59.723,60.015,158731.0,89206822.0,5.64,5.69,5.59,5.62,True,振华重工,False
2017-08-23,59.82,59.918,58.748,58.943,165286.0,91072586.0,5.6,5.61,5.49,5.51,True,振华重工,False
2017-08-24,58.943,59.138,58.26,58.455,89796.0,49028616.0,5.51,5.53,5.44,5.46,True,振华重工,False
2017-08-25,58.358,59.43,58.358,59.43,101801.0,56601355.99999999,5.45,5.56,5.45,5.56,True,振华重工,False
2017-08-28,59.43,60.015,59.235,59.625,148826.0,83044908.0,5.56,5.62,5.54,5.58,True,振华重工,False
2017-08-29,59.82,60.015,59.528,59.723,103750.0,57996250.0,5.6,5.62,5.57,5.59,True,振华重工,False
2017-08-30,59.528,59.528,58.748,58.943,174996.0,96422796.0,5.57,5.57,5.49,5.51,True,振华重工,False
2017-08-31,58.845,58.943,58.065,58.553,164211.0,89823417.0,5.5,5.51,5.42,5.47,True,振华重工,False
2017-09-01,58.358,58.748,58.26,58.748,103652.0,56904948.0,5.45,5.49,5.44,5.49,True,振华重工,False
2017-09-04,58.553,58.65,57.87,58.455,125785.0,68678610.0,5.47,5.48,5.4,5.46,True,振华重工,False
2017-09-05,58.358,58.553,58.26,58.553,88079.0,48179213.0,5.45,5.47,5.44,5.47,True,振华重工,False
2017-09-06,58.455,59.528,58.163,59.333,166947.0,92655585.0,5.46,5.57,5.43,5.55,True,振华重工,False
2017-09-07,59.138,59.235,58.26,58.455,133396.0,72834216.0,5.53,5.54,5.44,5.46,True,振华重工,False
2017-09-08,58.455,58.748,58.26,58.65,62561.0,34283428.0,5.46,5.49,5.44,5.48,True,振华重工,False
2017-09-11,58.65,59.528,58.358,59.04,106365.0,58713479.99999999,5.48,5.57,5.45,5.52,True,振华重工,False
2017-09-12,59.04,59.528,58.845,59.04,125379.0,69209208.0,5.52,5.57,5.5,5.52,True,振华重工,False
2017-09-13,59.138,59.43,58.943,59.235,76387.0,42318398.0,5.53,5.56,5.51,5.54,True,振华重工,False
2017-09-14,59.43,59.528,58.748,59.333,110777.0,61481235.0,5.56,5.57,5.49,5.55,True,振华重工,False
2017-09-15,59.235,59.333,58.748,58.845,79613.0,43787150.0,5.54,5.55,5.49,5.5,True,振华重工,False
2017-09-18,58.553,58.943,58.455,58.845,61933.0,34063150.0,5.47,5.51,5.46,5.5,True,振华重工,False
2017-09-19,58.748,59.04,58.358,58.455,63327.0,34576542.0,5.49,5.52,5.45,5.46,True,振华重工,False
2017-09-20,58.65,58.943,58.455,58.845,70756.0,38915800.0,5.48,5.51,5.46,5.5,True,振华重工,False
2017-09-21,58.943,59.04,58.553,58.65,61215.0,33545820.000000004,5.51,5.52,5.47,5.48,True,振华重工,False
2017-09-22,58.748,58.845,57.968,58.358,81066.0,44180970.0,5.49,5.5,5.41,5.45,True,振华重工,False
2017-09-25,58.553,59.528,58.455,58.748,159089.0,87339861.0,5.47,5.57,5.46,5.49,True,振华重工,False
2017-09-26,58.845,58.943,57.968,58.358,91283.0,49749235.0,5.5,5.51,5.41,5.45,True,振华重工,False
2017-09-27,58.553,58.553,57.968,58.26,73050.0,39739200.0,5.47,5.47,5.41,5.44,True,振华重工,False
2017-09-28,58.358,58.358,57.675,57.773,74674.0,40249286.0,5.45,5.45,5.38,5.39,True,振华重工,False
2017-09-29,57.773,58.163,57.578,57.773,52747.0,28430633.0,5.39,5.43,5.37,5.39,True,振华重工,False
2017-10-09,58.26,58.455,58.065,58.358,80090.0,43649050.0,5.44,5.46,5.42,5.45,True,振华重工,False
2017-10-10,58.455,58.553,57.87,58.358,73063.0,39819335.0,5.46,5.47,5.4,5.45,True,振华重工,False
2017-10-11,58.26,58.455,58.163,58.455,64307.0,35111622.0,5.44,5.46,5.43,5.46,True,振华重工,False
2017-10-12,58.455,58.455,57.87,58.065,73291.0,39723722.0,5.46,5.46,5.4,5.42,True,振华重工,False
2017-10-13,58.065,58.358,57.968,58.163,52314.0,28406502.0,5.42,5.45,5.41,5.43,True,振华重工,False
2017-10-16,58.358,58.845,58.065,58.553,141864.0,77599608.0,5.45,5.5,5.42,5.47,True,振华重工,False
2017-10-17,58.553,58.553,57.87,58.26,67382.0,36655808.0,5.47,5.47,5.4,5.44,True,振华重工,False
2017-10-18,58.065,58.358,57.87,57.87,63709.0,34402860.0,5.42,5.45,5.4,5.4,True,振华重工,False
2017-10-19,57.968,57.968,56.798,56.993,100608.0,53422847.99999999,5.41,5.41,5.29,5.31,True,振华重工,False
2017-10-20,56.993,59.43,56.895,58.553,194868.0,106592796.0,5.31,5.56,5.3,5.47,True,振华重工,False
2017-10-23,58.65,59.918,58.553,58.943,172605.0,95105355.0,5.48,5.61,5.47,5.51,True,振华重工,False
2017-10-24,58.845,60.405,58.358,60.015,337316.0,189571592.0,5.5,5.66,5.45,5.62,True,振华重工,False
2017-10-25,60.308,60.308,59.138,59.82,207357.0,116119920.0,5.65,5.65,5.53,5.6,True,振华重工,False
2017-10-26,60.015,60.503,59.625,59.918,240014.0,134647854.0,5.62,5.67,5.58,5.61,True,振华重工,False
2017-10-27,60.015,60.015,59.235,59.723,170800.0,95477200.0,5.62,5.62,5.54,5.59,True,振华重工,False
2017-10-30,59.82,63.818,59.43,61.965,683106.0,397567692.0,5.6,6.01,5.56,5.82,True,振华重工,False
2017-10-31,61.673,64.598,60.795,63.915,674986.0,406341572.0,5.79,6.09,5.7,6.02,True,振华重工,False
2017-11-01,63.428,64.5,62.94,62.94,414846.0,245588832.0,5.97,6.08,5.92,5.92,True,振华重工,False
2017-11-02,63.135,63.428,62.258,62.453,283341.0,166321167.0,5.94,5.97,5.85,5.87,True,振华重工,False
2017-11-03,62.453,62.94,60.503,61.478,387672.0,223686744.0,5.87,5.92,5.67,5.77,True,振华重工,False
2017-11-06,61.478,62.16,60.795,61.575,232773.0,134542794.0,5.77,5.84,5.7,5.78,True,振华重工,False
2017-11-07,61.868,64.11,61.38,63.818,424060.0,254860060.0,5.81,6.04,5.76,6.01,True,振华重工,False
2017-11-08,63.72,64.11,62.843,62.94,254976.0,150945792.0,6.0,6.04,5.91,5.92,True,振华重工,False
2017-11-09,63.135,65.865,62.843,65.378,592410.0,365516970.0,5.94,6.22,5.91,6.17,True,振华重工,False
2017-11-10,65.67,66.84,64.988,65.378,610312.0,376562504.0,6.2,6.32,6.13,6.17,True,振华重工,False
2017-11-13,65.085,66.255,64.793,65.378,344319.0,212444823.0,6.14,6.26,6.11,6.17,True,振华重工,False
2017-11-14,65.67,66.353,64.013,64.305,272124.0,164907144.0,6.2,6.27,6.03,6.06,True,振华重工,False
2017-11-15,64.5,64.988,63.915,64.793,201861.0,123337071.0,6.08,6.13,6.02,6.11,True,振华重工,False
2017-11-16,64.5,64.695,62.94,63.038,297672.0,176519496.0,6.08,6.1,5.92,5.93,True,振华重工,False
2017-11-17,63.038,64.11,61.575,62.063,311773.0,181763659.0,5.93,6.04,5.78,5.83,True,振华重工,False
2017-11-20,61.77,61.868,59.82,61.38,251317.0,144758592.0,5.8,5.81,5.6,5.76,True,振华重工,False
2017-11-21,61.673,62.745,61.088,62.55,229209.0,134774892.0,5.79,5.9,5.73,5.88,True,振华重工,False
2017-11-22,62.648,63.038,61.965,62.55,177487.0,104362356.0,5.89,5.93,5.82,5.88,True,振华重工,False
2017-11-23,62.16,62.745,59.43,60.21,269469.0,151980516.0,5.84,5.9,5.56,5.64,True,振华重工,False
2017-11-24,60.308,60.6,59.138,59.625,178143.0,99403794.0,5.65,5.68,5.53,5.58,True,振华重工,False
2017-11-27,59.625,60.113,58.748,59.333,114636.0,63622980.0,5.58,5.63,5.49,5.55,True,振华重工,False
2017-11-28,59.138,60.6,58.845,60.405,157537.0,89165942.0,5.53,5.68,5.5,5.66,True,振华重工,False
2017-11-29,60.503,60.893,59.528,60.795,190872.0,108797040.0,5.67,5.71,5.57,5.7,True,振华重工,False
2017-11-30,60.405,60.698,59.43,59.723,126956.0,70968404.0,5.66,5.69,5.56,5.59,True,振华重工,False
2017-12-01,59.625,60.6,59.43,59.918,145949.0,81877389.0,5.58,5.68,5.56,5.61,True,振华重工,False
2017-12-04,59.82,59.82,58.845,58.943,141315.0,77864565.0,5.6,5.6,5.5,5.51,True,振华重工,False
2017-12-05,58.943,59.04,57.968,58.943,168524.0,92856724.0,5.51,5.52,5.41,5.51,True,振华重工,False
2017-12-06,58.65,59.333,58.358,59.333,111819.0,62059545.0,5.48,5.55,5.45,5.55,True,振华重工,False
2017-12-07,59.43,59.528,58.748,59.235,77430.0,42896220.0,5.56,5.57,5.49,5.54,True,振华重工,False
2017-12-08,59.235,59.625,58.943,59.235,118243.0,65506622.0,5.54,5.58,5.51,5.54,True,振华重工,False
2017-12-11,59.82,60.6,59.625,60.405,161984.0,91682944.0,5.6,5.68,5.58,5.66,True,振华重工,False
2017-12-12,60.405,60.6,59.43,59.528,122098.0,68008586.0,5.66,5.68,5.56,5.57,True,振华重工,False
2017-12-13,59.528,60.015,59.235,60.015,90244.0,50717128.0,5.57,5.62,5.54,5.62,True,振华重工,False
2017-12-14,59.82,60.6,59.82,60.405,124800.0,70636800.0,5.6,5.68,5.6,5.66,True,振华重工,False
2017-12-15,60.21,60.6,59.625,60.6,107693.0,61169624.0,5.64,5.68,5.58,5.68,True,振华重工,False
2017-12-18,60.6,61.283,60.113,61.088,151609.0,86871957.0,5.68,5.75,5.63,5.73,True,振华重工,False
2017-12-19,61.088,61.77,60.893,61.478,157840.0,91073680.0,5.73,5.8,5.71,5.77,True,振华重工,False
2017-12-20,61.283,61.478,60.503,60.6,99328.0,56418304.0,5.75,5.77,5.67,5.68,True,振华重工,False
2017-12-21,60.6,63.233,60.308,62.843,311279.0,183965889.0,5.68,5.95,5.65,5.91,True,振华重工,False
2017-12-22,62.55,63.915,62.355,62.843,177001.0,104607591.0,5.88,6.02,5.86,5.91,True,振华重工,False
2017-12-25,63.135,63.33,61.478,62.063,173104.0,100919632.0,5.94,5.96,5.77,5.83,True,振华重工,False
2017-12-26,61.965,65.67,61.965,65.28,359955.0,221732280.0,5.82,6.2,5.82,6.16,True,振华重工,False
2017-12-27,65.28,65.28,64.013,64.11,269177.0,162582908.0,6.16,6.16,6.03,6.04,True,振华重工,False
2017-12-28,63.818,64.988,63.72,63.818,235887.0,141768087.0,6.01,6.13,6.0,6.01,True,振华重工,False
2017-12-29,64.5,66.158,64.208,64.695,264825.0,161543250.0,6.08,6.25,6.05,6.1,True,振华重工,False
2018-01-02,65.28,66.84,65.28,65.768,337650.0,209680650.0,6.16,6.32,6.16,6.21,True,振华重工,False
2018-01-03,65.573,65.768,64.403,64.793,300635.0,183687985.0,6.19,6.21,6.07,6.11,True,振华重工,False
2018-01-04,65.085,65.378,64.305,65.28,227714.0,140271824.0,6.14,6.17,6.06,6.16,True,振华重工,False
2018-01-05,65.475,65.475,64.208,64.305,227328.0,137760768.0,6.18,6.18,6.05,6.06,True,振华重工,False
2018-01-08,64.11,64.695,63.623,64.5,281182.0,170958656.0,6.04,6.1,5.99,6.08,True,振华重工,False
2018-01-09,64.403,64.403,62.94,63.233,225940.0,134434300.0,6.07,6.07,5.92,5.95,True,振华重工,False
2018-01-10,63.428,63.915,62.063,62.648,248482.0,146355898.0,5.97,6.02,5.83,5.89,True,振华重工,False
2018-01-11,62.355,63.135,62.16,63.038,112321.0,66606353.0,5.86,5.94,5.84,5.93,True,振华重工,False
2018-01-12,63.233,63.428,62.258,62.453,128836.0,75626732.0,5.95,5.97,5.85,5.87,True,振华重工,False
2018-01-15,62.55,63.525,61.77,63.428,244489.0,145959933.0,5.88,5.98,5.8,5.97,True,振华重工,False
2018-01-16,63.33,65.085,63.038,64.793,294710.0,180067810.0,5.96,6.14,5.93,6.11,True,振华重工,False
2018-01-17,64.305,65.28,63.818,65.183,279325.0,171784875.0,6.06,6.16,6.01,6.15,True,振华重工,False
2018-01-18,64.89,65.865,64.695,65.28,231593.0,142661288.0,6.12,6.22,6.1,6.16,True,振华重工,False
2018-01-19,65.28,65.28,64.11,64.208,242902.0,146955710.0,6.16,6.16,6.04,6.05,True,振华重工,False
2018-01-22,63.818,64.695,62.453,64.695,241141.0,147096010.0,6.01,6.1,5.87,6.1,True,振华重工,False
2018-01-23,64.305,65.183,64.11,64.5,140613.0,85492704.0,6.06,6.15,6.04,6.08,True,振华重工,False
2018-01-24,64.305,66.45,64.11,65.963,441634.0,275137982.0,6.06,6.28,6.04,6.23,True,振华重工,False
2018-01-25,65.67,66.84,65.28,66.255,411380.0,257523880.0,6.2,6.32,6.16,6.26,True,振华重工,False
2018-01-26,65.963,66.84,65.573,66.548,279465.0,175783485.0,6.23,6.32,6.19,6.29,True,振华重工,False
2018-01-29,67.035,68.498,65.865,66.158,462294.0,288933750.0,6.34,6.49,6.22,6.25,True,振华重工,False
2018-01-30,65.963,66.743,64.89,66.45,282429.0,177365412.0,6.23,6.31,6.12,6.28,True,振华重工,False
2018-01-31,65.67,66.06,63.233,64.208,338035.0,204511175.0,6.2,6.24,5.95,6.05,True,振华重工,False
2018-02-01,63.915,64.5,60.795,61.185,328639.0,188638786.0,6.02,6.08,5.7,5.74,True,振华重工,False
2018-02-02,60.795,62.16,59.82,61.868,198245.0,115180345.0,5.7,5.84,5.6,5.81,True,振华重工,False
2018-02-05,60.893,62.355,60.795,61.965,139117.0,80966094.0,5.71,5.86,5.7,5.82,True,振华重工,False
2018-02-06,60.893,61.185,58.553,58.65,265037.0,145240276.0,5.71,5.74,5.47,5.48,True,振华重工,False
2018-02-07,59.528,60.015,58.163,59.333,149611.0,83034105.0,5.57,5.62,5.43,5.55,True,振华重工,False
2018-02-08,59.04,60.308,58.748,59.918,118486.0,66470646.00000001,5.52,5.65,5.49,5.61,True,振华重工,False
2018-02-09,58.163,58.943,54.848,56.018,219236.0,114221956.0,5.43,5.51,5.09,5.21,True,振华重工,False
2018-02-12,56.018,56.798,56.018,56.31,79836.0,41834064.0,5.21,5.29,5.21,5.24,True,振华重工,False
2018-02-13,56.7,57.773,56.603,56.603,86921.0,45807367.0,5.28,5.39,5.27,5.27,True,振华重工,False
2018-02-14,56.798,57.09,55.823,57.09,66384.0,35316288.0,5.29,5.32,5.19,5.32,True,振华重工,False
2018-02-22,57.383,57.968,57.09,57.675,76385.0,41095130.0,5.35,5.41,5.32,5.38,True,振华重工,False
2018-02-23,57.773,58.065,57.285,57.773,84921.0,45772419.0,5.39,5.42,5.34,5.39,True,振华重工,False
2018-02-26,57.968,58.553,57.675,58.163,123706.0,67172358.0,5.41,5.47,5.38,5.43,True,振华重工,False
2018-02-27,58.358,58.358,57.675,57.87,90557.0,48900780.0,5.45,5.45,5.38,5.4,True,振华重工,False
2018-02-28,57.87,58.455,56.993,58.26,118467.0,64446048.00000001,5.4,5.46,5.31,5.44,True,振华重工,False
2018-03-01,57.675,58.553,57.48,58.26,78674.0,42798656.0,5.38,5.47,5.36,5.44,True,振华重工,False
2018-03-02,58.163,59.138,57.675,58.455,101060.0,55178760.0,5.43,5.53,5.38,5.46,True,振华重工,False
2018-03-05,58.943,59.138,58.163,58.358,78774.0,42931830.0,5.51,5.53,5.43,5.45,True,振华重工,False
2018-03-06,58.358,59.138,57.675,59.04,132756.0,73281312.0,5.45,5.53,5.38,5.52,True,振华重工,False
2018-03-07,58.845,59.235,58.358,58.455,87059.0,47534214.0,5.5,5.54,5.45,5.46,True,振华重工,False
2018-03-08,58.358,58.748,57.968,58.553,70447.0,38534509.0,5.45,5.49,5.41,5.47,True,振华重工,False
2018-03-09,58.65,58.748,58.163,58.65,85529.0,46869892.0,5.48,5.49,5.43,5.48,True,振华重工,False
2018-03-12,58.748,59.43,58.455,59.333,135870.0,75407850.0,5.49,5.56,5.46,5.55,True,振华重工,False
2018-03-13,59.43,59.528,58.65,58.845,111173.0,61145150.0,5.56,5.57,5.48,5.5,True,振华重工,False
2018-03-14,58.65,59.528,58.455,58.943,107933.0,59471083.0,5.48,5.57,5.46,5.51,True,振华重工,False
2018-03-15,58.748,58.943,58.065,58.358,86628.0,47212260.0,5.49,5.51,5.42,5.45,True,振华重工,False
2018-03-16,58.455,58.65,57.48,57.578,73744.0,39600528.0,5.46,5.48,5.36,5.37,True,振华重工,False
2018-03-19,57.48,57.968,57.188,57.383,66643.0,35654005.0,5.36,5.41,5.33,5.35,True,振华重工,False
2018-03-20,57.285,57.578,56.895,57.285,55761.0,29776374.0,5.34,5.37,5.3,5.34,True,振华重工,False
2018-03-21,57.188,57.675,56.895,56.993,66682.0,35408142.0,5.33,5.38,5.3,5.31,True,振华重工,False
2018-03-22,56.993,57.188,56.603,56.895,54965.0,29131450.0,5.31,5.33,5.27,5.3,True,振华重工,False
2018-03-23,56.018,56.018,53.873,53.97,194195.0,97097500.0,5.21,5.21,4.99,5.0,True,振华重工,False
2018-03-26,53.775,53.775,51.825,53.385,107705.0,53206270.00000001,4.98,4.98,4.78,4.94,True,振华重工,False
2018-03-27,53.775,54.75,53.775,54.458,66302.0,33482510.0,4.98,5.08,4.98,5.05,True,振华重工,False
2018-03-28,54.068,54.263,53.483,53.775,53495.0,26640510.000000004,5.01,5.03,4.95,4.98,True,振华重工,False
2018-03-29,53.97,55.238,53.483,54.945,78756.0,40165560.0,5.0,5.13,4.95,5.1,True,振华重工,False
2018-03-30,55.238,55.92,54.945,55.433,97679.0,50304685.0,5.13,5.2,5.1,5.15,True,振华重工,False
2018-04-02,55.53,55.823,55.043,55.335,56904.0,29248656.0,5.16,5.19,5.11,5.14,True,振华重工,False
2018-04-03,55.043,55.14,53.58,54.068,94199.0,47193699.0,5.11,5.12,4.96,5.01,True,振华重工,False
2018-04-04,54.263,54.653,53.775,53.873,57942.0,28913058.0,5.03,5.07,4.98,4.99,True,振华重工,False
2018-04-09,53.775,54.165,53.288,53.873,70699.0,35278801.0,4.98,5.02,4.93,4.99,True,振华重工,False
2018-04-10,53.775,54.945,53.775,54.75,78919.0,40090852.0,4.98,5.1,4.98,5.08,True,振华重工,False
2018-04-11,56.018,56.895,55.92,56.213,167739.0,87727497.0,5.21,5.3,5.2,5.23,True,振华重工,False
2018-04-12,56.7,57.188,56.213,56.31,123909.0,64928316.0,5.28,5.33,5.23,5.24,True,振华重工,False
2018-04-13,56.31,56.505,55.53,55.53,77877.0,40184532.0,5.24,5.26,5.16,5.16,True,振华重工,False
2018-04-16,55.335,55.92,54.945,55.14,63752.0,32641024.0,5.14,5.2,5.1,5.12,True,振华重工,False
2018-04-17,55.238,55.53,53.873,54.068,71987.0,36065487.0,5.13,5.16,4.99,5.01,True,振华重工,False
2018-04-18,54.555,54.848,53.58,54.458,75519.0,38137095.0,5.06,5.09,4.96,5.05,True,振华重工,False
2018-04-19,54.555,55.53,54.458,55.53,78721.0,40620036.0,5.06,5.16,5.05,5.16,True,振华重工,False
2018-04-20,55.335,55.335,52.995,53.385,87208.0,43080752.0,5.14,5.14,4.9,4.94,True,振华重工,False
2018-04-23,53.288,54.263,53.093,53.97,81848.0,40924000.0,4.93,5.03,4.91,5.0,True,振华重工,False
2018-04-24,53.873,54.848,53.873,54.458,62488.0,31556440.0,4.99,5.09,4.99,5.05,True,振华重工,False
2018-04-25,54.458,54.848,54.068,54.75,52405.0,26621740.0,5.05,5.09,5.01,5.08,True,振华重工,False
2018-04-26,54.653,54.653,53.58,53.775,61592.0,30672816.000000004,5.07,5.07,4.96,4.98,True,振华重工,False
2018-04-27,53.873,54.263,53.678,54.068,39379.0,19728879.0,4.99,5.03,4.97,5.01,True,振华重工,False
2018-05-02,54.068,54.36,52.898,53.288,72862.0,35920966.0,5.01,5.04,4.89,4.93,True,振华重工,False
2018-05-03,53.385,53.97,52.995,53.873,52600.0,26247400.0,4.94,5.0,4.9,4.99,True,振华重工,False
2018-05-04,54.165,54.263,53.385,53.58,38469.0,19080624.0,5.02,5.03,4.94,4.96,True,振华重工,False
2018-05-07,53.58,54.263,53.58,54.263,57276.0,28809828.0,4.96,5.03,4.96,5.03,True,振华重工,False
2018-05-08,54.068,54.653,54.068,54.653,60857.0,30854499.0,5.01,5.07,5.01,5.07,True,振华重工,False
2018-05-09,54.555,54.653,54.263,54.36,41211.0,20770344.0,5.06,5.07,5.03,5.04,True,振华重工,False
2018-05-10,54.458,54.848,54.263,54.555,44881.0,22709786.0,5.05,5.09,5.03,5.06,True,振华重工,False
2018-05-11,54.555,54.653,53.775,53.873,54258.0,27074742.0,5.06,5.07,4.98,4.99,True,振华重工,False
2018-05-14,53.775,54.165,53.483,53.678,45710.0,22717870.0,4.98,5.02,4.95,4.97,True,振华重工,False
2018-05-15,53.385,54.555,53.288,54.458,68265.0,34473825.0,4.94,5.06,4.93,5.05,True,振华重工,False
2018-05-16,54.263,54.555,54.165,54.263,49298.0,24796894.0,5.03,5.06,5.02,5.03,True,振华重工,False
2018-05-17,54.263,54.36,53.58,53.775,54016.0,26899968.000000004,5.03,5.04,4.96,4.98,True,振华重工,False
2018-05-18,53.678,54.458,53.58,54.458,75619.0,38187595.0,4.97,5.05,4.96,5.05,True,振华重工,False
2018-05-21,55.043,55.14,54.458,54.653,100587.0,50997609.0,5.11,5.12,5.05,5.07,True,振华重工,False
2018-05-22,54.75,54.75,53.678,54.458,103427.0,52230635.0,5.08,5.08,4.97,5.05,True,振华重工,False
2018-05-23,54.36,54.36,53.775,53.873,64701.0,32285799.0,5.04,5.04,4.98,4.99,True,振华重工,False
2018-05-24,53.873,54.068,53.483,53.483,57942.0,28681290.0,4.99,5.01,4.95,4.95,True,振华重工,False
2018-05-25,53.775,53.775,53.19,53.288,54206.0,26723558.0,4.98,4.98,4.92,4.93,True,振华重工,False
2018-05-28,53.19,53.288,52.118,52.215,78527.0,37850014.0,4.92,4.93,4.81,4.82,True,振华重工,False
2018-05-29,52.313,52.8,51.533,51.923,105116.0,50350564.0,4.83,4.88,4.75,4.79,True,振华重工,False
2018-05-30,51.63,51.63,49.875,49.973,121496.0,55766664.0,4.76,4.76,4.58,4.59,True,振华重工,False
2018-05-31,50.265,50.558,49.875,50.363,55485.0,25689555.0,4.62,4.65,4.58,4.63,True,振华重工,False
2018-06-01,50.363,50.753,49.875,50.265,54874.0,25351788.0,4.63,4.67,4.58,4.62,True,振华重工,False
2018-06-04,50.363,50.753,50.168,50.363,42627.0,19736301.0,4.63,4.67,4.61,4.63,True,振华重工,False
2018-06-05,50.363,50.85,50.265,50.85,45786.0,21427848.0,4.63,4.68,4.62,4.68,True,振华重工,False
2018-06-06,51.045,51.533,50.753,51.143,62346.0,29364966.0,4.7,4.75,4.67,4.71,True,振华重工,False
2018-06-07,51.143,51.143,50.363,50.46,46777.0,21704528.0,4.71,4.71,4.63,4.64,True,振华重工,False
2018-06-08,50.46,50.46,48.9,48.998,87598.0,39331502.0,4.64,4.64,4.48,4.49,True,振华重工,False
2018-06-11,48.998,49.193,48.608,48.803,34986.0,15638742.0,4.49,4.51,4.45,4.47,True,振华重工,False
2018-06-12,48.803,49.583,48.705,49.583,33141.0,15079155.0,4.47,4.55,4.46,4.55,True,振华重工,False
2018-06-13,49.583,49.583,48.998,49.095,31834.0,14325300.0,4.55,4.55,4.49,4.5,True,振华重工,False
2018-06-14,48.998,49.29,48.705,48.9,28749.0,12879552.000000002,4.49,4.52,4.46,4.48,True,振华重工,False
2018-06-15,48.998,49.29,48.12,48.218,52383.0,23100903.0,4.49,4.52,4.4,4.41,True,振华重工,False
2018-06-19,47.828,47.828,43.928,44.708,134949.0,54654345.0,4.37,4.37,3.97,4.05,True,振华重工,False
2018-06-20,44.708,45.098,44.318,44.903,68217.0,27764319.000000004,4.05,4.09,4.01,4.07,True,振华重工,False
2018-06-21,45.0,45.585,44.61,44.805,53855.0,21865130.0,4.08,4.14,4.04,4.06,True,振华重工,False
2018-06-22,44.415,45.683,44.318,45.585,55419.0,22943466.0,4.02,4.15,4.01,4.14,True,振华重工,False
2018-06-25,45.78,46.17,45.195,45.293,40146.0,16500006.000000002,4.16,4.2,4.1,4.11,True,振华重工,False
2018-06-26,45.098,45.585,44.708,45.585,33241.0,13761773.999999998,4.09,4.14,4.05,4.14,True,振华重工,False
2018-06-27,45.488,45.975,45.195,45.293,34304.0,14098944.000000002,4.13,4.18,4.1,4.11,True,振华重工,False
2018-06-28,45.0,45.78,45.0,45.39,34931.0,14391572.0,4.08,4.16,4.08,4.12,True,振华重工,False
2018-06-29,45.098,46.17,45.098,46.073,51635.0,21635065.000000004,4.09,4.2,4.09,4.19,True,振华重工,False
2018-07-02,45.975,45.975,45.098,45.39,37933.0,15628396.0,4.18,4.18,4.09,4.12,True,振华重工,False
2018-07-03,45.488,46.268,45.098,46.073,52699.0,22080881.000000004,4.13,4.21,4.09,4.19,True,振华重工,False
2018-07-04,46.073,46.17,45.293,45.683,36477.0,15137955.000000002,4.19,4.2,4.11,4.15,True,振华重工,False
2018-07-05,45.585,45.683,44.708,44.805,44677.0,18138862.0,4.14,4.15,4.05,4.06,True,振华重工,False
2018-07-06,44.708,45.098,44.025,44.903,44283.0,18023181.0,4.05,4.09,3.98,4.07,True,振华重工,False
2018-07-09,45.0,45.585,44.903,45.39,31640.0,13035680.0,4.08,4.14,4.07,4.12,True,振华重工,False
2018-07-10,45.39,45.585,45.098,45.39,31447.0,12956164.0,4.12,4.14,4.09,4.12,True,振华重工,False
2018-07-11,45.098,45.098,44.415,44.513,46443.0,18716529.0,4.09,4.09,4.02,4.03,True,振华重工,False
2018-07-12,44.513,45.683,44.415,45.488,58881.0,24317853.0,4.03,4.15,4.02,4.13,True,振华重工,False
2018-07-13,45.293,45.585,45.0,45.195,35080.0,14382799.999999998,4.11,4.14,4.08,4.1,True,振华重工,False
2018-07-16,45.39,45.585,45.195,45.39,30324.0,12493488.0,4.12,4.14,4.1,4.12,True,振华重工,False
2018-07-17,45.39,45.39,44.903,45.293,34543.0,14197173.000000002,4.12,4.12,4.07,4.11,True,振华重工,False
2018-07-18,45.195,45.683,45.098,45.585,50627.0,20959578.0,4.1,4.15,4.09,4.14,True,振华重工,False
2018-07-19,45.39,45.488,45.0,45.098,32520.0,13300680.0,4.12,4.13,4.08,4.09,True,振华重工,False
2018-07-20,45.098,45.683,44.903,45.488,49922.0,20617786.0,4.09,4.15,4.07,4.13,True,振华重工,False
2018-07-23,45.585,46.56,45.293,46.365,90574.0,38222228.0,4.14,4.24,4.11,4.22,True,振华重工,False
2018-07-24,46.463,47.73,46.365,47.34,128319.0,55433808.0,4.23,4.36,4.22,4.32,True,振华重工,False
2018-07-25,47.438,47.925,46.853,47.34,100179.0,43277328.0,4.33,4.38,4.27,4.32,True,振华重工,False
2018-07-26,47.243,47.73,47.048,47.34,58011.0,25060752.0,4.31,4.36,4.29,4.32,True,振华重工,False
2018-07-27,47.243,47.828,47.145,47.535,79574.0,34535116.0,4.31,4.37,4.3,4.34,True,振华重工,False
2018-07-30,47.438,47.73,47.145,47.438,54694.0,23682502.0,4.33,4.36,4.3,4.33,True,振华重工,False
2018-07-31,47.438,47.73,47.243,47.438,42899.0,18575267.0,4.33,4.36,4.31,4.33,True,振华重工,False
2018-08-01,47.438,47.633,46.365,46.463,83462.0,35304426.0,4.33,4.35,4.22,4.23,True,振华重工,False
2018-08-02,46.463,46.658,44.805,45.39,91692.0,37777104.0,4.23,4.25,4.06,4.12,True,振华重工,False
2018-08-03,45.39,45.78,45.195,45.293,34235.0,14070585.000000002,4.12,4.16,4.1,4.11,True,振华重工,False
2018-08-06,45.293,45.585,44.805,45.0,42033.0,17149464.0,4.11,4.14,4.06,4.08,True,振华重工,False
2018-08-07,45.098,46.56,45.098,46.463,70734.0,29920482.000000004,4.09,4.24,4.09,4.23,True,振华重工,False
2018-08-08,46.365,47.438,46.17,46.95,89325.0,38231100.0,4.22,4.33,4.2,4.28,True,振华重工,False
2018-08-09,46.658,47.438,46.17,47.243,92683.0,39946373.0,4.25,4.33,4.2,4.31,True,振华重工,False
2018-08-10,47.145,47.243,46.755,46.95,61260.0,26219280.0,4.3,4.31,4.26,4.28,True,振华重工,False
2018-08-13,47.009,47.711,46.658,47.594,52508.0,18797864.0,3.53,3.59,3.5,3.58,True,振华重工,False
2018-08-14,47.126,47.477,47.009,47.243,49678.0,17635690.0,3.54,3.57,3.53,3.55,True,振华重工,False
2018-08-15,47.36,47.711,46.658,46.892,68546.0,24128192.0,3.56,3.59,3.5,3.52,True,振华重工,False
2018-08-16,46.541,46.541,45.488,46.073,58132.0,20055540.0,3.49,3.49,3.4,3.45,True,振华重工,False
2018-08-17,46.541,46.541,45.371,45.488,42259.0,14368060.0,3.49,3.49,3.39,3.4,True,振华重工,False
2018-08-20,45.488,45.605,44.786,45.488,49190.0,16724600.0,3.4,3.41,3.34,3.4,True,振华重工,False
2018-08-21,45.488,46.19,45.371,45.722,38517.0,13172814.0,3.4,3.46,3.39,3.42,True,振华重工,False
2018-08-22,45.605,45.839,45.254,45.605,35223.0,12011043.0,3.41,3.43,3.38,3.41,True,振华重工,False
2018-08-23,45.371,45.722,45.371,45.605,24388.0,8316308.0,3.39,3.42,3.39,3.41,True,振华重工,False
2018-08-24,45.605,45.722,45.371,45.605,25448.0,8677768.0,3.41,3.42,3.39,3.41,True,振华重工,False
2018-08-27,45.488,46.073,45.488,45.956,49779.0,17123976.0,3.4,3.45,3.4,3.44,True,振华重工,False
2018-08-28,46.073,46.19,45.839,46.19,36283.0,12553918.0,3.45,3.46,3.43,3.46,True,振华重工,False
2018-08-29,46.073,46.19,45.722,45.956,32355.0,11130120.0,3.45,3.46,3.42,3.44,True,振华重工,False
2018-08-30,45.956,46.19,45.254,45.254,34706.0,11730628.0,3.44,3.46,3.38,3.38,True,振华重工,False
2018-08-31,45.371,45.488,45.02,45.371,26041.0,8827899.0,3.39,3.4,3.36,3.39,True,振华重工,False
2018-09-03,45.371,45.488,44.903,45.137,26433.0,8907921.0,3.39,3.4,3.35,3.37,True,振华重工,False
2018-09-04,45.137,45.956,45.137,45.722,36758.0,12571236.0,3.37,3.44,3.37,3.42,True,振华重工,False
2018-09-05,45.956,45.956,45.254,45.254,30012.0,10144056.0,3.44,3.44,3.38,3.38,True,振华重工,False
2018-09-06,45.137,45.488,45.02,45.137,20042.0,6754154.0,3.37,3.4,3.36,3.37,True,振华重工,False
2018-09-07,45.137,45.488,45.02,45.254,26336.0,8901568.0,3.37,3.4,3.36,3.38,True,振华重工,False
2018-09-10,45.254,45.371,44.786,44.903,26718.0,8950530.0,3.38,3.39,3.34,3.35,True,振华重工,False
2018-09-11,44.903,45.137,44.786,45.02,23806.0,7998816.0,3.35,3.37,3.34,3.36,True,振华重工,False
2018-09-12,45.02,45.371,44.903,45.137,24620.0,8296940.0,3.36,3.39,3.35,3.37,True,振华重工,False
2018-09-13,45.137,45.371,44.903,45.254,29100.0,9835800.0,3.37,3.39,3.35,3.38,True,振华重工,False
2018-09-14,45.254,45.488,45.137,45.254,27833.0,9407554.0,3.38,3.4,3.37,3.38,True,振华重工,False
2018-09-17,45.371,45.371,44.903,44.903,21885.0,7331475.0,3.39,3.39,3.35,3.35,True,振华重工,False
2018-09-18,45.02,45.371,44.552,45.254,39337.0,13295906.0,3.36,3.39,3.32,3.38,True,振华重工,False
2018-09-19,45.254,46.892,45.02,46.424,107994.0,37581912.0,3.38,3.52,3.36,3.48,True,振华重工,False
2018-09-20,46.307,46.424,45.839,45.956,60868.0,20938592.0,3.47,3.48,3.43,3.44,True,振华重工,False
2018-09-21,46.073,46.541,45.722,46.424,49691.0,17292468.0,3.45,3.49,3.42,3.48,True,振华重工,False
2018-09-25,46.307,46.307,45.605,45.956,50462.0,17358928.0,3.47,3.47,3.41,3.44,True,振华重工,False
2018-09-26,45.956,46.307,45.722,45.956,39917.0,13731448.0,3.44,3.47,3.42,3.44,True,振华重工,False
2018-09-27,46.19,46.307,45.488,45.722,36223.0,12388266.0,3.46,3.47,3.4,3.42,True,振华重工,False
2018-09-28,45.722,45.956,45.605,45.956,39131.0,13461064.0,3.42,3.44,3.41,3.44,True,振华重工,False
2018-10-08,45.488,45.722,45.137,45.137,49511.0,16685207.0,3.4,3.42,3.37,3.37,True,振华重工,False
2018-10-09,45.137,45.605,45.137,45.371,24803.0,8408217.0,3.37,3.41,3.37,3.39,True,振华重工,False
2018-10-10,45.254,45.605,45.137,45.605,19212.0,6551292.0,3.38,3.41,3.37,3.41,True,振华重工,False
2018-10-11,45.02,45.02,41.627,41.861,114908.0,35506572.0,3.36,3.36,3.07,3.09,True,振华重工,False
2018-10-12,41.51,42.095,40.223,41.978,90484.0,28050040.0,3.06,3.11,2.95,3.1,True,振华重工,False
2018-10-15,42.212,42.329,41.276,41.393,30886.0,9420230.0,3.12,3.13,3.04,3.05,True,振华重工,False
2018-10-16,41.393,42.095,40.574,40.808,41746.0,12523800.0,3.05,3.11,2.98,3.0,True,振华重工,False
2018-10-17,41.159,41.393,40.691,41.042,40183.0,12135266.0,3.03,3.05,2.99,3.02,True,振华重工,False
2018-10-18,41.042,41.042,40.106,40.106,34770.0,10222380.0,3.02,3.02,2.94,2.94,True,振华重工,False
2018-10-19,39.521,40.808,39.17,40.808,60226.0,18067800.0,2.89,3.0,2.86,3.0,True,振华重工,False
2018-10-22,41.393,42.68,40.925,42.446,79029.0,24815106.0,3.05,3.16,3.01,3.14,True,振华重工,False
2018-10-23,42.446,42.563,41.51,41.744,41346.0,12734568.0,3.14,3.15,3.06,3.08,True,振华重工,False
2018-10-24,41.627,42.446,41.51,41.978,24613.0,7630030.0,3.07,3.14,3.06,3.1,True,振华重工,False
2018-10-25,41.393,42.095,40.925,42.095,36443.0,11333773.0,3.05,3.11,3.01,3.11,True,振华重工,False
2018-10-26,42.212,42.68,42.095,42.212,44689.0,13942968.0,3.12,3.16,3.11,3.12,True,振华重工,False
2018-10-29,41.978,42.329,41.861,42.095,27883.0,8671613.0,3.1,3.13,3.09,3.11,True,振华重工,False
2018-10-30,42.212,42.563,41.861,42.563,27756.0,8743140.0,3.12,3.15,3.09,3.15,True,振华重工,False
2018-10-31,42.563,43.148,42.212,42.68,46937.0,14832092.0,3.15,3.2,3.12,3.16,True,振华重工,False
2018-11-01,42.914,43.499,42.797,42.914,61464.0,19545552.0,3.18,3.23,3.17,3.18,True,振华重工,False
2018-11-02,43.616,43.733,43.031,43.382,47407.0,15265054.0,3.24,3.25,3.19,3.22,True,振华重工,False
2018-11-05,43.265,43.967,43.265,43.616,54556.0,17676144.0,3.21,3.27,3.21,3.24,True,振华重工,False
2018-11-06,43.616,43.967,43.382,43.85,42986.0,14013436.0,3.24,3.27,3.22,3.26,True,振华重工,False
2018-11-07,43.85,43.967,43.265,43.382,54381.0,17510682.0,3.26,3.27,3.21,3.22,True,振华重工,False
2018-11-08,43.616,43.85,43.148,43.382,45499.0,14650678.0,3.24,3.26,3.2,3.22,True,振华重工,False
2018-11-09,43.382,43.382,42.68,42.914,44534.0,14161812.0,3.22,3.22,3.16,3.18,True,振华重工,False
2018-11-12,42.797,43.616,42.563,43.382,52161.0,16795842.0,3.17,3.24,3.15,3.22,True,振华重工,False
2018-11-13,43.148,44.201,42.797,44.201,108662.0,35749798.0,3.2,3.29,3.17,3.29,True,振华重工,False
2018-11-14,44.084,44.201,43.616,43.85,86371.0,28156946.0,3.28,3.29,3.24,3.26,True,振华重工,False
2018-11-15,43.85,44.435,43.733,44.318,81773.0,26985090.0,3.26,3.31,3.25,3.3,True,振华重工,False
2018-11-16,44.435,44.903,44.084,44.669,89734.0,29881422.0,3.31,3.35,3.28,3.33,True,振华重工,False
2018-11-19,44.435,45.02,44.201,45.02,88395.0,29700720.0,3.31,3.36,3.29,3.36,True,振华重工,False
2018-11-20,45.02,45.02,44.084,44.084,71167.0,23342776.0,3.36,3.36,3.28,3.28,True,振华重工,False
2018-11-21,43.85,44.435,43.499,44.201,58465.0,19234985.0,3.26,3.31,3.23,3.29,True,振华重工,False
2018-11-22,44.201,44.318,44.084,44.318,25393.0,8379690.0,3.29,3.3,3.28,3.3,True,振华重工,False
2018-11-23,44.318,44.318,42.914,42.914,76138.0,24211884.0,3.3,3.3,3.18,3.18,True,振华重工,False
2018-11-26,42.914,43.148,42.446,42.446,60172.0,18894008.0,3.18,3.2,3.14,3.14,True,振华重工,False
2018-11-27,42.797,43.499,42.446,43.031,49453.0,15775507.0,3.17,3.23,3.14,3.19,True,振华重工,False
2018-11-28,43.148,43.967,42.914,43.616,44062.0,14276088.000000002,3.2,3.27,3.18,3.24,True,振华重工,False
2018-11-29,43.85,44.084,43.499,43.616,49127.0,15917148.000000002,3.26,3.28,3.23,3.24,True,振华重工,False
2018-11-30,43.967,44.084,43.382,43.733,47089.0,15303925.0,3.27,3.28,3.22,3.25,True,振华重工,False
2018-12-03,44.318,44.903,44.318,44.552,74764.0,24821648.0,3.3,3.35,3.3,3.32,True,振华重工,False
2018-12-04,44.669,44.786,44.318,44.786,46383.0,15491922.0,3.33,3.34,3.3,3.34,True,振华重工,False
2018-12-05,44.435,45.02,44.201,44.669,56576.0,18839808.0,3.31,3.36,3.29,3.33,True,振华重工,False
2018-12-06,44.552,44.903,44.318,44.435,54297.0,17972307.0,3.32,3.35,3.3,3.31,True,振华重工,False
2018-12-07,44.669,45.02,44.201,44.786,57676.0,19263784.0,3.33,3.36,3.29,3.34,True,振华重工,False
2018-12-10,44.435,45.605,44.435,45.371,81168.0,27515952.0,3.31,3.41,3.31,3.39,True,振华重工,False
2018-12-11,45.371,45.371,44.669,44.903,50748.0,17000580.0,3.39,3.39,3.33,3.35,True,振华重工,False
2018-12-12,44.786,45.02,44.552,44.903,22280.0,7463800.0,3.34,3.36,3.32,3.35,True,振华重工,False
2018-12-13,44.903,45.254,44.552,45.137,58360.0,19667320.0,3.35,3.38,3.32,3.37,True,振华重工,False
2018-12-14,45.02,45.254,44.318,44.435,56541.0,18715071.0,3.36,3.38,3.3,3.31,True,振华重工,False
2018-12-17,44.318,44.435,43.85,44.201,39015.0,12835935.0,3.3,3.31,3.26,3.29,True,振华重工,False
2018-12-18,44.201,44.318,43.616,43.967,28218.0,9227286.0,3.29,3.3,3.24,3.27,True,振华重工,False
2018-12-19,44.084,44.201,43.733,43.733,17819.0,5791175.0,3.28,3.29,3.25,3.25,True,振华重工,False
2018-12-20,43.733,43.85,43.265,43.499,33701.0,10885423.0,3.25,3.26,3.21,3.23,True,振华重工,False
2018-12-21,43.382,43.382,42.68,43.031,36718.0,11713042.0,3.22,3.22,3.16,3.19,True,振华重工,False
2018-12-24,42.68,43.499,42.68,43.265,36178.0,11613138.0,3.16,3.23,3.16,3.21,True,振华重工,False
2018-12-25,43.148,43.265,42.563,42.914,36042.0,11461356.0,3.2,3.21,3.15,3.18,True,振华重工,False
2018-12-26,43.148,43.265,42.914,43.148,19354.0,6193280.0,3.2,3.21,3.18,3.2,True,振华重工,False
2018-12-27,43.382,43.616,42.68,42.68,23968.0,7573888.0,3.22,3.24,3.16,3.16,True,振华重工,False
2018-12-28,42.914,43.148,42.68,42.797,15472.0,4904624.0,3.18,3.2,3.16,3.17,True,振华重工,False
2019-01-02,43.031,43.382,42.797,43.148,27245.0,8718400.0,3.19,3.22,3.17,3.2,True,振华重工,False
2019-01-03,43.031,43.733,42.914,43.733,48081.0,15626325.0,3.19,3.25,3.18,3.25,True,振华重工,False
2019-01-04,43.499,44.318,43.265,44.201,48818.0,16061122.0,3.23,3.3,3.21,3.29,True,振华重工,False
2019-01-07,44.201,45.137,44.201,45.02,66315.0,22281840.0,3.29,3.37,3.29,3.36,True,振华重工,False
2019-01-08,44.903,45.371,44.669,45.137,65080.0,21931960.0,3.35,3.39,3.33,3.37,True,振华重工,False
2019-01-09,45.371,45.488,44.786,44.786,63846.0,21324564.0,3.39,3.4,3.34,3.34,True,振华重工,False
2019-01-10,45.137,45.488,44.903,45.254,64496.0,21799648.0,3.37,3.4,3.35,3.38,True,振华重工,False
2019-01-11,45.02,45.488,45.02,45.137,31797.0,10715589.0,3.36,3.4,3.36,3.37,True,振华重工,False
2019-01-14,45.254,46.073,45.254,45.488,70496.0,23968640.0,3.38,3.45,3.38,3.4,True,振华重工,False
2019-01-15,45.254,45.722,45.254,45.722,45204.0,15459768.0,3.38,3.42,3.38,3.42,True,振华重工,False
2019-01-16,45.956,46.073,45.605,45.605,44206.0,15074246.0,3.44,3.45,3.41,3.41,True,振华重工,False
2019-01-17,45.605,45.956,45.02,45.137,34993.0,11792641.0,3.41,3.44,3.36,3.37,True,振华重工,False
2019-01-18,45.137,45.371,44.669,45.02,52880.0,17767680.0,3.37,3.39,3.33,3.36,True,振华重工,False
2019-01-21,45.02,45.956,45.02,45.254,40958.0,13843804.0,3.36,3.44,3.36,3.38,True,振华重工,False
2019-01-22,45.605,45.605,44.669,44.903,38198.0,12796330.0,3.41,3.41,3.33,3.35,True,振华重工,False
2019-01-23,44.786,45.02,44.435,44.669,36200.0,12054600.0,3.34,3.36,3.31,3.33,True,振华重工,False
2019-01-24,44.786,45.02,44.669,44.786,31332.0,10464888.0,3.34,3.36,3.33,3.34,True,振华重工,False
2019-01-25,44.669,44.903,44.552,44.669,30670.0,10213110.0,3.33,3.35,3.32,3.33,True,振华重工,False
2019-01-28,44.903,44.903,44.669,44.786,43643.0,14576762.0,3.35,3.35,3.33,3.34,True,振华重工,False
2019-01-29,44.669,44.669,43.85,44.084,54300.0,17810400.0,3.33,3.33,3.26,3.28,True,振华重工,False
2019-01-30,43.967,43.967,43.382,43.499,46196.0,14921308.0,3.27,3.27,3.22,3.23,True,振华重工,False
2019-01-31,43.499,43.733,43.148,43.382,36398.0,11720156.0,3.23,3.25,3.2,3.22,True,振华重工,False
2019-02-01,43.616,43.967,43.499,43.967,40929.0,13383783.0,3.24,3.27,3.23,3.27,True,振华重工,False
2019-02-11,44.084,44.669,43.85,44.552,49764.0,16521648.0,3.28,3.33,3.26,3.32,True,振华重工,False
2019-02-12,44.552,45.02,44.435,45.02,53056.0,17826816.0,3.32,3.36,3.31,3.36,True,振华重工,False
2019-02-13,45.137,45.722,44.786,45.605,119985.0,40914885.0,3.37,3.42,3.34,3.41,True,振华重工,False
2019-02-14,45.605,45.956,45.254,45.722,76919.0,26306298.0,3.41,3.44,3.38,3.42,True,振华重工,False
2019-02-15,45.839,45.956,45.137,45.371,57210.0,19394190.0,3.43,3.44,3.37,3.39,True,振华重工,False
2019-02-18,45.605,46.307,45.488,46.307,122276.0,42429772.0,3.41,3.47,3.4,3.47,True,振华重工,False
2019-02-19,46.424,46.541,45.722,46.073,105551.0,36415095.0,3.48,3.49,3.42,3.45,True,振华重工,False
2019-02-20,46.073,47.009,45.488,46.541,147768.0,51571032.0,3.45,3.53,3.4,3.49,True,振华重工,False
2019-02-21,46.424,46.658,45.722,45.839,121483.0,41668669.0,3.48,3.5,3.42,3.43,True,振华重工,False
2019-02-22,45.722,46.307,45.488,46.307,84849.0,29442603.0,3.42,3.47,3.4,3.47,True,振华重工,False
2019-02-25,46.424,48.296,46.424,48.062,280004.0,101361448.0,3.48,3.64,3.48,3.62,True,振华重工,False
2019-02-26,48.296,52.274,47.828,52.274,373447.0,148631906.0,3.64,3.98,3.6,3.98,True,振华重工,False
2019-02-27,53.444,54.497,50.87,51.572,646265.0,253335880.0,4.08,4.17,3.86,3.92,True,振华重工,False
2019-02-28,50.753,51.338,49.934,50.519,277871.0,106424593.0,3.85,3.9,3.78,3.83,True,振华重工,False
2019-03-01,50.402,54.965,50.168,54.38,528901.0,220022816.0,3.82,4.21,3.8,4.16,True,振华重工,False
2019-03-04,54.497,55.433,53.21,54.731,587843.0,246306217.00000003,4.17,4.25,4.06,4.19,True,振华重工,False
2019-03-05,54.38,54.731,53.327,54.497,336819.0,140453523.0,4.16,4.19,4.07,4.17,True,振华重工,False
2019-03-06,54.614,55.667,53.912,54.731,346712.0,145272328.0,4.18,4.27,4.12,4.19,True,振华重工,False
2019-03-07,54.731,56.72,54.146,55.901,454800.0,195109200.0,4.19,4.36,4.14,4.29,True,振华重工,False
2019-03-08,54.848,54.848,51.455,51.572,406194.0,159228048.0,4.2,4.2,3.91,3.92,True,振华重工,False
2019-03-11,51.806,53.327,51.806,53.21,217090.0,88138539.99999999,3.94,4.07,3.94,4.06,True,振华重工,False
2019-03-12,53.561,54.38,52.859,53.912,259615.0,106961380.0,4.09,4.16,4.03,4.12,True,振华重工,False
2019-03-13,53.678,53.795,52.274,52.508,184987.0,73994800.0,4.1,4.11,3.98,4.0,True,振华重工,False
2019-03-14,52.274,52.976,51.338,51.689,149523.0,58762539.0,3.98,4.04,3.9,3.93,True,振华重工,False
2019-03-15,51.806,53.327,51.806,53.093,154905.0,62736525.0,3.94,4.07,3.94,4.05,True,振华重工,False
2019-03-18,53.444,54.848,52.976,54.497,239206.0,99748902.0,4.08,4.2,4.04,4.17,True,振华重工,False
2019-03-19,54.38,54.497,53.561,53.795,163995.0,67401945.0,4.16,4.17,4.09,4.11,True,振华重工,False
2019-03-20,53.678,54.146,52.976,53.912,133710.0,55088520.0,4.1,4.14,4.04,4.12,True,振华重工,False
2019-03-21,53.912,55.433,53.795,54.614,297502.0,124355836.0,4.12,4.25,4.11,4.18,True,振华重工,False
2019-03-22,54.497,55.433,54.263,55.316,246215.0,104395160.0,4.17,4.25,4.15,4.24,True,振华重工,False
2019-03-25,54.38,57.89,54.38,55.784,506637.0,216840636.0,4.16,4.46,4.16,4.28,True,振华重工,False
2019-03-26,58.592,59.294,54.965,55.082,530189.0,223739758.0,4.52,4.58,4.21,4.22,True,振华重工,False
2019-03-27,55.199,55.199,52.859,53.912,280133.0,115414796.0,4.23,4.23,4.03,4.12,True,振华重工,False
2019-03-28,53.795,54.731,53.093,53.327,148890.0,60598230.00000001,4.11,4.19,4.05,4.07,True,振华重工,False
2019-03-29,53.093,54.614,53.093,54.38,177352.0,73778432.0,4.05,4.18,4.05,4.16,True,振华重工,False
2019-04-01,54.848,56.603,54.614,56.135,289064.0,124586584.0,4.2,4.35,4.18,4.31,True,振华重工,False
2019-04-02,56.603,57.188,55.784,55.901,282216.0,121070664.0,4.35,4.4,4.28,4.29,True,振华重工,False
2019-04-03,55.901,60.932,55.55,60.23,862684.0,402010744.0,4.29,4.72,4.26,4.66,True,振华重工,False
2019-04-04,59.294,60.464,58.358,58.826,621498.0,282160092.0,4.58,4.68,4.5,4.54,True,振华重工,False
2019-04-08,59.411,59.762,57.656,58.241,330552.0,148417848.0,4.59,4.62,4.44,4.49,True,振华重工,False
2019-04-09,58.007,58.709,56.954,58.007,203863.0,91126761.0,4.47,4.53,4.38,4.47,True,振华重工,False
2019-04-10,57.773,59.177,57.422,58.007,301700.0,134859900.0,4.45,4.57,4.42,4.47,True,振华重工,False
2019-04-11,57.773,58.124,56.72,56.837,217804.0,95180348.0,4.45,4.48,4.36,4.37,True,振华重工,False
2019-04-12,56.837,58.124,56.135,57.89,198610.0,88580060.0,4.37,4.48,4.31,4.46,True,振华重工,False
2019-04-15,58.358,58.943,57.071,57.188,202081.0,88915640.0,4.5,4.55,4.39,4.4,True,振华重工,False
2019-04-16,57.305,58.358,56.72,58.241,167414.0,75168886.0,4.41,4.5,4.36,4.49,True,振华重工,False
2019-04-17,58.592,58.826,57.656,58.124,155076.0,69474048.0,4.52,4.54,4.44,4.48,True,振华重工,False
2019-04-18,58.241,58.943,57.539,58.124,183649.0,82274752.00000001,4.49,4.55,4.43,4.48,True,振华重工,False
2019-04-19,58.124,58.358,57.422,58.007,141978.0,63464166.0,4.48,4.5,4.42,4.47,True,振华重工,False
2019-04-22,58.241,58.592,57.422,57.773,139518.0,62085510.0,4.49,4.52,4.42,4.45,True,振华重工,False
2019-04-23,57.539,57.773,55.901,56.135,182210.0,78532510.0,4.43,4.45,4.29,4.31,True,振华重工,False
2019-04-24,56.369,56.837,55.55,56.837,133241.0,58226317.0,4.33,4.37,4.26,4.37,True,振华重工,False
2019-04-25,56.954,57.071,54.38,54.497,152310.0,63513270.0,4.38,4.39,4.16,4.17,True,振华重工,False
2019-04-26,54.263,54.614,53.678,53.678,109060.0,44714599.99999999,4.15,4.18,4.1,4.1,True,振华重工,False
2019-04-29,53.678,54.497,53.093,53.561,117963.0,48246867.0,4.1,4.17,4.05,4.09,True,振华重工,False
2019-04-30,53.093,54.146,53.093,53.678,63766.0,26144060.0,4.05,4.14,4.05,4.1,True,振华重工,False
2019-05-06,52.04,52.508,48.881,49.115,219566.0,81458986.0,3.96,4.0,3.69,3.71,True,振华重工,False
2019-05-07,49.583,49.7,48.413,49.232,105355.0,39192060.0,3.75,3.76,3.65,3.72,True,振华重工,False
2019-05-08,48.53,49.349,48.062,48.881,70916.0,26168004.0,3.66,3.73,3.62,3.69,True,振华重工,False
2019-05-09,48.53,49.115,48.296,48.647,57226.0,21001942.0,3.66,3.71,3.64,3.67,True,振华重工,False
2019-05-10,48.998,49.7,48.53,49.7,102530.0,38551280.0,3.7,3.76,3.66,3.76,True,振华重工,False
2019-05-13,49.7,49.817,49.115,49.466,54290.0,20304460.0,3.76,3.77,3.71,3.74,True,振华重工,False
2019-05-14,49.115,49.466,48.413,48.647,112717.0,41367139.0,3.71,3.74,3.65,3.67,True,振华重工,False
2019-05-15,48.881,49.349,48.296,49.115,95873.0,35568883.0,3.69,3.73,3.64,3.71,True,振华重工,False
2019-05-16,49.115,49.583,48.881,49.466,82441.0,30832934.0,3.71,3.75,3.69,3.74,True,振华重工,False
2019-05-17,49.7,49.7,47.828,47.945,101762.0,36736082.0,3.76,3.76,3.6,3.61,True,振华重工,False
2019-05-20,48.062,48.881,47.126,48.764,91483.0,33665744.0,3.62,3.69,3.54,3.68,True,振华重工,False
2019-05-21,48.764,49.583,48.413,49.115,77728.0,28837088.0,3.68,3.75,3.65,3.71,True,振华重工,False
2019-05-22,49.115,49.817,48.881,49.232,52976.0,19707072.0,3.71,3.77,3.69,3.72,True,振华重工,False
2019-05-23,49.232,49.349,48.296,48.53,45360.0,16601760.0,3.72,3.73,3.64,3.66,True,振华重工,False
2019-05-24,48.413,48.881,48.179,48.296,33796.0,12301744.0,3.65,3.69,3.63,3.64,True,振华重工,False
2019-05-27,48.296,49.232,48.296,49.115,45363.0,16829673.0,3.64,3.72,3.64,3.71,True,振华重工,False
2019-05-28,49.232,49.466,48.881,48.998,53637.0,19845690.0,3.72,3.74,3.69,3.7,True,振华重工,False
2019-05-29,49.232,49.232,48.881,48.998,37591.0,13908670.0,3.72,3.72,3.69,3.7,True,振华重工,False
2019-05-30,48.998,48.998,48.062,48.53,57967.0,21215922.0,3.7,3.7,3.62,3.66,True,振华重工,False
2019-05-31,48.413,48.881,48.296,48.53,36715.0,13437690.0,3.65,3.69,3.64,3.66,True,振华重工,False
2019-06-03,48.062,48.764,47.945,48.062,53058.0,19206996.0,3.62,3.68,3.61,3.62,True,振华重工,False
2019-06-04,48.062,48.062,47.243,47.243,49142.0,17445410.0,3.62,3.62,3.55,3.55,True,振华重工,False
2019-06-05,47.711,47.828,47.243,47.36,32288.0,11494528.0,3.59,3.6,3.55,3.56,True,振华重工,False
2019-06-06,47.36,47.477,45.605,46.073,63650.0,21959250.0,3.56,3.57,3.41,3.45,True,振华重工,False
2019-06-10,46.073,46.658,46.073,46.424,34402.0,11971896.0,3.45,3.5,3.45,3.48,True,振华重工,False
2019-06-11,46.658,49.934,46.307,48.998,125507.0,46437590.0,3.5,3.78,3.47,3.7,True,振华重工,False
2019-06-12,48.881,49.349,48.53,49.115,72087.0,26744277.0,3.69,3.73,3.66,3.71,True,振华重工,False
2019-06-13,49.115,49.349,48.647,49.115,66143.0,24539053.0,3.71,3.73,3.67,3.71,True,振华重工,False
2019-06-14,49.349,51.455,49.115,49.583,186646.0,69992250.0,3.73,3.91,3.71,3.75,True,振华重工,False
2019-06-17,49.583,50.285,48.998,49.232,72390.0,26929080.0,3.75,3.81,3.7,3.72,True,振华重工,False
2019-06-18,49.232,49.7,48.881,49.232,50874.0,18925128.0,3.72,3.76,3.69,3.72,True,振华重工,False
2019-06-19,49.817,50.402,49.466,49.7,77544.0,29156544.0,3.77,3.82,3.74,3.76,True,振华重工,False
2019-06-20,49.7,50.519,49.466,50.168,88931.0,33793780.0,3.76,3.83,3.74,3.8,True,振华重工,False
2019-06-21,50.402,50.753,50.168,50.519,89845.0,34410635.0,3.82,3.85,3.8,3.83,True,振华重工,False
2019-06-24,50.519,50.636,49.817,50.402,73018.0,27892876.0,3.83,3.84,3.77,3.82,True,振华重工,False
2019-06-25,50.402,50.519,49.232,49.817,65627.0,24741379.0,3.82,3.83,3.72,3.77,True,振华重工,False
2019-06-26,49.7,51.104,49.466,50.519,86234.0,33027622.0,3.76,3.88,3.74,3.83,True,振华重工,False
2019-06-27,50.519,50.753,49.817,50.168,66290.0,25190200.0,3.83,3.85,3.77,3.8,True,振华重工,False
2019-06-28,50.402,50.519,49.466,49.7,48860.0,18371360.0,3.82,3.83,3.74,3.76,True,振华重工,False
2019-07-01,50.519,50.753,50.168,50.519,88862.0,34034146.0,3.83,3.85,3.8,3.83,True,振华重工,False
2019-07-02,50.987,52.157,50.87,51.221,143358.0,55766262.0,3.87,3.97,3.86,3.89,True,振华重工,False
2019-07-03,50.987,51.923,50.402,51.572,128333.0,50306536.0,3.87,3.95,3.82,3.92,True,振华重工,False
2019-07-04,51.338,52.274,50.987,51.806,128022.0,50440668.0,3.9,3.98,3.87,3.94,True,振华重工,False
2019-07-05,52.04,52.04,51.455,51.572,49032.0,19220544.0,3.96,3.96,3.91,3.92,True,振华重工,False
2019-07-08,51.923,51.923,49.466,50.051,100920.0,38248680.0,3.95,3.95,3.74,3.79,True,振华重工,False
2019-07-09,50.285,50.402,49.466,50.051,44240.0,16766960.0,3.81,3.82,3.74,3.79,True,振华重工,False
2019-07-10,49.934,50.168,48.998,49.115,50139.0,18601569.0,3.78,3.8,3.7,3.71,True,振华重工,False
2019-07-11,49.466,49.7,48.881,48.998,37071.0,13716270.0,3.74,3.76,3.69,3.7,True,振华重工,False
2019-07-12,49.115,49.466,48.881,49.466,30711.0,11485914.0,3.71,3.74,3.69,3.74,True,振华重工,False
2019-07-15,49.466,50.402,48.998,50.402,54716.0,20901512.0,3.74,3.82,3.7,3.82,True,振华重工,False
2019-07-16,50.519,50.519,49.934,50.168,43204.0,16201500.0,3.78,3.78,3.73,3.75,True,振华重工,False
2019-07-17,50.519,51.104,50.168,50.402,59593.0,22466561.0,3.78,3.83,3.75,3.77,True,振华重工,False
2019-07-18,50.168,50.285,49.7,49.817,50189.0,18670308.0,3.75,3.76,3.71,3.72,True,振华重工,False
2019-07-19,50.168,50.636,50.051,50.519,53966.0,20399148.0,3.75,3.79,3.74,3.78,True,振华重工,False
2019-07-22,50.753,51.221,49.466,49.466,68709.0,25353621.0,3.8,3.84,3.69,3.69,True,振华重工,False
2019-07-23,49.466,49.817,49.115,49.466,45010.0,16608690.0,3.69,3.72,3.66,3.69,True,振华重工,False
2019-07-24,49.583,49.934,49.349,49.583,45433.0,16810210.0,3.7,3.73,3.68,3.7,True,振华重工,False
2019-07-25,49.466,49.817,49.349,49.349,37030.0,13627040.0,3.69,3.72,3.68,3.68,True,振华重工,False
2019-07-26,49.232,49.817,49.232,49.817,38438.0,14298936.0,3.67,3.72,3.67,3.72,True,振华重工,False
2019-07-29,50.051,50.051,48.764,49.349,96619.0,35555792.0,3.74,3.74,3.63,3.68,True,振华重工,False
2019-07-30,49.115,49.583,48.998,49.232,48792.0,17906664.0,3.66,3.7,3.65,3.67,True,振华重工,False
2019-07-31,49.232,49.7,49.115,49.349,47204.0,17371072.0,3.67,3.71,3.66,3.68,True,振华重工,False
2019-08-01,49.583,50.402,49.349,49.7,84664.0,31410344.0,3.7,3.77,3.68,3.71,True,振华重工,False
2019-08-02,49.115,49.115,48.413,48.647,64823.0,23465926.0,3.66,3.66,3.6,3.62,True,振华重工,False
2019-08-05,48.296,48.413,47.594,47.828,61760.0,21924800.0,3.59,3.6,3.53,3.55,True,振华重工,False
2019-08-06,47.126,47.126,45.488,46.424,105668.0,36244124.0,3.49,3.49,3.35,3.43,True,振华重工,False
2019-08-07,46.658,46.892,45.839,46.19,38791.0,13227731.0,3.45,3.47,3.38,3.41,True,振华重工,False
2019-08-08,46.424,46.775,46.307,46.424,34069.0,11685667.0,3.43,3.46,3.42,3.43,True,振华重工,False
2019-08-09,46.658,46.775,45.956,46.19,35109.0,11972169.0,3.45,3.46,3.39,3.41,True,振华重工,False
2019-08-12,45.488,45.956,45.02,45.839,61135.0,20663630.0,3.35,3.39,3.31,3.38,True,振华重工,False
2019-08-13,45.488,45.722,45.137,45.371,41218.0,13766812.0,3.35,3.37,3.32,3.34,True,振华重工,False
2019-08-14,45.956,46.775,45.956,46.19,74842.0,25521122.0,3.39,3.46,3.39,3.41,True,振华重工,False
2019-08-15,45.254,46.19,45.254,46.19,33306.0,11357346.0,3.33,3.41,3.33,3.41,True,振华重工,False
2019-08-16,46.073,46.658,45.839,46.073,38224.0,12996160.0,3.4,3.45,3.38,3.4,True,振华重工,False
2019-08-19,46.307,46.892,46.307,46.892,50765.0,17615455.0,3.42,3.47,3.42,3.47,True,振华重工,False
2019-08-20,46.892,47.243,46.775,47.009,34917.0,12151116.0,3.47,3.5,3.46,3.48,True,振华重工,False
2019-08-21,47.009,47.243,46.775,47.009,34620.0,12047760.0,3.48,3.5,3.46,3.48,True,振华重工,False
2019-08-22,47.126,47.126,46.541,46.775,33781.0,11688226.0,3.49,3.49,3.44,3.46,True,振华重工,False
2019-08-23,46.775,46.892,46.424,46.424,35808.0,12282144.0,3.46,3.47,3.43,3.43,True,振华重工,False
2019-08-26,46.073,46.073,45.488,45.722,56471.0,19030727.0,3.4,3.4,3.35,3.37,True,振华重工,False
2019-08-27,45.839,46.658,45.839,46.424,44057.0,15111551.0,3.38,3.45,3.38,3.43,True,振华重工,False
2019-08-28,46.424,46.775,46.19,46.424,33952.0,11645536.0,3.43,3.46,3.41,3.43,True,振华重工,False
2019-08-29,46.541,46.541,45.956,46.19,32121.0,10953261.0,3.44,3.44,3.39,3.41,True,振华重工,False
2019-08-30,46.424,46.541,45.722,45.839,32458.0,10970804.0,3.43,3.44,3.37,3.38,True,振华重工,False
2019-09-02,45.956,46.658,45.956,46.658,55569.0,19171305.0,3.39,3.45,3.39,3.45,True,振华重工,False
2019-09-03,46.658,47.126,46.424,46.892,64522.0,22389134.0,3.45,3.49,3.43,3.47,True,振华重工,False
2019-09-04,46.775,47.243,46.541,47.126,68128.0,23776672.0,3.46,3.5,3.44,3.49,True,振华重工,False
2019-09-05,47.243,47.828,47.243,47.36,87789.0,30813939.0,3.5,3.55,3.5,3.51,True,振华重工,False
2019-09-06,47.594,47.828,47.243,47.711,56404.0,19967016.0,3.53,3.55,3.5,3.54,True,振华重工,False
2019-09-09,47.828,48.413,47.828,48.062,75887.0,27091659.0,3.55,3.6,3.55,3.57,True,振华重工,False
2019-09-10,48.062,48.413,47.945,48.062,70956.0,25331292.0,3.57,3.6,3.56,3.57,True,振华重工,False
2019-09-11,48.179,48.413,48.062,48.062,65877.0,23518089.0,3.58,3.6,3.57,3.57,True,振华重工,False
2019-09-12,48.062,48.413,47.828,48.179,69507.0,24883506.0,3.57,3.6,3.55,3.58,True,振华重工,False
2019-09-16,48.413,48.764,48.179,48.53,80304.0,28989744.0,3.6,3.63,3.58,3.61,True,振华重工,False
2019-09-17,48.53,48.647,47.243,47.594,73452.0,25928556.0,3.61,3.62,3.5,3.53,True,振华重工,False
2019-09-18,47.711,47.711,47.36,47.594,41031.0,14483943.0,3.54,3.54,3.51,3.53,True,振华重工,False
2019-09-19,47.477,47.711,47.243,47.477,43873.0,15443296.0,3.52,3.54,3.5,3.52,True,振华重工,False
2019-09-20,47.594,48.062,47.477,47.945,42169.0,15012164.0,3.53,3.57,3.52,3.56,True,振华重工,False
2019-09-23,47.828,47.945,47.009,47.36,42964.0,15080364.0,3.55,3.56,3.48,3.51,True,振华重工,False
2019-09-24,47.477,47.594,47.126,47.126,33448.0,11673352.0,3.52,3.53,3.49,3.49,True,振华重工,False
2019-09-25,47.126,47.243,46.541,46.775,33769.0,11684074.0,3.49,3.5,3.44,3.46,True,振华重工,False
2019-09-26,47.945,47.945,46.541,46.775,68998.0,23873308.0,3.56,3.56,3.44,3.46,True,振华重工,False
2019-09-27,46.892,47.36,46.424,46.658,63060.0,21755700.0,3.47,3.51,3.43,3.45,True,振华重工,False
2019-09-30,46.541,46.541,45.722,45.839,50331.0,17011878.0,3.44,3.44,3.37,3.38,True,振华重工,False
2019-10-08,45.839,46.19,45.722,45.956,33797.0,11457183.0,3.38,3.41,3.37,3.39,True,振华重工,False
2019-10-09,45.839,46.073,45.488,46.073,22809.0,7755060.0,3.38,3.4,3.35,3.4,True,振华重工,False
2019-10-10,46.073,46.541,45.956,46.307,35151.0,12021642.0,3.4,3.44,3.39,3.42,True,振华重工,False
2019-10-11,46.541,46.658,46.19,46.658,26587.0,9172515.0,3.44,3.45,3.41,3.45,True,振华重工,False
2019-10-14,46.892,47.126,46.775,46.892,42514.0,14752358.0,3.47,3.49,3.46,3.47,True,振华重工,False
2019-10-15,47.009,47.009,46.541,46.658,26281.0,9066945.0,3.48,3.48,3.44,3.45,True,振华重工,False
2019-10-16,46.775,49.466,46.541,48.062,136616.0,48771912.0,3.46,3.69,3.44,3.57,True,振华重工,False
2019-10-17,47.711,48.062,47.126,47.36,86632.0,30407832.0,3.54,3.57,3.49,3.51,True,振华重工,False
2019-10-18,47.126,47.594,46.307,46.424,70234.0,24090262.0,3.49,3.53,3.42,3.43,True,振华重工,False
2019-10-21,46.541,46.658,45.722,46.073,56836.0,19324240.0,3.44,3.45,3.37,3.4,True,振华重工,False
2019-10-22,46.073,46.424,45.956,46.307,44320.0,15157440.0,3.4,3.43,3.39,3.42,True,振华重工,False
2019-10-23,46.19,46.307,45.722,45.839,42971.0,14524198.0,3.41,3.42,3.37,3.38,True,振华重工,False
2019-10-24,45.956,46.073,45.605,45.839,39411.0,13320918.0,3.39,3.4,3.36,3.38,True,振华重工,False
2019-10-25,45.839,45.956,45.488,45.839,55593.0,18790434.0,3.38,3.39,3.35,3.38,True,振华重工,False
2019-10-28,45.488,46.541,45.488,46.424,70372.0,24137596.0,3.35,3.44,3.35,3.43,True,振华重工,False
2019-10-29,46.424,46.424,45.956,46.073,39484.0,13424560.0,3.43,3.43,3.39,3.4,True,振华重工,False
2019-10-30,45.839,46.073,45.488,45.722,35627.0,12006299.0,3.38,3.4,3.35,3.37,True,振华重工,False
2019-10-31,45.839,45.839,45.371,45.488,31177.0,10444295.0,3.38,3.38,3.34,3.35,True,振华重工,False
2019-11-01,45.254,45.956,45.254,45.839,30526.0,10317788.0,3.33,3.39,3.33,3.38,True,振华重工,False
2019-11-04,45.839,46.19,45.605,46.073,59876.0,20357840.0,3.38,3.41,3.36,3.4,True,振华重工,False
2019-11-05,45.956,46.19,45.722,46.19,35468.0,12094588.0,3.39,3.41,3.37,3.41,True,振华重工,False
2019-11-06,46.073,46.424,45.839,46.19,38169.0,13015629.0,3.4,3.43,3.38,3.41,True,振华重工,False
2019-11-07,46.073,46.424,45.956,45.956,33710.0,11427690.0,3.4,3.43,3.39,3.39,True,振华重工,False
2019-11-08,46.19,46.424,45.956,46.19,32588.0,11112508.0,3.41,3.43,3.39,3.41,True,振华重工,False
2019-11-11,46.073,46.073,45.254,45.488,38717.0,12970195.0,3.4,3.4,3.33,3.35,True,振华重工,False
2019-11-12,45.488,45.605,45.254,45.605,24364.0,8186304.0,3.35,3.36,3.33,3.36,True,振华重工,False
2019-11-13,45.605,45.839,45.488,45.722,26254.0,8847598.0,3.36,3.38,3.35,3.37,True,振华重工,False
2019-11-14,45.722,45.839,45.605,45.722,30189.0,10173693.0,3.37,3.38,3.36,3.37,True,振华重工,False
2019-11-15,45.722,45.722,45.371,45.488,18568.0,6220280.0,3.37,3.37,3.34,3.35,True,振华重工,False
2019-11-18,45.722,45.956,45.488,45.839,33341.0,11269258.0,3.37,3.39,3.35,3.38,True,振华重工,False
2019-11-19,45.605,46.073,45.605,46.073,30356.0,10321040.0,3.36,3.4,3.36,3.4,True,振华重工,False
2019-11-20,46.073,46.073,45.605,45.839,37037.0,12518506.0,3.4,3.4,3.36,3.38,True,振华重工,False
2019-11-21,45.605,46.073,45.605,45.956,30197.0,10236783.0,3.36,3.4,3.36,3.39,True,振华重工,False
2019-11-22,46.073,46.19,45.605,45.839,43045.0,14549210.0,3.4,3.41,3.36,3.38,True,振华重工,False
2019-11-25,45.839,46.541,45.605,46.541,91264.0,31394816.0,3.38,3.44,3.36,3.44,True,振华重工,False
2019-11-26,46.424,46.541,46.19,46.424,56448.0,19361664.0,3.43,3.44,3.41,3.43,True,振华重工,False
2019-11-27,46.307,46.775,46.19,46.658,48886.0,16865670.0,3.42,3.46,3.41,3.45,True,振华重工,False
2019-11-28,46.658,47.126,46.658,46.775,51494.0,17816924.0,3.45,3.49,3.45,3.46,True,振华重工,False
2019-11-29,46.892,47.126,46.658,46.892,47011.0,16312817.0,3.47,3.49,3.45,3.47,True,振华重工,False
2019-12-02,46.892,47.126,46.424,46.658,52019.0,17946555.0,3.47,3.49,3.43,3.45,True,振华重工,False
2019-12-03,46.541,47.009,46.307,47.009,32200.0,11205600.0,3.44,3.48,3.42,3.48,True,振华重工,False
2019-12-04,47.009,47.009,46.424,46.892,32927.0,11425669.0,3.48,3.48,3.43,3.47,True,振华重工,False
2019-12-05,47.009,47.126,46.775,47.009,38193.0,13291164.0,3.48,3.49,3.46,3.48,True,振华重工,False
2019-12-06,47.009,47.243,46.892,47.243,31155.0,10904250.0,3.48,3.5,3.47,3.5,True,振华重工,False
2019-12-09,47.009,47.477,47.009,47.36,43205.0,15164955.0,3.48,3.52,3.48,3.51,True,振华重工,False
2019-12-10,47.243,47.594,47.126,47.36,36944.0,12967344.0,3.5,3.53,3.49,3.51,True,振华重工,False
2019-12-11,47.477,47.828,47.36,47.828,53663.0,19050365.0,3.52,3.55,3.51,3.55,True,振华重工,False
2019-12-12,47.711,48.062,47.477,47.828,52521.0,18644955.0,3.54,3.57,3.52,3.55,True,振华重工,False
2019-12-13,47.828,48.296,47.828,48.179,56666.0,20286428.0,3.55,3.59,3.55,3.58,True,振华重工,False
2019-12-16,48.296,48.998,48.179,48.881,101450.0,36927800.0,3.59,3.65,3.58,3.64,True,振华重工,False
2019-12-17,48.647,49.115,48.53,48.881,110383.0,40179412.0,3.62,3.66,3.61,3.64,True,振华重工,False
2019-12-18,48.764,49.115,48.413,48.413,86816.0,31253760.0,3.63,3.66,3.6,3.6,True,振华重工,False
2019-12-19,48.296,48.647,48.179,48.413,61305.0,22069800.0,3.59,3.62,3.58,3.6,True,振华重工,False
2019-12-20,48.53,48.53,47.711,47.828,70246.0,24937330.0,3.61,3.61,3.54,3.55,True,振华重工,False
2019-12-23,47.711,48.179,47.243,47.477,85651.0,30149152.0,3.54,3.58,3.5,3.52,True,振华重工,False
2019-12-24,47.594,48.062,47.477,47.828,50421.0,17899455.0,3.53,3.57,3.52,3.55,True,振华重工,False
2019-12-25,47.828,48.413,47.711,48.296,61959.0,22243281.0,3.55,3.6,3.54,3.59,True,振华重工,False
2019-12-26,48.764,48.764,48.413,48.647,46181.0,16717522.0,3.63,3.63,3.6,3.62,True,振华重工,False
2019-12-27,48.647,48.881,48.413,48.53,55993.0,20213473.0,3.62,3.64,3.6,3.61,True,振华重工,False
2019-12-30,48.413,49.115,48.179,48.764,71962.0,26122206.0,3.6,3.66,3.58,3.63,True,振华重工,False
2019-12-31,48.881,48.998,48.53,48.764,41577.0,15092451.0,3.64,3.65,3.61,3.63,True,振华重工,False
2020-01-02,49.115,49.934,48.881,49.466,83327.0,30747663.0,3.66,3.73,3.64,3.69,True,振华重工,False
2020-01-03,49.466,49.817,49.349,49.349,60341.0,22205488.0,3.69,3.72,3.68,3.68,True,振华重工,False
2020-01-06,49.349,49.934,49.232,49.466,80833.0,29827377.0,3.68,3.73,3.67,3.69,True,振华重工,False
2020-01-07,49.466,49.817,49.466,49.7,49744.0,18455024.0,3.69,3.72,3.69,3.71,True,振华重工,False
2020-01-08,49.466,49.583,48.764,48.881,80402.0,29266328.0,3.69,3.7,3.63,3.64,True,振华重工,False
2020-01-09,49.115,50.051,48.881,49.817,106209.0,39509748.0,3.66,3.74,3.64,3.72,True,振华重工,False
2020-01-10,49.934,50.051,49.466,49.817,76042.0,28287624.0,3.73,3.74,3.69,3.72,True,振华重工,False
2020-01-13,49.817,50.168,49.7,50.168,74585.0,27969375.0,3.72,3.75,3.71,3.75,True,振华重工,False
2020-01-14,50.168,50.285,49.817,49.934,50688.0,18906624.0,3.75,3.76,3.72,3.73,True,振华重工,False
2020-01-15,49.817,49.817,49.232,49.466,46156.0,17031564.0,3.72,3.72,3.67,3.69,True,振华重工,False
2020-01-16,49.466,49.583,48.764,48.881,61854.0,22514856.0,3.69,3.7,3.63,3.64,True,振华重工,False
2020-01-17,49.115,49.115,48.647,48.647,53655.0,19423110.0,3.66,3.66,3.62,3.62,True,振华重工,False
2020-01-20,48.647,49.115,48.53,48.881,42206.0,15362984.0,3.62,3.66,3.61,3.64,True,振华重工,False
2020-01-21,48.764,49.232,48.413,48.764,64464.0,23400432.0,3.63,3.67,3.6,3.63,True,振华重工,False
2020-01-22,48.53,48.764,48.179,48.764,49352.0,17914776.0,3.61,3.63,3.58,3.63,True,振华重工,False
2020-01-23,48.764,48.764,47.126,47.711,80667.0,28556118.0,3.63,3.63,3.49,3.54,True,振华重工,False
2020-02-03,43.616,44.669,43.616,43.616,159711.0,50947809.0,3.19,3.28,3.19,3.19,True,振华重工,False
2020-02-04,42.797,44.318,42.797,43.85,152644.0,48998724.0,3.12,3.25,3.12,3.21,True,振华重工,False
2020-02-05,43.85,44.903,43.733,44.201,130514.0,42286536.0,3.21,3.3,3.2,3.24,True,振华重工,False
2020-02-06,44.318,44.669,43.85,44.435,110114.0,35897164.0,3.25,3.28,3.21,3.26,True,振华重工,False
2020-02-07,44.201,44.435,43.85,44.435,108787.0,35464562.0,3.24,3.26,3.21,3.26,True,振华重工,False
2020-02-10,44.318,45.488,44.084,45.488,125842.0,42157070.0,3.25,3.35,3.23,3.35,True,振华重工,False
2020-02-11,45.371,45.956,45.254,45.488,90341.0,30264235.0,3.34,3.39,3.33,3.35,True,振华重工,False
2020-02-12,45.605,45.722,45.254,45.605,65993.0,22173648.0,3.36,3.37,3.33,3.36,True,振华重工,False
2020-02-13,45.956,45.956,45.137,45.254,64060.0,21331980.0,3.39,3.39,3.32,3.33,True,振华重工,False
2020-02-14,45.137,45.371,44.903,45.02,49434.0,16362654.0,3.32,3.34,3.3,3.31,True,振华重工,False
2020-02-17,45.137,45.839,45.02,45.839,103498.0,34982324.0,3.32,3.38,3.31,3.38,True,振华重工,False
2020-02-18,45.956,46.658,45.839,46.307,106144.0,36301248.0,3.39,3.45,3.38,3.42,True,振华重工,False
2020-02-19,46.19,46.541,45.956,46.073,80825.0,27480500.0,3.41,3.44,3.39,3.4,True,振华重工,False
2020-02-20,46.073,46.658,45.839,46.541,93783.0,32261352.0,3.4,3.45,3.38,3.44,True,振华重工,False
2020-02-21,46.541,46.775,46.307,46.541,107916.0,37123104.0,3.44,3.46,3.42,3.44,True,振华重工,False
2020-02-24,46.424,46.424,45.839,46.073,131947.0,44861980.0,3.43,3.43,3.38,3.4,True,振华重工,False
2020-02-25,45.371,45.605,44.786,45.254,146254.0,48702582.0,3.34,3.36,3.29,3.33,True,振华重工,False
2020-02-26,44.903,46.541,44.786,46.073,182903.0,62187020.0,3.3,3.44,3.29,3.4,True,振华重工,False
2020-02-27,46.073,46.307,45.839,46.073,97595.0,33182300.0,3.4,3.42,3.38,3.4,True,振华重工,False
2020-02-28,45.605,45.839,44.903,45.02,128008.0,42370648.0,3.36,3.38,3.3,3.31,True,振华重工,False
2020-03-02,44.786,46.775,44.669,46.541,150042.0,51614448.0,3.29,3.46,3.28,3.44,True,振华重工,False
2020-03-03,47.009,47.243,46.073,46.307,144623.0,49461066.0,3.48,3.5,3.4,3.42,True,振华重工,False
2020-03-04,46.19,46.658,45.956,46.424,117173.0,40190339.0,3.41,3.45,3.39,3.43,True,振华重工,False
2020-03-05,46.658,48.647,46.541,48.413,337955.0,121663800.0,3.45,3.62,3.44,3.6,True,振华重工,False
2020-03-06,47.828,48.296,47.594,47.711,150262.0,53192748.0,3.55,3.59,3.53,3.54,True,振华重工,False
2020-03-09,47.594,47.594,46.307,46.424,162722.0,55813646.0,3.53,3.53,3.42,3.43,True,振华重工,False
2020-03-10,45.956,46.658,45.137,46.541,172185.0,59231640.0,3.39,3.45,3.32,3.44,True,振华重工,False
2020-03-11,46.541,47.36,46.19,46.307,133450.0,45639900.0,3.44,3.51,3.41,3.42,True,振华重工,False
2020-03-12,45.956,46.19,45.488,45.722,82309.0,27738133.0,3.39,3.41,3.35,3.37,True,振华重工,False
2020-03-13,44.669,45.371,44.318,45.137,105953.0,35176396.0,3.28,3.34,3.25,3.32,True,振华重工,False
2020-03-16,45.488,45.722,44.084,44.201,103958.0,33682392.0,3.35,3.37,3.23,3.24,True,振华重工,False
2020-03-17,44.318,44.669,43.499,44.318,91345.0,29687125.0,3.25,3.28,3.18,3.25,True,振华重工,False
2020-03-18,44.435,44.786,43.733,43.85,71460.0,22938660.0,3.26,3.29,3.2,3.21,True,振华重工,False
2020-03-19,43.616,44.084,43.265,43.85,65357.0,20979597.0,3.19,3.23,3.16,3.21,True,振华重工,False
2020-03-20,44.084,44.318,43.733,44.201,45322.0,14684328.000000002,3.23,3.25,3.2,3.24,True,振华重工,False
2020-03-23,43.733,43.967,43.382,43.499,49655.0,15790290.0,3.2,3.22,3.17,3.18,True,振华重工,False
2020-03-24,43.499,44.201,43.499,44.084,54709.0,17671007.0,3.18,3.24,3.18,3.23,True,振华重工,False
2020-03-25,44.552,45.137,44.435,44.669,81567.0,26753976.0,3.27,3.32,3.26,3.28,True,振华重工,False
2020-03-26,44.669,44.786,44.318,44.435,59740.0,19475240.0,3.28,3.29,3.25,3.26,True,振华重工,False
2020-03-27,44.552,45.02,44.435,44.552,46828.0,15312756.0,3.27,3.31,3.26,3.27,True,振华重工,False
2020-03-30,44.318,44.435,43.733,44.084,50883.0,16435209.0,3.25,3.26,3.2,3.23,True,振华重工,False
2020-03-31,44.435,44.435,43.967,44.084,43295.0,13984285.0,3.26,3.26,3.22,3.23,True,振华重工,False
2020-04-01,44.084,44.786,43.967,44.435,76811.0,25040386.0,3.23,3.29,3.22,3.26,True,振华重工,False
2020-04-02,44.318,44.786,44.201,44.786,47466.0,15616314.0,3.25,3.29,3.24,3.29,True,振华重工,False
2020-04-03,44.669,44.903,44.552,44.669,45846.0,15037488.0,3.28,3.3,3.27,3.28,True,振华重工,False
2020-04-07,45.02,45.488,44.903,45.137,73684.0,24463088.0,3.31,3.35,3.3,3.32,True,振华重工,False
2020-04-08,45.02,45.371,44.903,45.137,43389.0,14405148.0,3.31,3.34,3.3,3.32,True,振华重工,False
2020-04-09,45.371,45.371,44.786,44.786,48269.0,15880501.0,3.34,3.34,3.29,3.29,True,振华重工,False
2020-04-10,44.903,44.903,44.201,44.318,56649.0,18410925.0,3.3,3.3,3.24,3.25,True,振华重工,False
2020-04-13,44.201,45.137,44.084,44.786,74743.0,24590447.0,3.24,3.32,3.23,3.29,True,振华重工,False
2020-04-14,44.903,45.02,44.318,44.552,56392.0,18440184.0,3.3,3.31,3.25,3.27,True,振华重工,False
2020-04-15,44.552,44.669,44.318,44.318,44732.0,14537900.0,3.27,3.28,3.25,3.25,True,振华重工,False
2020-04-16,44.318,44.435,43.85,44.084,72162.0,23308326.0,3.25,3.26,3.21,3.23,True,振华重工,False
2020-04-17,44.201,44.552,44.084,44.318,47723.0,15509975.0,3.24,3.27,3.23,3.25,True,振华重工,False
2020-04-20,44.435,44.669,43.967,44.435,64850.0,21141100.0,3.26,3.28,3.22,3.26,True,振华重工,False
2020-04-21,44.318,44.318,43.85,43.967,44069.0,14190218.0,3.25,3.25,3.21,3.22,True,振华重工,False
2020-04-22,43.85,44.318,43.733,44.084,62796.0,20283108.0,3.21,3.25,3.2,3.23,True,振华重工,False
2020-04-23,44.201,44.552,43.85,44.084,88204.0,28489892.0,3.24,3.27,3.21,3.23,True,振华重工,False
2020-04-24,43.967,44.903,43.733,44.669,119938.0,39339664.0,3.22,3.3,3.2,3.28,True,振华重工,False
2020-04-27,44.318,45.839,44.201,45.137,200127.0,66442164.0,3.25,3.38,3.24,3.32,True,振华重工,False
2020-04-28,44.669,45.02,43.733,44.201,113581.0,36800244.0,3.28,3.31,3.2,3.24,True,振华重工,False
2020-04-29,43.733,43.85,42.797,42.914,226657.0,70943641.0,3.2,3.21,3.12,3.13,True,振华重工,False
2020-04-30,43.031,43.382,42.914,43.265,79880.0,25242080.0,3.14,3.17,3.13,3.16,True,振华重工,False
2020-05-06,43.148,43.265,42.914,43.148,74094.0,23339610.0,3.15,3.16,3.13,3.15,True,振华重工,False
2020-05-07,43.265,43.382,43.031,43.148,54711.0,17233965.0,3.16,3.17,3.14,3.15,True,振华重工,False
2020-05-08,43.148,43.382,43.148,43.265,50185.0,15858460.0,3.15,3.17,3.15,3.16,True,振华重工,False
2020-05-11,43.148,43.499,43.148,43.499,56689.0,18027102.0,3.15,3.18,3.15,3.18,True,振华重工,False
2020-05-12,43.499,43.499,43.031,43.148,46921.0,14780115.0,3.18,3.18,3.14,3.15,True,振华重工,False
2020-05-13,43.265,43.265,42.914,43.031,44774.0,14059036.0,3.16,3.16,3.13,3.14,True,振华重工,False
2020-05-14,42.914,43.148,42.914,42.914,35345.0,11062985.0,3.13,3.15,3.13,3.13,True,振华重工,False
2020-05-15,42.914,43.148,42.914,42.914,24545.0,7682585.0,3.13,3.15,3.13,3.13,True,振华重工,False
2020-05-18,42.914,43.265,42.914,43.148,49240.0,15510600.0,3.13,3.16,3.13,3.15,True,振华重工,False
2020-05-19,43.265,43.382,43.031,43.031,30260.0,9501640.0,3.16,3.17,3.14,3.14,True,振华重工,False
2020-05-20,43.031,43.265,42.797,42.914,40200.0,12582600.0,3.14,3.16,3.12,3.13,True,振华重工,False
2020-05-21,42.914,43.148,42.563,42.563,38972.0,12081320.0,3.13,3.15,3.1,3.1,True,振华重工,False
2020-05-22,42.446,42.563,41.861,41.861,55321.0,16817584.0,3.09,3.1,3.04,3.04,True,振华重工,False
2020-05-25,41.978,42.095,41.627,41.744,32399.0,9816897.0,3.05,3.06,3.02,3.03,True,振华重工,False
2020-05-26,41.861,41.978,41.51,41.744,34802.0,10545006.0,3.04,3.05,3.01,3.03,True,振华重工,False
2020-05-27,41.861,41.861,41.51,41.51,39139.0,11780839.0,3.04,3.04,3.01,3.01,True,振华重工,False
2020-05-28,41.51,41.861,41.393,41.627,35104.0,10601408.0,3.01,3.04,3.0,3.02,True,振华重工,False
2020-05-29,41.51,41.744,41.393,41.627,28713.0,8671326.0,3.01,3.03,3.0,3.02,True,振华重工,False
2020-06-01,41.744,42.095,41.627,41.861,65474.0,19904096.0,3.03,3.06,3.02,3.04,True,振华重工,False
2020-06-02,42.095,42.212,41.978,42.212,42930.0,13179510.0,3.06,3.07,3.05,3.07,True,振华重工,False
2020-06-03,42.212,42.329,41.978,42.095,46939.0,14363334.0,3.07,3.08,3.05,3.06,True,振华重工,False
2020-06-04,42.095,42.329,42.095,42.095,40657.0,12441042.0,3.06,3.08,3.06,3.06,True,振华重工,False
2020-06-05,42.095,42.212,41.861,41.978,41069.0,12526045.0,3.06,3.07,3.04,3.05,True,振华重工,False
2020-06-08,42.095,42.212,41.744,41.978,58611.0,17876355.0,3.06,3.07,3.03,3.05,True,振华重工,False
2020-06-09,41.978,41.978,41.627,41.744,46560.0,14107680.0,3.05,3.05,3.02,3.03,True,振华重工,False
2020-06-10,41.861,41.861,41.159,41.393,132292.0,39687600.0,3.04,3.04,2.98,3.0,True,振华重工,False
2020-06-11,41.276,41.393,40.574,40.925,146628.0,43401888.0,2.99,3.0,2.93,2.96,True,振华重工,False
2020-06-12,40.574,40.691,39.755,40.223,268815.0,77956350.0,2.93,2.94,2.86,2.9,True,振华重工,False
2020-06-15,40.106,40.223,39.287,39.521,250433.0,71122972.0,2.89,2.9,2.82,2.84,True,振华重工,False
2020-06-16,39.755,39.755,39.404,39.755,196313.0,56145518.0,2.86,2.86,2.83,2.86,True,振华重工,False
2020-06-17,39.755,40.808,39.521,40.574,272004.0,79697172.0,2.86,2.95,2.84,2.93,True,振华重工,False
2020-06-18,40.457,40.457,40.106,40.34,108936.0,31700376.0,2.92,2.92,2.89,2.91,True,振华重工,False
2020-06-19,40.457,40.457,40.106,40.34,78940.0,22971540.0,2.92,2.92,2.89,2.91,True,振华重工,False
2020-06-22,40.457,40.691,40.223,40.457,83714.0,24444488.0,2.92,2.94,2.9,2.92,True,振华重工,False
2020-06-23,40.574,40.574,39.989,39.989,62328.0,17950464.0,2.93,2.93,2.88,2.88,True,振华重工,False
2020-06-24,39.989,40.106,39.755,39.989,45522.0,13110336.0,2.88,2.89,2.86,2.88,True,振华重工,False
2020-06-29,39.755,40.106,39.638,39.638,54197.0,15446145.0,2.86,2.89,2.85,2.85,True,振华重工,False
2020-06-30,39.755,39.989,39.638,39.872,54525.0,15648675.0,2.86,2.88,2.85,2.87,True,振华重工,False
2020-07-01,39.872,40.223,39.755,40.106,76439.0,22090871.0,2.87,2.9,2.86,2.89,True,振华重工,False
2020-07-02,40.106,40.925,39.989,40.808,148075.0,43682125.0,2.89,2.96,2.88,2.95,True,振华重工,False
2020-07-03,40.925,41.627,40.808,41.393,228163.0,68448900.0,2.96,3.02,2.95,3.0,True,振华重工,False
2020-07-06,41.51,43.148,41.51,43.031,359983.0,113034662.0,3.01,3.15,3.01,3.14,True,振华重工,False
2020-07-07,43.499,44.552,42.797,42.797,262770.0,81984240.0,3.18,3.27,3.12,3.12,True,振华重工,False
2020-07-08,42.68,43.499,42.563,43.499,220559.0,70137762.0,3.11,3.18,3.1,3.18,True,振华重工,False
2020-07-09,43.616,44.084,43.499,43.967,252143.0,81190046.0,3.19,3.23,3.18,3.22,True,振华重工,False
2020-07-10,43.967,43.967,43.031,43.148,172103.0,54212445.0,3.22,3.22,3.14,3.15,True,振华重工,False
2020-07-13,43.148,44.318,43.031,44.084,194708.0,62890684.0,3.15,3.25,3.14,3.23,True,振华重工,False
2020-07-14,44.084,44.669,43.265,43.733,179554.0,57457280.0,3.23,3.28,3.16,3.2,True,振华重工,False
2020-07-15,44.084,44.201,43.265,43.382,140219.0,44449423.0,3.23,3.24,3.16,3.17,True,振华重工,False
2020-07-16,43.382,43.616,42.095,42.212,165256.0,50733592.0,3.17,3.19,3.06,3.07,True,振华重工,False
2020-07-17,42.212,42.563,41.861,42.212,87833.0,26964731.0,3.07,3.1,3.04,3.07,True,振华重工,False
2020-07-20,42.329,43.616,42.329,43.616,159477.0,50873163.0,3.08,3.19,3.08,3.19,True,振华重工,False
2020-07-21,43.616,44.084,43.148,43.499,111495.0,35455410.0,3.19,3.23,3.15,3.18,True,振华重工,False
2020-07-22,43.499,43.85,43.265,43.382,98155.0,31115135.0,3.18,3.21,3.16,3.17,True,振华重工,False
2020-07-23,43.148,43.265,42.212,43.031,124510.0,39096140.0,3.15,3.16,3.07,3.14,True,振华重工,False
2020-07-24,42.797,43.265,41.978,42.329,120877.0,37230116.0,3.12,3.16,3.05,3.08,True,振华重工,False
2020-07-27,42.095,42.563,41.627,41.744,90022.0,27276666.0,3.06,3.1,3.02,3.03,True,振华重工,False
2020-07-28,41.744,42.329,41.744,41.978,57573.0,17559765.0,3.03,3.08,3.03,3.05,True,振华重工,False
2020-07-29,41.861,42.563,41.51,42.563,93642.0,29029020.0,3.04,3.1,3.01,3.1,True,振华重工,False
2020-07-30,42.563,42.914,42.095,42.329,77547.0,23884476.0,3.1,3.13,3.06,3.08,True,振华重工,False
2020-07-31,42.212,42.68,41.978,42.212,72799.0,22349293.0,3.07,3.11,3.05,3.07,True,振华重工,False
2020-08-03,42.329,43.265,42.212,43.148,154952.0,48809880.0,3.08,3.16,3.07,3.15,True,振华重工,False
2020-08-04,43.148,43.265,42.68,42.914,102300.0,32019900.0,3.15,3.16,3.11,3.13,True,振华重工,False
2020-08-05,43.031,43.031,42.446,42.797,77594.0,24209328.0,3.14,3.14,3.09,3.12,True,振华重工,False
2020-08-06,42.797,42.914,42.212,42.68,73403.0,22828333.0,3.12,3.13,3.07,3.11,True,振华重工,False
2020-08-07,42.563,42.563,42.095,42.329,70982.0,21862456.0,3.1,3.1,3.06,3.08,True,振华重工,False
2020-08-10,42.329,43.265,42.095,42.914,135128.0,42295064.0,3.08,3.16,3.06,3.13,True,振华重工,False
2020-08-11,43.031,43.265,42.68,42.797,119808.0,37380096.0,3.14,3.16,3.11,3.12,True,振华重工,False
2020-08-12,42.797,42.797,41.978,42.563,91017.0,28215270.0,3.12,3.12,3.05,3.1,True,振华重工,False
2020-08-13,42.68,43.148,42.563,42.797,90763.0,28318056.0,3.11,3.15,3.1,3.12,True,振华重工,False
2020-08-14,42.914,43.616,42.797,43.616,149061.0,47550459.0,3.13,3.19,3.12,3.19,True,振华重工,False
2020-08-17,43.382,43.967,43.265,43.85,157273.0,50484633.0,3.17,3.22,3.16,3.21,True,振华重工,False
2020-08-18,44.084,44.084,43.382,43.733,110806.0,34903890.0,3.18,3.18,3.12,3.15,True,振华重工,False
2020-08-19,43.499,44.903,43.499,44.318,264885.0,84763200.0,3.13,3.25,3.13,3.2,True,振华重工,False
2020-08-20,44.318,44.318,43.616,43.733,108047.0,34034805.0,3.2,3.2,3.14,3.15,True,振华重工,False
2020-08-21,43.733,43.967,43.382,43.733,93447.0,29435805.0,3.15,3.17,3.12,3.15,True,振华重工,False
2020-08-24,43.85,44.084,43.265,44.084,121647.0,38683746.0,3.16,3.18,3.11,3.18,True,振华重工,False
2020-08-25,43.967,44.084,43.499,43.499,65989.0,20654557.0,3.17,3.18,3.13,3.13,True,振华重工,False
2020-08-26,43.499,43.616,42.797,42.797,92398.0,28366186.0,3.13,3.14,3.07,3.07,True,振华重工,False
2020-08-27,42.797,43.265,42.797,43.031,67116.0,20738844.0,3.07,3.11,3.07,3.09,True,振华重工,False
2020-08-28,42.68,43.499,42.68,43.265,55890.0,17381790.0,3.06,3.13,3.06,3.11,True,振华重工,False
2020-08-31,43.382,43.616,42.914,42.914,87745.0,27025460.0,3.12,3.14,3.08,3.08,True,振华重工,False
2020-09-01,43.031,43.031,42.68,42.914,57735.0,17782380.0,3.09,3.09,3.06,3.08,True,振华重工,False
2020-09-02,42.797,43.148,42.563,43.031,66641.0,20592069.0,3.07,3.1,3.05,3.09,True,振华重工,False
2020-09-03,43.031,43.733,42.797,43.499,123898.0,38780074.0,3.09,3.15,3.07,3.13,True,振华重工,False
2020-09-04,43.148,43.265,42.797,43.148,76603.0,23746930.0,3.1,3.11,3.07,3.1,True,振华重工,False
2020-09-07,42.914,43.265,42.68,42.797,89361.0,27433827.0,3.08,3.11,3.06,3.07,True,振华重工,False
2020-09-08,42.797,43.382,42.563,43.265,96958.0,30153938.0,3.07,3.12,3.05,3.11,True,振华重工,False
2020-09-09,43.031,44.552,42.914,43.733,277796.0,87505740.0,3.09,3.22,3.08,3.15,True,振华重工,False
2020-09-10,43.85,44.084,42.68,42.797,136239.0,41825373.0,3.16,3.18,3.06,3.07,True,振华重工,False
2020-09-11,42.68,42.797,42.212,42.68,101171.0,30958326.0,3.06,3.07,3.02,3.06,True,振华重工,False
2020-09-14,42.563,42.797,42.563,42.797,46957.0,14415799.0,3.05,3.07,3.05,3.07,True,振华重工,False
2020-09-15,42.797,42.797,42.446,42.563,46227.0,14099235.0,3.07,3.07,3.04,3.05,True,振华重工,False
2020-09-16,42.563,42.68,42.446,42.563,38688.0,11799840.0,3.05,3.06,3.04,3.05,True,振华重工,False
2020-09-17,42.563,42.563,41.978,42.446,78686.0,23920544.0,3.05,3.05,3.0,3.04,True,振华重工,False
2020-09-18,42.329,42.797,42.212,42.68,65575.0,20065950.0,3.03,3.07,3.02,3.06,True,振华重工,False
2020-09-21,42.68,42.797,42.446,42.563,42641.0,13005505.0,3.06,3.07,3.04,3.05,True,振华重工,False
2020-09-22,42.329,42.563,41.978,42.095,59295.0,17847795.0,3.03,3.05,3.0,3.01,True,振华重工,False
2020-09-23,42.095,42.329,42.095,42.212,32441.0,9797182.0,3.01,3.03,3.01,3.02,True,振华重工,False
2020-09-24,42.095,42.212,41.393,41.393,76248.0,22493160.0,3.01,3.02,2.95,2.95,True,振华重工,False
2020-09-25,41.51,41.627,41.393,41.393,44211.0,13042245.0,2.96,2.97,2.95,2.95,True,振华重工,False
2020-09-28,41.51,41.627,41.042,41.159,38682.0,11333826.0,2.96,2.97,2.92,2.93,True,振华重工,False
2020-09-29,41.276,41.393,41.042,41.276,33620.0,9884280.0,2.94,2.95,2.92,2.94,True,振华重工,False
2020-09-30,41.276,41.393,41.042,41.042,33001.0,9636292.0,2.94,2.95,2.92,2.92,True,振华重工,False
2020-10-09,41.276,41.627,41.276,41.51,47033.0,13921768.0,2.94,2.97,2.94,2.96,True,振华重工,False
2020-10-12,41.627,42.212,41.51,42.212,76182.0,23006964.0,2.97,3.02,2.96,3.02,True,振华重工,False
2020-10-13,42.212,42.212,41.861,41.978,40756.0,12226800.0,3.02,3.02,2.99,3.0,True,振华重工,False
2020-10-14,41.978,41.978,41.744,41.978,29689.0,8906700.0,3.0,3.0,2.98,3.0,True,振华重工,False
2020-10-15,41.861,41.978,41.744,41.744,29830.0,8889340.0,2.99,3.0,2.98,2.98,True,振华重工,False
2020-10-16,41.861,41.978,41.627,41.744,24693.0,7358514.0,2.99,3.0,2.97,2.98,True,振华重工,False
2020-10-19,41.861,41.978,41.393,41.627,44757.0,13292829.0,2.99,3.0,2.95,2.97,True,振华重工,False
2020-10-20,41.393,41.627,41.276,41.51,32381.0,9584776.0,2.95,2.97,2.94,2.96,True,振华重工,False
2020-10-21,41.393,41.51,41.159,41.276,34184.0,10050096.0,2.95,2.96,2.93,2.94,True,振华重工,False
2020-10-22,41.276,41.51,41.042,41.393,33420.0,9858900.0,2.94,2.96,2.92,2.95,True,振华重工,False
2020-10-23,41.393,41.627,41.159,41.276,47503.0,13965882.0,2.95,2.97,2.93,2.94,True,振华重工,False
2020-10-26,41.159,41.276,40.925,41.042,35384.0,10332128.0,2.93,2.94,2.91,2.92,True,振华重工,False
2020-10-27,41.042,41.159,40.808,40.925,22684.0,6601044.0,2.92,2.93,2.9,2.91,True,振华重工,False
2020-10-28,40.925,41.042,40.808,41.042,26885.0,7850420.0,2.91,2.92,2.9,2.92,True,振华重工,False
2020-10-29,40.808,40.925,40.574,40.808,37460.0,10863400.0,2.9,2.91,2.88,2.9,True,振华重工,False
2020-10-30,40.925,40.925,40.457,40.457,49881.0,14315847.0,2.91,2.91,2.87,2.87,True,振华重工,False
2020-11-02,40.457,40.691,40.223,40.34,58512.0,16734432.0,2.87,2.89,2.85,2.86,True,振华重工,False
2020-11-03,40.34,40.925,40.34,40.925,37467.0,10902897.0,2.86,2.91,2.86,2.91,True,振华重工,False
2020-11-04,40.925,41.042,40.691,40.808,34105.0,9890450.0,2.91,2.92,2.89,2.9,True,振华重工,False
2020-11-05,40.925,41.276,40.808,41.276,48639.0,14299866.0,2.91,2.94,2.9,2.94,True,振华重工,False
2020-11-06,41.159,42.095,41.159,41.744,105257.0,31366586.0,2.93,3.01,2.93,2.98,True,振华重工,False
2020-11-09,41.861,42.68,41.861,42.68,160904.0,49236624.0,2.99,3.06,2.99,3.06,True,振华重工,False
2020-11-10,42.914,43.031,42.212,42.329,89789.0,27206067.0,3.08,3.09,3.02,3.03,True,振华重工,False
2020-11-11,42.329,42.68,42.095,42.563,72319.0,22057295.0,3.03,3.06,3.01,3.05,True,振华重工,False
2020-11-12,42.446,42.563,41.744,42.095,60085.0,18085585.0,3.04,3.05,2.98,3.01,True,振华重工,False
2020-11-13,41.978,41.978,41.744,41.978,41576.0,12472800.0,3.0,3.0,2.98,3.0,True,振华重工,False
2020-11-16,42.212,42.797,41.978,42.797,106618.0,32731726.0,3.02,3.07,3.0,3.07,True,振华重工,False
2020-11-17,42.914,43.499,42.68,43.148,171279.0,53096490.0,3.08,3.13,3.06,3.1,True,振华重工,False
2020-11-18,43.148,43.382,42.797,43.031,82727.0,25562643.0,3.1,3.12,3.07,3.09,True,振华重工,False
2020-11-19,43.031,43.148,42.797,43.031,49903.0,15420027.0,3.09,3.1,3.07,3.09,True,振华重工,False
2020-11-20,43.148,43.499,42.68,43.148,76457.0,23701670.0,3.1,3.13,3.06,3.1,True,振华重工,False
2020-11-23,43.031,43.499,42.914,43.148,112604.0,34907240.0,3.09,3.13,3.08,3.1,True,振华重工,False
2020-11-24,43.265,43.499,43.148,43.382,92429.0,28837848.0,3.11,3.13,3.1,3.12,True,振华重工,False
2020-11-25,43.382,43.967,42.914,42.914,134579.0,41450332.0,3.12,3.17,3.08,3.08,True,振华重工,False
2020-11-26,43.031,43.148,42.563,43.031,69778.0,21561402.0,3.09,3.1,3.05,3.09,True,振华重工,False
2020-11-27,43.031,43.616,42.797,43.031,68905.0,21291645.0,3.09,3.14,3.07,3.09,True,振华重工,False
2020-11-30,43.031,43.499,42.914,43.031,75388.0,23294892.0,3.09,3.13,3.08,3.09,True,振华重工,False
2020-12-01,42.914,43.616,42.797,43.499,117790.0,36868270.0,3.08,3.14,3.07,3.13,True,振华重工,False
2020-12-02,43.265,44.435,43.148,43.967,208155.0,65985135.0,3.11,3.21,3.1,3.17,True,振华重工,False
2020-12-03,43.85,44.786,43.733,43.85,228243.0,72124788.0,3.16,3.24,3.15,3.16,True,振华重工,False
2020-12-04,43.616,43.85,42.797,43.031,130437.0,40305033.0,3.14,3.16,3.07,3.09,True,振华重工,False
2020-12-07,43.265,43.382,42.68,42.797,75337.0,23128459.0,3.11,3.12,3.06,3.07,True,振华重工,False
2020-12-08,43.031,43.148,42.797,42.797,44455.0,13647685.0,3.09,3.1,3.07,3.07,True,振华重工,False
2020-12-09,43.031,43.382,42.797,42.797,63432.0,19473624.0,3.09,3.12,3.07,3.07,True,振华重工,False
2020-12-10,42.797,43.031,42.563,42.797,47926.0,14713282.0,3.07,3.09,3.05,3.07,True,振华重工,False
2020-12-11,42.797,42.914,41.861,41.978,92864.0,27859200.0,3.07,3.08,2.99,3.0,True,振华重工,False
2020-12-14,41.978,42.095,41.627,41.744,61075.0,18200350.0,3.0,3.01,2.97,2.98,True,振华重工,False
2020-12-15,41.744,41.744,41.51,41.744,33614.0,10016972.0,2.98,2.98,2.96,2.98,True,振华重工,False
2020-12-16,41.744,41.861,41.627,41.744,34163.0,10180574.0,2.98,2.99,2.97,2.98,True,振华重工,False
2020-12-17,41.744,41.978,41.393,41.978,47011.0,14103300.0,2.98,3.0,2.95,3.0,True,振华重工,False
2020-12-18,41.978,42.68,41.861,42.212,65093.0,19658086.0,3.0,3.06,2.99,3.02,True,振华重工,False
2020-12-21,42.329,42.329,41.393,41.861,67713.0,20246187.0,3.03,3.03,2.95,2.99,True,振华重工,False
2020-12-22,41.861,41.861,41.159,41.276,59527.0,17500938.0,2.99,2.99,2.93,2.94,True,振华重工,False
2020-12-23,41.51,41.744,41.276,41.627,68676.0,20396772.0,2.96,2.98,2.94,2.97,True,振华重工,False
2020-12-24,41.627,42.329,41.51,42.212,113203.0,34187306.0,2.97,3.03,2.96,3.02,True,振华重工,False
2020-12-25,41.744,42.212,41.744,41.978,56637.0,16991100.0,2.98,3.02,2.98,3.0,True,振华重工,False
2020-12-28,41.861,41.978,41.51,41.51,56800.0,16812800.0,2.99,3.0,2.96,2.96,True,振华重工,False
2020-12-29,44.201,45.02,43.382,45.02,374758.0,122171108.0,3.19,3.26,3.12,3.26,True,振华重工,False
2020-12-30,46.658,47.594,44.786,44.786,1085751.0,351783324.0,3.4,3.48,3.24,3.24,True,振华重工,False
2020-12-31,44.084,48.53,43.967,48.53,1928901.0,686688756.0,3.18,3.56,3.17,3.56,True,振华重工,False
2021-01-04,51.572,52.742,51.338,52.742,478905.0,187730760.0,3.82,3.92,3.8,3.92,True,振华重工,False
2021-01-05,53.678,57.305,51.572,54.497,3128997.0,1273501779.0,4.0,4.31,3.82,4.07,True,振华重工,False
2021-01-06,51.221,52.742,49.7,50.051,1861621.0,686938149.0,3.79,3.92,3.66,3.69,True,振华重工,False
2021-01-07,50.402,53.327,48.998,51.689,1372951.0,525840233.0,3.72,3.97,3.6,3.83,True,振华重工,False
2021-01-08,50.168,50.987,48.53,49.115,983652.0,355098372.0,3.7,3.77,3.56,3.61,True,振华重工,False
2021-01-11,48.881,49.934,46.19,46.424,913019.0,308600422.0,3.59,3.68,3.36,3.38,True,振华重工,False
2021-01-12,46.541,48.179,45.956,47.243,653950.0,225612750.0,3.39,3.53,3.34,3.45,True,振华重工,False
2021-01-13,46.073,48.413,46.073,47.477,620344.0,215259368.0,3.35,3.55,3.35,3.47,True,振华重工,False
2021-01-14,47.711,51.572,46.541,48.647,916738.0,327275466.0,3.49,3.82,3.39,3.57,True,振华重工,False
2021-01-15,48.179,52.274,47.594,51.104,939527.0,355141206.0,3.53,3.88,3.48,3.78,True,振华重工,False
2021-01-18,51.338,51.455,49.583,50.753,590596.0,221473500.0,3.8,3.81,3.65,3.75,True,振华重工,False
2021-01-19,50.051,50.285,48.647,48.881,537128.0,192828952.0,3.69,3.71,3.57,3.59,True,振华重工,False
2021-01-20,49.115,50.168,48.296,49.583,383778.0,140078970.0,3.61,3.7,3.54,3.65,True,振华重工,False
2021-01-21,48.881,49.7,48.296,49.115,400279.0,144500719.0,3.59,3.66,3.54,3.61,True,振华重工,False
2021-01-22,48.53,48.881,46.892,46.892,449653.0,153781326.0,3.56,3.59,3.42,3.42,True,振华重工,False
2021-01-25,46.658,48.296,46.424,47.594,315671.0,109853508.0,3.4,3.54,3.38,3.48,True,振华重工,False
2021-01-26,47.243,47.594,46.073,46.073,233970.0,78379950.0,3.45,3.48,3.35,3.35,True,振华重工,False
2021-01-27,46.19,47.243,45.254,45.371,289057.0,95099753.0,3.36,3.45,3.28,3.29,True,振华重工,False
2021-01-28,45.371,46.775,44.786,45.605,299736.0,99212616.0,3.29,3.41,3.24,3.31,True,振华重工,False
2021-01-29,46.073,46.19,44.084,44.669,284998.0,92054354.0,3.35,3.36,3.18,3.23,True,振华重工,False
2021-02-01,44.552,45.488,43.85,45.371,238135.0,78346415.0,3.22,3.3,3.16,3.29,True,振华重工,False
2021-02-02,45.137,45.371,44.552,45.02,180388.0,58806487.99999999,3.27,3.29,3.22,3.26,True,振华重工,False
2021-02-03,45.137,45.137,43.733,43.85,230253.0,72759948.0,3.27,3.27,3.15,3.16,True,振华重工,False
2021-02-04,44.084,44.084,42.212,43.031,297147.0,91818423.0,3.18,3.18,3.02,3.09,True,振华重工,False
2021-02-05,43.031,43.382,41.978,42.095,215731.0,64935030.99999999,3.09,3.12,3.0,3.01,True,振华重工,False
2021-02-08,41.978,42.797,41.51,42.212,233243.0,70439386.0,3.0,3.07,2.96,3.02,True,振华重工,False
2021-02-09,42.329,43.616,41.978,43.031,283887.0,87721083.0,3.03,3.14,3.0,3.09,True,振华重工,False
2021-02-10,43.148,43.616,42.68,43.031,210318.0,64988262.0,3.1,3.14,3.06,3.09,True,振华重工,False
2021-02-18,43.85,43.967,43.382,43.616,270623.0,84975622.0,3.16,3.17,3.12,3.14,True,振华重工,False
2021-02-19,43.499,45.254,43.031,45.02,393745.0,128360870.0,3.13,3.28,3.09,3.26,True,振华重工,False
2021-02-22,45.02,46.19,44.669,45.488,475021.0,156756930.0,3.26,3.36,3.23,3.3,True,振华重工,False
2021-02-23,45.254,46.073,45.02,45.254,343068.0,112526304.0,3.28,3.35,3.26,3.28,True,振华重工,False
2021-02-24,45.371,45.605,44.084,44.552,286020.0,92098440.0,3.29,3.31,3.18,3.22,True,振华重工,False
2021-02-25,44.903,45.488,44.435,44.669,286043.0,92391889.0,3.25,3.3,3.21,3.23,True,振华重工,False
2021-02-26,44.201,44.435,43.967,44.084,177625.0,56484750.0,3.19,3.21,3.17,3.18,True,振华重工,False
2021-03-01,44.201,44.786,44.201,44.786,211758.0,68609592.0,3.19,3.24,3.19,3.24,True,振华重工,False
2021-03-02,45.02,45.137,43.733,44.201,241497.0,77037543.0,3.26,3.27,3.15,3.19,True,振华重工,False
2021-03-03,44.084,44.903,43.967,44.786,259496.0,84076704.0,3.18,3.25,3.17,3.24,True,振华重工,False
2021-03-04,44.786,46.775,44.669,46.307,549594.0,185213178.0,3.24,3.41,3.23,3.37,True,振华重工,False
2021-03-05,45.956,46.19,45.371,45.839,338444.0,112701852.0,3.34,3.36,3.29,3.33,True,振华重工,False
2021-03-08,45.839,47.243,45.722,45.956,437977.0,146284318.0,3.33,3.45,3.32,3.34,True,振华重工,False
2021-03-09,45.839,46.892,44.084,46.541,548361.0,185894379.0,3.33,3.42,3.18,3.39,True,振华重工,False
2021-03-10,46.19,46.541,45.02,45.254,311743.0,102251704.0,3.36,3.39,3.26,3.28,True,振华重工,False
2021-03-11,44.786,45.722,44.435,45.488,242570.0,80048100.0,3.24,3.32,3.21,3.3,True,振华重工,False
2021-03-12,45.371,47.126,45.02,47.126,470805.0,161956920.0,3.29,3.44,3.26,3.44,True,振华重工,False
2021-03-15,47.126,47.828,46.307,47.243,392271.0,135333495.0,3.44,3.5,3.37,3.45,True,振华重工,False
2021-03-16,47.126,48.179,46.658,47.477,302972.0,105131284.0,3.44,3.53,3.4,3.47,True,振华重工,False
2021-03-17,47.36,47.36,46.424,46.658,264408.0,89898720.0,3.46,3.46,3.38,3.4,True,振华重工,False
2021-03-18,46.541,46.658,46.073,46.424,200732.0,67847416.0,3.39,3.4,3.35,3.38,True,振华重工,False
2021-03-19,46.073,46.658,45.956,46.307,179076.0,60348612.0,3.35,3.4,3.34,3.37,True,振华重工,False
2021-03-22,46.19,47.009,46.073,47.009,227283.0,77958069.0,3.36,3.43,3.35,3.43,True,振华重工,False
2021-03-23,46.892,46.892,45.371,45.605,297021.0,98313951.0,3.42,3.42,3.29,3.31,True,振华重工,False
2021-03-24,45.488,45.488,44.435,44.669,224009.0,72354907.0,3.3,3.3,3.21,3.23,True,振华重工,False
2021-03-25,44.552,45.02,44.435,44.669,113592.0,36690216.0,3.22,3.26,3.21,3.23,True,振华重工,False
2021-03-26,44.903,45.254,44.669,45.137,134201.0,43883727.0,3.25,3.28,3.23,3.27,True,振华重工,False
2021-03-29,45.137,45.722,45.02,45.488,154537.0,50997210.0,3.27,3.32,3.26,3.3,True,振华重工,False
2021-03-30,45.722,47.711,45.488,46.658,497277.0,169074180.0,3.32,3.49,3.3,3.4,True,振华重工,False
2021-03-31,45.839,46.658,45.371,46.307,395633.0,133328321.0,3.33,3.4,3.29,3.37,True,振华重工,False
2021-04-01,46.19,47.126,45.839,46.658,327094.0,111211960.0,3.36,3.44,3.33,3.4,True,振华重工,False
2021-04-02,46.541,46.658,45.488,45.839,241500.0,80419500.0,3.39,3.4,3.3,3.33,True,振华重工,False
2021-04-06,46.073,46.19,45.488,45.605,207867.0,68803977.0,3.35,3.36,3.3,3.31,True,振华重工,False
2021-04-07,45.722,47.009,45.605,46.658,368912.0,125430080.0,3.32,3.43,3.31,3.4,True,振华重工,False
2021-04-08,46.541,47.594,46.19,47.126,479245.0,164860280.0,3.39,3.48,3.36,3.44,True,振华重工,False
2021-04-09,47.243,47.36,46.19,46.307,268583.0,90512471.0,3.45,3.46,3.36,3.37,True,振华重工,False
2021-04-12,46.073,46.307,45.605,45.605,236477.0,78273887.0,3.35,3.37,3.31,3.31,True,振华重工,False
2021-04-13,45.722,45.722,44.786,44.786,197742.0,64068408.00000001,3.32,3.32,3.24,3.24,True,振华重工,False
2021-04-14,44.903,45.254,44.786,45.254,125629.0,41206312.0,3.25,3.28,3.24,3.28,True,振华重工,False
2021-04-15,45.254,45.371,44.903,45.371,97114.0,31950506.0,3.28,3.29,3.25,3.29,True,振华重工,False
2021-04-16,45.605,45.839,45.254,45.839,127920.0,42597360.0,3.31,3.33,3.28,3.33,True,振华重工,False
2021-04-19,45.722,46.307,45.605,46.19,177476.0,59631936.0,3.32,3.37,3.31,3.36,True,振华重工,False
2021-04-20,46.19,46.307,45.488,45.488,150019.0,49506270.0,3.36,3.37,3.3,3.3,True,振华重工,False
2021-04-21,45.371,45.488,44.903,45.137,131675.0,43057725.0,3.29,3.3,3.25,3.27,True,振华重工,False
2021-04-22,45.137,45.488,44.786,44.903,110816.0,36015200.0,3.27,3.3,3.24,3.25,True,振华重工,False
2021-04-23,44.903,45.02,44.318,44.435,131128.0,42092088.0,3.25,3.26,3.2,3.21,True,振华重工,False
2021-04-26,44.552,44.903,44.084,44.669,164610.0,53169030.0,3.22,3.25,3.18,3.23,True,振华重工,False
2021-04-27,44.552,44.669,43.85,44.201,102228.0,32610732.0,3.22,3.23,3.16,3.19,True,振华重工,False
2021-04-28,43.967,44.318,43.733,44.084,92959.0,29560962.0,3.17,3.2,3.15,3.18,True,振华重工,False
2021-04-29,44.084,44.318,43.733,44.318,109211.0,34947520.0,3.18,3.2,3.15,3.2,True,振华重工,False
2021-04-30,43.967,43.967,43.031,43.265,202750.0,63055250.0,3.17,3.17,3.09,3.11,True,振华重工,False
2021-05-06,43.148,43.733,43.148,43.265,159483.0,49599213.0,3.1,3.15,3.1,3.11,True,振华重工,False
2021-05-07,43.382,44.318,43.265,44.084,210284.0,66870312.0,3.12,3.2,3.11,3.18,True,振华重工,False
2021-05-10,44.201,44.552,43.85,44.318,155158.0,49650560.0,3.19,3.22,3.16,3.2,True,振华重工,False
2021-05-11,44.201,44.318,43.85,44.318,116174.0,37175680.0,3.19,3.2,3.16,3.2,True,振华重工,False
2021-05-12,44.201,44.552,44.084,44.552,117535.0,37846270.0,3.19,3.22,3.18,3.22,True,振华重工,False
2021-05-13,44.435,44.435,43.967,44.084,99208.0,31548144.0,3.21,3.21,3.17,3.18,True,振华重工,False
2021-05-14,44.201,44.552,43.967,44.318,114856.0,36753920.0,3.19,3.22,3.17,3.2,True,振华重工,False
2021-05-17,44.318,44.435,43.967,44.084,86510.0,27510180.0,3.2,3.21,3.17,3.18,True,振华重工,False
2021-05-18,44.201,44.552,43.733,44.435,136232.0,43730472.0,3.19,3.22,3.15,3.21,True,振华重工,False
2021-05-19,44.435,44.435,44.084,44.201,86196.0,27496524.0,3.21,3.21,3.18,3.19,True,振华重工,False
2021-05-20,44.201,44.201,43.733,43.85,97635.0,30852660.0,3.19,3.19,3.15,3.16,True,振华重工,False
2021-05-21,43.85,43.967,43.616,43.967,69280.0,21961760.0,3.16,3.17,3.14,3.17,True,振华重工,False
2021-05-24,43.967,44.084,43.733,43.967,69304.0,21969368.0,3.17,3.18,3.15,3.17,True,振华重工,False
2021-05-25,44.084,44.435,43.733,44.201,119509.0,38123371.0,3.18,3.21,3.15,3.19,True,振华重工,False
2021-05-26,44.201,44.552,44.084,44.552,142777.0,45974194.0,3.19,3.22,3.18,3.22,True,振华重工,False
2021-05-27,44.669,44.786,44.318,44.552,123958.0,39914476.0,3.23,3.24,3.2,3.22,True,振华重工,False
2021-05-28,44.669,44.669,44.084,44.201,98031.0,31271889.0,3.23,3.23,3.18,3.19,True,振华重工,False
2021-05-31,44.201,44.318,43.85,44.201,93458.0,29813102.0,3.19,3.2,3.16,3.19,True,振华重工,False
2021-06-01,44.084,44.201,43.967,44.084,78026.0,24812268.0,3.18,3.19,3.17,3.18,True,振华重工,False
2021-06-02,44.201,44.201,43.616,43.85,133090.0,42056440.0,3.19,3.19,3.14,3.16,True,振华重工,False
2021-06-03,43.85,44.903,43.616,44.786,258384.0,83716416.0,3.16,3.25,3.14,3.24,True,振华重工,False
2021-06-04,44.786,44.786,43.85,44.201,158303.0,50498657.0,3.24,3.24,3.16,3.19,True,振华重工,False
2021-06-07,44.084,44.201,43.733,44.084,109180.0,34719240.0,3.18,3.19,3.15,3.18,True,振华重工,False
2021-06-08,44.084,44.084,43.733,44.084,73660.0,23423880.0,3.18,3.18,3.15,3.18,True,振华重工,False
2021-06-09,44.084,44.669,43.85,44.435,161157.0,51731397.0,3.18,3.23,3.16,3.21,True,振华重工,False
2021-06-10,44.435,45.02,44.318,44.786,192741.0,62448084.00000001,3.21,3.26,3.2,3.24,True,振华重工,False
2021-06-11,44.786,45.02,44.435,44.669,183088.0,59137424.0,3.24,3.26,3.21,3.23,True,振华重工,False
2021-06-15,44.552,44.669,44.084,44.201,128085.0,40859115.0,3.22,3.23,3.18,3.19,True,振华重工,False
2021-06-16,44.084,44.669,43.85,44.084,107125.0,34065750.0,3.18,3.23,3.16,3.18,True,振华重工,False
2021-06-17,44.201,44.552,44.084,44.552,97158.0,31284876.000000004,3.19,3.22,3.18,3.22,True,振华重工,False
2021-06-18,44.435,44.552,44.201,44.435,74207.0,23820447.0,3.21,3.22,3.19,3.21,True,振华重工,False
2021-06-21,44.435,44.435,43.733,43.967,116746.0,37008482.0,3.21,3.21,3.15,3.17,True,振华重工,False
2021-06-22,43.967,44.786,43.967,44.669,187365.0,60518895.0,3.17,3.24,3.17,3.23,True,振华重工,False
2021-06-23,44.552,45.605,44.318,45.254,302228.0,99130784.0,3.22,3.31,3.2,3.28,True,振华重工,False
2021-06-24,45.02,45.488,44.669,44.903,160982.0,52319150.0,3.26,3.3,3.23,3.25,True,振华重工,False
2021-06-25,44.903,45.371,44.786,45.02,138627.0,45192402.0,3.25,3.29,3.24,3.26,True,振华重工,False
2021-06-28,45.137,45.371,44.552,44.669,125467.0,40525841.0,3.27,3.29,3.22,3.23,True,振华重工,False
2021-06-29,47.243,48.413,46.307,46.775,1116400.0,380692400.0,3.45,3.55,3.37,3.41,True,振华重工,False
2021-06-30,46.19,47.477,46.073,46.541,615423.0,208628397.0,3.36,3.47,3.35,3.39,True,振华重工,False
2021-07-01,46.892,47.009,45.488,45.488,423366.0,139710780.0,3.42,3.43,3.3,3.3,True,振华重工,False
2021-07-02,45.254,46.892,45.137,46.307,385239.0,129825543.0,3.28,3.42,3.27,3.37,True,振华重工,False
2021-07-05,46.073,46.424,45.722,45.839,215744.0,71842752.0,3.35,3.38,3.32,3.33,True,振华重工,False
2021-07-06,45.839,45.956,45.02,45.371,229529.0,75515041.0,3.33,3.34,3.26,3.29,True,振华重工,False
2021-07-07,45.137,45.722,45.02,45.488,148442.0,48985860.0,3.27,3.32,3.26,3.3,True,振华重工,False
2021-07-08,45.488,45.605,45.02,45.02,131784.0,42961584.0,3.3,3.31,3.26,3.26,True,振华重工,False
2021-07-09,45.02,45.488,44.903,45.371,161303.0,53068687.0,3.26,3.3,3.25,3.29,True,振华重工,False
2021-07-12,45.605,45.722,45.137,45.254,172217.0,56487176.0,3.31,3.32,3.27,3.28,True,振华重工,False
2021-07-13,45.371,45.488,45.02,45.488,138037.0,45552210.0,3.29,3.3,3.26,3.3,True,振华重工,False
2021-07-14,45.488,45.488,44.903,44.903,153166.0,49778950.0,3.3,3.3,3.25,3.25,True,振华重工,False
2021-07-15,44.903,44.903,44.318,44.552,156734.0,50468348.0,3.25,3.25,3.2,3.22,True,振华重工,False
2021-07-16,44.669,45.722,44.552,45.254,193225.0,63377799.99999999,3.23,3.32,3.22,3.28,True,振华重工,False
2021-07-19,45.254,45.605,45.02,45.371,119750.0,39397750.0,3.28,3.31,3.26,3.29,True,振华重工,False
2021-07-20,45.254,45.371,44.903,45.254,104114.0,34149392.0,3.28,3.29,3.25,3.28,True,振华重工,False
2021-07-21,45.254,45.839,45.137,45.605,157307.0,52068617.0,3.28,3.33,3.27,3.31,True,振华重工,False
2021-07-22,45.722,46.307,45.488,46.19,247344.0,83107584.0,3.32,3.37,3.3,3.36,True,振华重工,False
2021-07-23,46.19,46.541,45.488,45.839,210701.0,70163433.0,3.36,3.39,3.3,3.33,True,振华重工,False
2021-07-26,45.839,45.956,44.903,45.371,179130.0,58933770.0,3.33,3.34,3.25,3.29,True,振华重工,False
2021-07-27,45.371,45.605,44.786,44.903,163979.0,53293175.0,3.29,3.31,3.24,3.25,True,振华重工,False
2021-07-28,44.903,44.903,44.201,44.552,187023.0,60221406.0,3.25,3.25,3.19,3.22,True,振华重工,False
2021-07-29,44.786,44.786,44.318,44.318,124919.0,39974080.0,3.24,3.24,3.2,3.2,True,振华重工,False
2021-07-30,44.318,45.02,43.85,44.669,141299.0,45639577.0,3.2,3.26,3.16,3.23,True,振华重工,False
2021-08-02,44.669,45.722,43.967,45.605,281862.0,93296322.0,3.23,3.32,3.17,3.31,True,振华重工,False
2021-08-03,45.488,46.541,45.371,45.722,363058.0,120535256.0,3.3,3.39,3.29,3.32,True,振华重工,False
2021-08-04,45.839,46.892,45.605,46.424,317146.0,107195348.0,3.33,3.42,3.31,3.38,True,振华重工,False
2021-08-05,46.19,47.009,46.073,46.307,349052.0,117630524.0,3.36,3.43,3.35,3.37,True,振华重工,False
2021-08-06,46.307,47.477,46.19,46.892,363660.0,124371720.0,3.37,3.47,3.36,3.42,True,振华重工,False
2021-08-09,46.775,47.594,46.658,47.36,273908.0,94772168.0,3.41,3.48,3.4,3.46,True,振华重工,False
2021-08-10,47.126,47.477,46.892,47.36,273458.0,94616468.0,3.44,3.47,3.42,3.46,True,振华重工,False
2021-08-11,47.243,47.945,47.126,47.36,286581.0,99157026.0,3.45,3.51,3.44,3.46,True,振华重工,False
2021-08-12,47.477,48.062,46.775,47.945,416924.0,146340324.0,3.47,3.52,3.41,3.51,True,振华重工,False
2021-08-13,47.828,48.179,47.009,47.36,286949.0,99284354.0,3.5,3.53,3.43,3.46,True,振华重工,False
2021-08-16,47.36,49.466,47.126,48.53,521685.0,185719860.0,3.46,3.64,3.44,3.56,True,振华重工,False
2021-08-17,48.647,48.998,47.126,47.36,357729.0,123774234.0,3.57,3.6,3.44,3.46,True,振华重工,False
2021-08-18,47.36,47.945,47.009,47.477,226244.0,78506668.0,3.46,3.51,3.43,3.47,True,振华重工,False
2021-08-19,47.945,48.764,47.126,47.243,306622.0,105784590.0,3.51,3.58,3.44,3.45,True,振华重工,False
2021-08-20,47.36,51.338,46.775,51.338,1435392.0,545448960.0,3.46,3.8,3.41,3.8,True,振华重工,False
2021-08-23,51.338,53.21,51.104,51.923,1721330.0,662712050.0,3.8,3.96,3.78,3.85,True,振华重工,False
2021-08-24,51.455,51.806,50.753,51.104,782896.0,295934688.0,3.81,3.84,3.75,3.78,True,振华重工,False
2021-08-25,50.87,51.572,50.519,51.455,549094.0,209204814.0,3.76,3.82,3.73,3.81,True,振华重工,False
2021-08-26,51.689,53.912,51.104,52.274,884936.0,343355168.0,3.83,4.02,3.78,3.88,True,振华重工,False
2021-08-27,52.04,52.859,51.689,52.157,426907.0,165213009.0,3.86,3.93,3.83,3.87,True,振华重工,False
2021-08-30,53.093,53.444,51.806,52.625,522242.0,204196622.0,3.95,3.98,3.84,3.91,True,振华重工,False
2021-08-31,50.168,51.455,49.232,51.104,813900.0,307654200.0,3.7,3.81,3.62,3.78,True,振华重工,False
2021-09-01,51.221,55.55,50.753,55.55,1257629.0,523173664.0,3.79,4.16,3.75,4.16,True,振华重工,False
2021-09-02,55.55,56.135,54.38,54.965,988403.0,406233633.00000006,4.16,4.21,4.06,4.11,True,振华重工,False
2021-09-03,54.614,55.082,53.444,53.444,663162.0,263938476.0,4.08,4.12,3.98,3.98,True,振华重工,False
2021-09-06,53.444,54.38,52.976,53.678,452837.0,181134800.0,3.98,4.06,3.94,4.0,True,振华重工,False
2021-09-07,53.678,55.433,53.327,54.848,501566.0,205642060.0,4.0,4.15,3.97,4.1,True,振华重工,False
2021-09-08,54.965,56.954,54.263,56.486,750697.0,318295528.0,4.11,4.28,4.05,4.24,True,振华重工,False
2021-09-09,56.369,56.954,55.199,56.018,577304.0,242467680.0,4.23,4.28,4.13,4.2,True,振华重工,False
2021-09-10,56.018,57.422,54.848,55.082,625288.0,257618656.0,4.2,4.32,4.1,4.12,True,振华重工,False
2021-09-13,54.965,59.645,54.614,59.411,1124721.0,504999729.0,4.11,4.51,4.08,4.49,True,振华重工,False
2021-09-14,58.943,59.411,57.422,57.773,604023.0,262750005.0,4.45,4.49,4.32,4.35,True,振华重工,False
2021-09-15,58.007,59.645,57.773,58.826,553507.0,245757108.00000003,4.37,4.51,4.35,4.44,True,振华重工,False
2021-09-16,59.06,62.219,58.475,58.943,912307.0,405976615.0,4.46,4.73,4.41,4.45,True,振华重工,False
2021-09-17,58.592,60.581,56.72,58.241,692741.0,304113299.0,4.42,4.59,4.26,4.39,True,振华重工,False
2021-09-22,58.007,61.634,57.656,60.932,664571.0,307031802.0,4.37,4.68,4.34,4.62,True,振华重工,False
2021-09-23,60.932,62.336,59.528,61.283,612924.0,285009660.0,4.62,4.74,4.5,4.65,True,振华重工,False
2021-09-24,61.634,61.868,59.645,60.113,447473.0,203600215.0,4.68,4.7,4.51,4.55,True,振华重工,False
2021-09-27,61.166,61.166,54.848,55.082,842714.0,347198168.0,4.64,4.64,4.1,4.12,True,振华重工,False
2021-09-28,54.848,55.901,54.263,55.199,377492.0,155904196.0,4.1,4.19,4.05,4.13,True,振华重工,False
2021-09-29,54.497,55.082,51.221,51.572,660378.0,252264396.0,4.07,4.12,3.79,3.82,True,振华重工,False
2021-09-30,51.689,55.316,51.689,54.614,563618.0,229956144.0,3.83,4.14,3.83,4.08,True,振华重工,False
2021-10-08,54.848,55.667,53.327,53.678,320845.0,128338000.0,4.1,4.17,3.97,4.0,True,振华重工,False
2021-10-11,54.029,54.146,52.274,52.508,222507.0,86777730.0,4.03,4.04,3.88,3.9,True,振华重工,False
2021-10-12,52.508,52.859,50.753,51.806,268553.0,103124352.0,3.9,3.93,3.75,3.84,True,振华重工,False
2021-10-13,51.455,51.923,50.753,51.689,167734.0,64242122.0,3.81,3.85,3.75,3.83,True,振华重工,False
2021-10-14,51.455,52.157,50.987,51.689,159600.0,61126800.0,3.81,3.87,3.77,3.83,True,振华重工,False
2021-10-15,51.455,51.689,50.285,50.519,190425.0,71028525.0,3.81,3.83,3.71,3.73,True,振华重工,False
2021-10-18,50.285,51.923,50.168,51.923,193323.0,74429355.0,3.71,3.85,3.7,3.85,True,振华重工,False
2021-10-19,51.689,52.04,50.987,51.806,151143.0,58038912.0,3.83,3.86,3.77,3.84,True,振华重工,False
2021-10-20,51.689,51.923,50.987,51.455,151747.0,57815607.0,3.83,3.85,3.77,3.81,True,振华重工,False
2021-10-21,51.572,51.923,50.519,50.636,178935.0,66921690.00000001,3.82,3.85,3.73,3.74,True,振华重工,False
2021-10-22,50.402,50.87,49.115,49.115,253793.0,91619273.0,3.72,3.76,3.61,3.61,True,振华重工,False
2021-10-25,48.998,50.168,48.413,49.349,241427.0,87638001.0,3.6,3.7,3.55,3.63,True,振华重工,False
2021-10-26,48.998,49.934,48.53,48.647,199018.0,71049426.0,3.6,3.68,3.56,3.57,True,振华重工,False
2021-10-27,48.998,49.349,47.828,48.179,187453.0,66170909.0,3.6,3.63,3.5,3.53,True,振华重工,False
2021-10-28,48.179,48.53,47.126,47.36,231962.0,80258852.0,3.53,3.56,3.44,3.46,True,振华重工,False
2021-10-29,47.36,48.062,46.892,47.945,147341.0,51716691.0,3.46,3.52,3.42,3.51,True,振华重工,False
2021-11-01,47.243,48.296,47.126,47.945,169247.0,59405697.0,3.45,3.54,3.44,3.51,True,振华重工,False
2021-11-02,47.828,48.764,46.658,47.243,268393.0,92595585.0,3.5,3.58,3.4,3.45,True,振华重工,False
2021-11-03,47.36,48.647,47.243,48.179,204474.0,72179322.0,3.46,3.57,3.45,3.53,True,振华重工,False
2021-11-04,48.413,49.232,47.477,48.647,234690.0,83784330.0,3.55,3.62,3.47,3.57,True,振华重工,False
2021-11-05,48.647,48.764,47.594,47.594,180102.0,62675496.0,3.57,3.58,3.48,3.48,True,振华重工,False
2021-11-08,47.711,48.413,47.594,47.594,120349.0,41881452.0,3.49,3.55,3.48,3.48,True,振华重工,False
2021-11-09,47.828,47.945,47.594,47.945,95989.0,33692139.0,3.5,3.51,3.48,3.51,True,振华重工,False
2021-11-10,47.945,48.413,47.009,48.296,181713.0,64326402.0,3.51,3.55,3.43,3.54,True,振华重工,False
2021-11-11,48.062,48.53,47.828,48.413,124380.0,44154900.0,3.52,3.56,3.5,3.55,True,振华重工,False
2021-11-12,48.881,50.87,48.647,50.051,381627.0,140820363.0,3.59,3.76,3.57,3.69,True,振华重工,False
2021-11-15,51.338,51.689,49.583,49.934,274928.0,101173504.0,3.8,3.83,3.65,3.68,True,振华重工,False
2021-11-16,49.934,50.636,49.349,49.349,192658.0,69934854.0,3.68,3.74,3.63,3.63,True,振华重工,False
2021-11-17,49.232,50.168,48.764,49.817,186250.0,68353750.0,3.62,3.7,3.58,3.67,True,振华重工,False
2021-11-18,49.7,51.572,49.466,50.87,333763.0,125494888.0,3.66,3.82,3.64,3.76,True,振华重工,False
2021-11-19,50.753,51.923,49.934,51.104,289698.0,109505844.0,3.75,3.85,3.68,3.78,True,振华重工,False
2021-11-22,50.87,51.338,50.636,50.87,171824.0,64605824.0,3.76,3.8,3.74,3.76,True,振华重工,False
2021-11-23,50.753,52.508,50.285,52.04,355959.0,137400174.0,3.75,3.9,3.71,3.86,True,振华重工,False
2021-11-24,51.923,52.04,51.221,51.455,212379.0,80916399.0,3.85,3.86,3.79,3.81,True,振华重工,False
2021-11-25,51.221,51.338,50.519,50.87,160993.0,60533368.0,3.79,3.8,3.73,3.76,True,振华重工,False
2021-11-26,50.87,50.87,49.817,49.934,152376.0,56074368.0,3.76,3.76,3.67,3.68,True,振华重工,False
2021-11-29,49.232,50.168,48.998,49.934,152640.0,56171520.0,3.62,3.7,3.6,3.68,True,振华重工,False
2021-11-30,50.051,50.987,49.7,50.051,162129.0,59825601.0,3.69,3.77,3.66,3.69,True,振华重工,False
2021-12-01,49.934,50.87,49.7,50.753,160449.0,60168375.0,3.68,3.76,3.66,3.75,True,振华重工,False
2021-12-02,50.753,50.87,50.168,50.519,125722.0,46894306.0,3.75,3.76,3.7,3.73,True,振华重工,False
2021-12-03,50.636,51.923,50.636,51.338,251799.0,95683620.0,3.74,3.85,3.74,3.8,True,振华重工,False
2021-12-06,51.221,51.806,50.87,50.87,192039.0,72206664.0,3.79,3.84,3.76,3.76,True,振华重工,False
2021-12-07,51.104,51.572,50.636,50.987,171889.0,64802153.0,3.78,3.82,3.74,3.77,True,振华重工,False
2021-12-08,51.221,51.455,50.636,51.104,135189.0,51101442.0,3.79,3.81,3.74,3.78,True,振华重工,False
2021-12-09,50.987,51.338,50.87,51.221,209885.0,79546415.0,3.77,3.8,3.76,3.79,True,振华重工,False
2021-12-10,51.221,51.572,50.753,51.455,185706.0,70753986.0,3.79,3.82,3.75,3.81,True,振华重工,False
2021-12-13,51.338,53.093,51.338,51.923,407902.0,157042270.0,3.8,3.95,3.8,3.85,True,振华重工,False
2021-12-14,51.806,51.806,50.87,50.87,197936.0,74423936.0,3.84,3.84,3.76,3.76,True,振华重工,False
2021-12-15,50.87,51.923,50.87,51.338,144665.0,54972700.0,3.76,3.85,3.76,3.8,True,振华重工,False
2021-12-16,51.338,52.157,51.221,52.157,178172.0,68952564.0,3.8,3.87,3.79,3.87,True,振华重工,False
2021-12-17,51.923,52.976,51.572,52.508,253804.0,98983560.0,3.85,3.94,3.82,3.9,True,振华重工,False
2021-12-20,52.508,52.625,51.806,52.04,169724.0,65513464.0,3.9,3.91,3.84,3.86,True,振华重工,False
2021-12-21,51.923,52.742,51.572,52.742,189575.0,74313400.0,3.85,3.92,3.82,3.92,True,振华重工,False
2021-12-22,53.21,53.21,52.274,52.508,152992.0,59666880.0,3.96,3.96,3.88,3.9,True,振华重工,False
2021-12-23,53.093,53.327,52.508,52.625,199202.0,77887982.0,3.95,3.97,3.9,3.91,True,振华重工,False
2021-12-24,52.508,52.976,51.221,51.221,246513.0,93428427.0,3.9,3.94,3.79,3.79,True,振华重工,False
2021-12-27,51.221,51.923,50.987,51.455,130984.0,49904904.0,3.79,3.85,3.77,3.81,True,振华重工,False
2021-12-28,51.338,51.572,50.87,51.104,108771.0,41115438.0,3.8,3.82,3.76,3.78,True,振华重工,False
2021-12-29,51.104,51.689,50.636,51.104,105173.0,39755394.0,3.78,3.83,3.74,3.78,True,振华重工,False
2021-12-30,50.987,51.338,50.753,51.104,103498.0,39122244.0,3.77,3.8,3.75,3.78,True,振华重工,False
2021-12-31,50.987,51.455,50.87,50.987,135376.0,51036752.0,3.77,3.81,3.76,3.77,True,振华重工,False
2022-01-04,51.455,53.327,51.221,52.508,347809.0,135645510.0,3.81,3.97,3.79,3.9,True,振华重工,False
2022-01-05,52.859,54.731,52.742,53.21,396043.0,156833028.0,3.93,4.09,3.92,3.96,True,振华重工,False
2022-01-06,53.21,54.497,52.625,54.146,314405.0,127019620.0,3.96,4.07,3.91,4.04,True,振华重工,False
2022-01-07,53.912,54.848,53.678,53.795,238896.0,95797296.0,4.02,4.1,4.0,4.01,True,振华重工,False
2022-01-10,53.678,54.146,53.21,53.561,191140.0,76264860.0,4.0,4.04,3.96,3.99,True,振华重工,False
2022-01-11,53.561,54.497,53.327,53.795,185891.0,74542291.0,3.99,4.07,3.97,4.01,True,振华重工,False
2022-01-12,53.678,54.029,53.093,53.678,166850.0,66740000.0,4.0,4.03,3.95,4.0,True,振华重工,False
2022-01-13,53.561,54.029,52.859,52.976,150401.0,59257994.0,3.99,4.03,3.93,3.94,True,振华重工,False
2022-01-14,52.859,52.976,50.753,51.221,293814.0,111355506.0,3.93,3.94,3.75,3.79,True,振华重工,False
2022-01-17,51.221,51.455,50.753,51.338,159230.0,60507400.0,3.79,3.81,3.75,3.8,True,振华重工,False
2022-01-18,51.338,51.572,50.87,51.338,154186.0,58590680.0,3.8,3.82,3.76,3.8,True,振华重工,False
2022-01-19,51.221,51.572,50.987,51.338,114253.0,43416140.0,3.79,3.82,3.77,3.8,True,振华重工,False
2022-01-20,51.221,51.572,50.402,50.753,146162.0,54810750.0,3.79,3.82,3.72,3.75,True,振华重工,False
2022-01-21,50.753,50.87,49.817,50.402,179731.0,66859932.0,3.75,3.76,3.67,3.72,True,振华重工,False
2022-01-24,50.051,50.168,49.349,49.583,102086.0,37261390.0,3.69,3.7,3.63,3.65,True,振华重工,False
2022-01-25,49.349,49.817,48.179,48.296,141517.0,50097018.0,3.63,3.67,3.53,3.54,True,振华重工,False
2022-01-26,48.413,49.115,48.296,48.647,79995.0,28558215.0,3.55,3.61,3.54,3.57,True,振华重工,False
2022-01-27,48.764,48.764,47.594,48.062,104664.0,36841728.0,3.58,3.58,3.48,3.52,True,振华重工,False
2022-01-28,48.062,48.647,47.477,48.179,118178.0,41716834.0,3.52,3.57,3.47,3.53,True,振华重工,False
2022-02-07,48.53,49.349,48.53,48.998,200301.0,72108360.0,3.56,3.63,3.56,3.6,True,振华重工,False
2022-02-08,48.998,50.519,48.881,50.519,201551.0,75178523.0,3.6,3.73,3.59,3.73,True,振华重工,False
2022-02-09,50.402,50.519,50.051,50.285,138052.0,51217292.0,3.72,3.73,3.69,3.71,True,振华重工,False
2022-02-10,50.168,50.753,50.168,50.519,120085.0,44791705.0,3.7,3.75,3.7,3.73,True,振华重工,False
2022-02-11,50.402,50.519,49.817,49.934,107501.0,39560368.0,3.72,3.73,3.67,3.68,True,振华重工,False
2022-02-14,49.817,50.168,48.764,49.232,180034.0,65172308.0,3.67,3.7,3.58,3.62,True,振华重工,False
2022-02-15,49.349,49.7,48.764,49.232,125076.0,45277512.0,3.63,3.66,3.58,3.62,True,振华重工,False
2022-02-16,49.349,50.051,49.232,49.934,95032.0,34971776.0,3.63,3.69,3.62,3.68,True,振华重工,False
2022-02-17,50.051,50.051,49.349,49.466,105566.0,38426024.0,3.69,3.69,3.63,3.64,True,振华重工,False
2022-02-18,49.349,50.402,49.115,50.285,130922.0,48572062.0,3.63,3.72,3.61,3.71,True,振华重工,False
2022-02-21,50.402,50.519,50.051,50.402,81087.0,30164364.0,3.72,3.73,3.69,3.72,True,振华重工,False
2022-02-22,50.285,50.285,49.349,49.817,109370.0,40138790.0,3.71,3.71,3.63,3.67,True,振华重工,False
2022-02-23,49.934,50.051,49.583,49.817,101120.0,37111040.0,3.68,3.69,3.65,3.67,True,振华重工,False
2022-02-24,49.7,49.7,47.945,48.413,209404.0,74338420.0,3.66,3.66,3.51,3.55,True,振华重工,False
2022-02-25,48.764,49.232,48.296,48.413,112054.0,39779170.0,3.58,3.62,3.54,3.55,True,振华重工,False
2022-02-28,48.413,48.881,47.711,48.764,149923.0,53672434.0,3.55,3.59,3.49,3.58,True,振华重工,False
2022-03-01,48.764,49.232,48.647,48.998,106386.0,38298960.0,3.58,3.62,3.57,3.6,True,振华重工,False
2022-03-02,48.764,49.232,48.647,49.115,110670.0,39951870.0,3.58,3.62,3.57,3.61,True,振华重工,False
2022-03-03,49.115,50.051,49.115,49.934,172443.0,63459024.0,3.61,3.69,3.61,3.68,True,振华重工,False
2022-03-04,49.817,49.817,48.881,49.115,129362.0,46699682.0,3.67,3.67,3.59,3.61,True,振华重工,False
2022-03-07,48.881,49.115,48.062,48.296,118842.0,42070068.0,3.59,3.61,3.52,3.54,True,振华重工,False
2022-03-08,48.179,48.413,47.009,47.243,137731.0,47517195.0,3.53,3.55,3.43,3.45,True,振华重工,False
2022-03-09,47.243,47.594,45.02,46.19,199583.0,67059888.0,3.45,3.48,3.26,3.36,True,振华重工,False
2022-03-10,47.009,47.243,46.307,46.775,107809.0,36762869.0,3.43,3.45,3.37,3.41,True,振华重工,False
2022-03-11,46.307,47.243,45.839,47.126,119305.0,41040920.0,3.37,3.45,3.33,3.44,True,振华重工,False
2022-03-14,47.009,47.243,46.073,46.073,110815.0,37123025.0,3.43,3.45,3.35,3.35,True,振华重工,False
2022-03-15,46.073,46.073,43.265,43.616,216685.0,68039090.0,3.35,3.35,3.11,3.14,True,振华重工,False
2022-03-16,44.084,44.903,43.031,44.786,186170.0,60319080.00000001,3.18,3.25,3.09,3.24,True,振华重工,False
2022-03-17,45.02,45.488,44.786,44.903,127359.0,41391675.0,3.26,3.3,3.24,3.25,True,振华重工,False
2022-03-18,44.786,45.722,44.669,45.371,112021.0,36854909.0,3.24,3.32,3.23,3.29,True,振华重工,False
2022-03-21,45.488,45.722,44.669,45.254,107938.0,35403664.0,3.3,3.32,3.23,3.28,True,振华重工,False
2022-03-22,45.02,45.722,44.903,45.254,84955.0,27865240.0,3.26,3.32,3.25,3.28,True,振华重工,False
2022-03-23,45.488,45.839,45.137,45.488,81010.0,26733300.0,3.3,3.33,3.27,3.3,True,振华重工,False
2022-03-24,45.371,45.488,45.02,45.02,66772.0,21767672.0,3.29,3.3,3.26,3.26,True,振华重工,False
2022-03-25,44.903,45.254,44.669,44.786,70614.0,22878936.0,3.25,3.28,3.23,3.24,True,振华重工,False
2022-03-28,44.669,44.786,43.85,44.669,108619.0,35083937.0,3.23,3.24,3.16,3.23,True,振华重工,False
2022-03-29,44.786,44.903,44.201,44.669,85514.0,27621022.0,3.24,3.25,3.19,3.23,True,振华重工,False
2022-03-30,44.669,45.137,44.435,45.137,92663.0,30300801.0,3.23,3.27,3.21,3.27,True,振华重工,False
2022-03-31,45.137,46.073,45.02,45.722,180802.0,60026264.0,3.27,3.35,3.26,3.32,True,振华重工,False
2022-04-01,45.722,46.19,45.137,46.073,126539.0,42390565.0,3.32,3.36,3.27,3.35,True,振华重工,False
2022-04-06,45.956,46.658,45.839,46.541,141165.0,47854935.0,3.34,3.4,3.33,3.39,True,振华重工,False
2022-04-07,46.541,46.775,45.722,45.722,126239.0,41911348.0,3.39,3.41,3.32,3.32,True,振华重工,False
2022-04-08,45.956,46.541,45.137,46.424,137617.0,46514546.0,3.34,3.39,3.27,3.38,True,振华重工,False
2022-04-11,46.307,46.424,45.371,45.488,135213.0,44620290.0,3.37,3.38,3.29,3.3,True,振华重工,False
2022-04-12,45.488,46.892,44.903,46.775,178767.0,60959547.0,3.3,3.42,3.25,3.41,True,振华重工,False
2022-04-13,46.658,46.658,45.254,45.488,171467.0,56584110.0,3.4,3.4,3.28,3.3,True,振华重工,False
2022-04-14,45.605,47.711,45.488,46.892,392363.0,134188146.0,3.31,3.49,3.3,3.42,True,振华重工,False
2022-04-15,46.892,47.009,45.488,46.073,285991.0,95806985.0,3.42,3.43,3.3,3.35,True,振华重工,False
2022-04-18,45.722,46.19,45.254,45.839,120745.0,40208085.0,3.32,3.36,3.28,3.33,True,振华重工,False
2022-04-19,45.839,46.19,45.605,46.073,89167.0,29870945.0,3.33,3.36,3.31,3.35,True,振华重工,False
2022-04-20,46.19,46.19,45.137,45.371,117397.0,38623613.0,3.36,3.36,3.27,3.29,True,振华重工,False
2022-04-21,45.254,45.254,43.85,43.967,172175.0,54579475.0,3.28,3.28,3.16,3.17,True,振华重工,False
2022-04-22,43.85,44.669,43.382,44.201,125334.0,39981546.0,3.16,3.23,3.12,3.19,True,振华重工,False
2022-04-25,43.85,44.201,42.329,42.446,194875.0,59242000.0,3.16,3.19,3.03,3.04,True,振华重工,False
2022-04-26,42.68,43.148,41.744,41.861,168445.0,50365055.0,3.06,3.1,2.98,2.99,True,振华重工,False
2022-04-27,41.861,42.797,40.691,42.68,199098.0,60923988.0,2.99,3.07,2.89,3.06,True,振华重工,False
2022-04-28,42.563,43.382,42.095,43.265,187614.0,58347954.0,3.05,3.12,3.01,3.11,True,振华重工,False
2022-04-29,43.265,44.084,43.031,43.85,152331.0,48136596.0,3.11,3.18,3.09,3.16,True,振华重工,False
2022-05-05,43.499,44.201,43.499,43.733,164931.0,51953265.0,3.13,3.19,3.13,3.15,True,振华重工,False
2022-05-06,43.148,43.382,42.68,43.031,141125.0,43607625.0,3.1,3.12,3.06,3.09,True,振华重工,False
2022-05-09,42.914,43.967,42.914,43.85,111444.0,35216304.0,3.08,3.17,3.08,3.16,True,振华重工,False
2022-05-10,43.85,44.201,43.499,44.084,89773.0,28547814.0,3.16,3.19,3.13,3.18,True,振华重工,False
2022-05-11,44.201,44.318,43.616,43.616,112203.0,35231742.0,3.19,3.2,3.14,3.14,True,振华重工,False
2022-05-12,43.382,43.85,43.148,43.85,85517.0,27023372.0,3.12,3.16,3.1,3.16,True,振华重工,False
2022-05-13,43.85,44.201,43.733,44.084,83883.0,26674794.0,3.16,3.19,3.15,3.18,True,振华重工,False
2022-05-16,44.201,44.435,43.967,44.201,96260.0,30706940.0,3.19,3.21,3.17,3.19,True,振华重工,False
2022-05-17,44.201,44.435,43.733,44.084,55697.0,17711646.0,3.19,3.21,3.15,3.18,True,振华重工,False
2022-05-18,44.084,44.318,43.85,43.85,73399.0,23194084.0,3.18,3.2,3.16,3.16,True,振华重工,False
2022-05-19,43.499,45.254,43.148,45.137,217989.0,71282403.0,3.13,3.28,3.1,3.27,True,振华重工,False
2022-05-20,45.137,45.488,44.786,45.254,112005.0,36737640.0,3.27,3.3,3.24,3.28,True,振华重工,False
2022-05-23,45.488,45.605,44.903,45.371,106052.0,34891108.0,3.3,3.31,3.25,3.29,True,振华重工,False
2022-05-24,45.488,46.073,44.552,44.669,126770.0,40946710.0,3.3,3.35,3.22,3.23,True,振华重工,False
2022-05-25,44.669,45.839,44.552,45.722,113629.0,37724828.0,3.23,3.33,3.22,3.32,True,振华重工,False
2022-05-26,45.722,46.424,45.488,46.073,115808.0,38795680.0,3.32,3.38,3.3,3.35,True,振华重工,False
2022-05-27,46.19,46.424,45.839,46.19,107293.0,36050448.0,3.36,3.38,3.33,3.36,True,振华重工,False
2022-05-30,46.307,46.658,46.19,46.541,99175.0,33620325.0,3.37,3.4,3.36,3.39,True,振华重工,False
2022-05-31,46.541,47.36,46.307,47.126,138985.0,47810840.0,3.39,3.46,3.37,3.44,True,振华重工,False
2022-06-01,47.126,47.594,46.892,47.36,120586.0,41722756.0,3.44,3.48,3.42,3.46,True,振华重工,False
2022-06-02,47.243,48.179,47.126,48.062,153191.0,53923232.0,3.45,3.53,3.44,3.52,True,振华重工,False
2022-06-06,48.062,48.062,47.009,47.126,175384.0,60332096.0,3.52,3.52,3.43,3.44,True,振华重工,False
2022-06-07,47.36,47.711,46.541,47.477,167830.0,58237010.0,3.46,3.49,3.39,3.47,True,振华重工,False
2022-06-08,47.594,47.711,45.956,47.009,201134.0,68988962.0,3.48,3.49,3.34,3.43,True,振华重工,False
2022-06-09,47.243,47.36,46.19,46.424,121612.0,41104856.0,3.45,3.46,3.36,3.38,True,振华重工,False
2022-06-10,46.19,46.775,45.956,46.658,168814.0,57396760.0,3.36,3.41,3.34,3.4,True,振华重工,False
2022-06-13,46.424,46.541,46.073,46.424,98277.0,33217626.0,3.38,3.39,3.35,3.38,True,振华重工,False
2022-06-14,46.073,46.658,45.488,46.658,118712.0,40362080.0,3.35,3.4,3.3,3.4,True,振华重工,False
2022-06-15,46.775,47.594,46.658,47.243,158261.0,54600045.0,3.41,3.48,3.4,3.45,True,振华重工,False
2022-06-16,47.243,47.36,46.307,46.424,127721.0,43169698.0,3.45,3.46,3.37,3.38,True,振华重工,False
2022-06-17,46.424,46.541,45.839,46.19,108651.0,36506736.0,3.38,3.39,3.33,3.36,True,振华重工,False
2022-06-20,46.307,46.658,46.19,46.424,87918.0,29716284.0,3.37,3.4,3.36,3.38,True,振华重工,False
2022-06-21,46.658,46.775,45.839,46.19,127191.0,42736176.0,3.4,3.41,3.33,3.36,True,振华重工,False
2022-06-22,46.073,47.36,46.073,46.307,152307.0,51327459.0,3.35,3.46,3.35,3.37,True,振华重工,False
2022-06-23,46.541,47.477,46.424,47.36,156397.0,54113362.0,3.39,3.47,3.38,3.46,True,振华重工,False
2022-06-24,47.36,47.36,46.892,47.009,107220.0,36776460.0,3.46,3.46,3.42,3.43,True,振华重工,False
2022-06-27,47.243,47.594,46.775,47.009,106489.0,36525727.0,3.45,3.48,3.41,3.43,True,振华重工,False
2022-06-28,47.009,47.945,46.892,47.711,164865.0,57537885.0,3.43,3.51,3.42,3.49,True,振华重工,False
2022-06-29,47.711,47.828,46.541,46.658,133779.0,45484860.0,3.49,3.5,3.39,3.4,True,振华重工,False
2022-06-30,46.658,47.009,46.19,46.19,120951.0,40639536.0,3.4,3.43,3.36,3.36,True,振华重工,False
2022-07-01,46.307,48.296,46.19,47.477,255267.0,88577649.0,3.37,3.54,3.36,3.47,True,振华重工,False
2022-07-04,47.36,47.36,46.658,47.009,126512.0,43393616.0,3.46,3.46,3.4,3.43,True,振华重工,False
2022-07-05,47.243,47.36,46.424,46.892,125208.0,42821136.0,3.45,3.46,3.38,3.42,True,振华重工,False
2022-07-06,46.775,47.126,46.073,46.541,131234.0,44488326.0,3.41,3.44,3.35,3.39,True,振华重工,False
2022-07-07,46.658,49.232,46.541,48.062,354313.0,124718176.0,3.4,3.62,3.39,3.52,True,振华重工,False
2022-07-08,48.179,48.998,47.828,48.413,263470.0,93531850.0,3.53,3.6,3.5,3.55,True,振华重工,False
2022-07-11,48.413,48.881,47.945,48.296,174317.0,61708218.0,3.55,3.59,3.51,3.54,True,振华重工,False
2022-07-12,48.53,49.232,48.179,48.53,216058.0,76916648.0,3.56,3.62,3.53,3.56,True,振华重工,False
2022-07-13,48.53,49.934,48.179,49.817,292908.0,107497236.0,3.56,3.68,3.53,3.67,True,振华重工,False
2022-07-14,49.817,49.934,48.53,48.764,238323.0,85319634.0,3.67,3.68,3.56,3.58,True,振华重工,False
2022-07-15,48.764,48.881,47.594,47.594,192560.0,67010880.0,3.58,3.59,3.48,3.48,True,振华重工,False
2022-07-18,47.711,49.349,47.711,49.232,200142.0,72451404.0,3.49,3.63,3.49,3.62,True,振华重工,False
2022-07-19,49.232,49.466,48.53,48.998,140173.0,50462280.0,3.62,3.64,3.56,3.6,True,振华重工,False
2022-07-20,48.881,49.934,48.647,49.817,205314.0,75350238.0,3.59,3.68,3.57,3.67,True,振华重工,False
2022-07-21,49.7,49.934,49.115,49.232,138511.0,50140982.0,3.66,3.68,3.61,3.62,True,振华重工,False
2022-07-22,49.115,49.817,48.998,49.349,136879.0,49687077.0,3.61,3.67,3.6,3.63,True,振华重工,False
2022-07-25,49.232,50.402,49.115,49.817,235618.0,86471806.0,3.62,3.72,3.61,3.67,True,振华重工,False
2022-07-26,49.7,49.7,48.179,49.232,152166.0,55084092.0,3.66,3.66,3.53,3.62,True,振华重工,False
2022-07-27,49.349,49.583,48.998,49.232,109282.0,39560084.0,3.63,3.65,3.6,3.62,True,振华重工,False
2022-07-28,49.583,50.168,49.115,49.349,145219.0,52714497.0,3.65,3.7,3.61,3.63,True,振华重工,False
2022-07-29,49.466,50.051,48.998,49.232,134002.0,48508724.0,3.64,3.69,3.6,3.62,True,振华重工,False
2022-08-01,49.349,49.466,48.881,48.998,117004.0,42121440.0,3.63,3.64,3.59,3.6,True,振华重工,False
2022-08-02,48.647,48.998,47.009,47.711,244132.0,85202068.0,3.57,3.6,3.43,3.49,True,振华重工,False
2022-08-03,47.594,48.53,47.009,47.243,194179.0,66991755.0,3.48,3.56,3.43,3.45,True,振华重工,False
2022-08-04,47.243,47.594,46.658,47.477,148465.0,51517355.0,3.45,3.48,3.4,3.47,True,振华重工,False
2022-08-05,47.594,47.594,46.775,47.477,112772.0,39131884.0,3.48,3.48,3.41,3.47,True,振华重工,False
2022-08-08,47.243,47.828,47.126,47.594,90454.0,31477992.0,3.45,3.5,3.44,3.48,True,振华重工,False
2022-08-09,47.711,47.711,46.892,47.243,109943.0,37930335.0,3.49,3.49,3.42,3.45,True,振华重工,False
2022-08-10,47.126,47.243,46.658,46.892,90445.0,30932190.0,3.44,3.45,3.4,3.42,True,振华重工,False
2022-08-11,46.892,50.519,46.892,49.817,413586.0,149718132.0,3.37,3.68,3.37,3.62,True,振华重工,False
2022-08-12,50.051,52.04,49.817,51.338,457155.0,171433125.0,3.64,3.81,3.62,3.75,True,振华重工,False
2022-08-15,51.338,51.923,50.753,51.689,284559.0,107563302.0,3.75,3.8,3.7,3.78,True,振华重工,False
2022-08-16,51.923,52.04,51.104,51.221,201046.0,75191204.0,3.8,3.81,3.73,3.74,True,振华重工,False
2022-08-17,51.689,51.806,51.221,51.572,205578.0,77502906.0,3.78,3.79,3.74,3.77,True,振华重工,False
2022-08-18,51.806,51.806,50.636,50.636,167807.0,61920783.0,3.79,3.79,3.69,3.69,True,振华重工,False
2022-08-19,50.87,51.221,50.285,50.285,130551.0,47781666.0,3.71,3.74,3.66,3.66,True,振华重工,False
2022-08-22,50.285,51.806,50.168,51.221,213484.0,79843016.0,3.66,3.79,3.65,3.74,True,振华重工,False
2022-08-23,51.104,51.455,50.636,50.987,115998.0,43151256.0,3.73,3.76,3.69,3.72,True,振华重工,False
2022-08-24,50.987,51.221,49.7,49.817,158075.0,57223150.0,3.72,3.74,3.61,3.62,True,振华重工,False
2022-08-25,49.934,51.221,49.817,50.519,172377.0,63434736.0,3.63,3.74,3.62,3.68,True,振华重工,False
2022-08-26,50.636,50.753,49.466,49.7,198920.0,71810120.0,3.69,3.7,3.59,3.61,True,振华重工,False
2022-08-29,49.115,51.572,49.115,51.455,277887.0,104485512.0,3.56,3.77,3.56,3.76,True,振华重工,False
2022-08-30,51.572,51.572,50.402,50.87,180283.0,66884993.0,3.77,3.77,3.67,3.71,True,振华重工,False
2022-08-31,50.285,50.636,48.881,48.998,231166.0,82063930.0,3.66,3.69,3.54,3.55,True,振华重工,False
2022-09-01,49.115,49.7,48.296,48.413,150852.0,52798200.0,3.56,3.61,3.49,3.5,True,振华重工,False
2022-09-02,48.296,49.232,48.296,48.53,87929.0,30863079.0,3.49,3.57,3.49,3.51,True,振华重工,False
2022-09-05,48.647,49.583,48.53,49.466,137123.0,49227157.0,3.52,3.6,3.51,3.59,True,振华重工,False
2022-09-06,49.583,50.519,49.349,50.402,159087.0,58384929.0,3.6,3.68,3.58,3.67,True,振华重工,False
2022-09-07,50.402,50.753,50.168,50.519,115257.0,42414576.0,3.67,3.7,3.65,3.68,True,振华重工,False
2022-09-08,50.519,50.87,50.168,50.402,106753.0,39178351.0,3.68,3.71,3.65,3.67,True,振华重工,False
2022-09-09,50.402,50.753,50.051,50.519,107969.0,39732592.0,3.67,3.7,3.64,3.68,True,振华重工,False
2022-09-13,50.636,50.636,49.466,49.7,121265.0,43776665.0,3.69,3.69,3.59,3.61,True,振华重工,False
2022-09-14,49.232,49.934,49.115,49.466,105681.0,37939479.0,3.57,3.63,3.56,3.59,True,振华重工,False
2022-09-15,49.583,49.934,47.477,48.062,200311.0,69507917.0,3.6,3.63,3.42,3.47,True,振华重工,False
2022-09-16,47.828,48.179,46.541,46.658,181092.0,60665820.0,3.45,3.48,3.34,3.35,True,振华重工,False
2022-09-19,46.541,46.775,45.488,45.956,145716.0,47940564.0,3.34,3.36,3.25,3.29,True,振华重工,False
2022-09-20,46.073,46.775,45.839,46.073,98644.0,32552520.0,3.3,3.36,3.28,3.3,True,振华重工,False
2022-09-21,46.307,47.009,45.488,46.775,111135.0,37341360.0,3.32,3.38,3.25,3.36,True,振华重工,False
2022-09-22,46.658,46.892,46.307,46.541,86872.0,29015248.0,3.35,3.37,3.32,3.34,True,振华重工,False
2022-09-23,46.658,47.477,46.073,46.658,129967.0,43538945.0,3.35,3.42,3.3,3.35,True,振华重工,False
2022-09-26,46.658,46.658,45.488,45.605,135430.0,44150180.0,3.35,3.35,3.25,3.26,True,振华重工,False
2022-09-27,45.488,46.19,45.371,45.956,75368.0,24796072.0,3.25,3.31,3.24,3.29,True,振华重工,False
2022-09-28,45.839,45.956,44.552,44.552,155533.0,49303961.0,3.28,3.29,3.17,3.17,True,振华重工,False
2022-09-29,45.02,45.137,43.967,44.318,117855.0,37124325.0,3.21,3.22,3.12,3.15,True,振华重工,False
2022-09-30,44.435,45.02,43.967,44.318,128927.0,40612005.0,3.16,3.21,3.12,3.15,True,振华重工,False
2022-10-10,44.669,44.786,43.733,43.967,84547.0,26378664.0,3.18,3.19,3.1,3.12,True,振华重工,False
2022-10-11,43.733,44.435,43.382,44.084,85176.0,26660088.0,3.1,3.16,3.07,3.13,True,振华重工,False
2022-10-12,44.201,44.903,43.616,44.903,93032.0,29770240.0,3.14,3.2,3.09,3.2,True,振华重工,False
2022-10-13,44.903,45.137,44.435,44.786,102018.0,32543742.0,3.2,3.22,3.16,3.19,True,振华重工,False
2022-10-14,44.903,45.371,44.786,45.137,84247.0,27127534.0,3.2,3.24,3.19,3.22,True,振华重工,False
2022-10-17,45.02,45.605,44.669,45.371,98980.0,32069520.000000004,3.21,3.26,3.18,3.24,True,振华重工,False
2022-10-18,45.605,45.605,45.254,45.371,90432.0,29299968.000000004,3.26,3.26,3.23,3.24,True,振华重工,False
2022-10-19,45.371,45.956,44.903,45.137,80147.0,25807334.0,3.24,3.29,3.2,3.22,True,振华重工,False
2022-10-20,45.254,45.371,44.552,45.02,81154.0,26050434.0,3.23,3.24,3.17,3.21,True,振华重工,False
2022-10-21,45.02,45.722,44.903,45.254,89365.0,28864895.0,3.21,3.27,3.2,3.23,True,振华重工,False
2022-10-24,45.254,46.073,44.786,45.02,135176.0,43391496.0,3.23,3.3,3.19,3.21,True,振华重工,False
2022-10-25,45.137,45.839,44.552,45.605,112512.0,36678912.0,3.22,3.28,3.17,3.26,True,振华重工,False
2022-10-26,45.839,46.073,45.488,45.839,125909.0,41298152.0,3.28,3.3,3.25,3.28,True,振华重工,False
2022-10-27,45.839,46.19,45.722,45.839,92832.0,30448896.0,3.28,3.31,3.27,3.28,True,振华重工,False
2022-10-28,45.605,46.073,44.435,44.786,123353.0,39349607.0,3.26,3.3,3.16,3.19,True,振华重工,False
2022-10-31,44.552,45.254,44.318,44.903,97281.0,31129920.0,3.17,3.23,3.15,3.2,True,振华重工,False
2022-11-01,44.786,45.956,44.669,45.839,102759.0,33704952.0,3.19,3.29,3.18,3.28,True,振华重工,False
2022-11-02,45.956,46.19,45.605,46.073,113726.0,37529580.0,3.29,3.31,3.26,3.3,True,振华重工,False
2022-11-03,45.839,46.073,45.371,45.488,77521.0,25194325.0,3.28,3.3,3.24,3.25,True,振华重工,False
2022-11-04,45.605,46.073,45.488,45.956,101826.0,33500754.0,3.26,3.3,3.25,3.29,True,振华重工,False
2022-11-07,45.839,46.307,45.722,46.073,107219.0,35382270.0,3.28,3.32,3.27,3.3,True,振华重工,False
2022-11-08,46.19,46.307,45.722,46.073,77237.0,25488210.0,3.31,3.32,3.27,3.3,True,振华重工,False
2022-11-09,46.307,46.307,45.839,45.956,71426.0,23499154.0,3.32,3.32,3.28,3.29,True,振华重工,False
2022-11-10,46.073,46.073,45.488,45.956,93024.0,30604896.0,3.3,3.3,3.25,3.29,True,振华重工,False
2022-11-11,46.307,46.775,46.073,46.073,164639.0,54330870.0,3.32,3.36,3.3,3.3,True,振华重工,False
2022-11-14,46.073,46.541,45.839,46.073,159512.0,52638960.0,3.3,3.34,3.28,3.3,True,振华重工,False
2022-11-15,46.073,46.307,45.839,46.307,116163.0,38566116.0,3.3,3.32,3.28,3.32,True,振华重工,False
2022-11-16,46.307,46.541,45.956,46.073,91186.0,30091380.0,3.32,3.34,3.29,3.3,True,振华重工,False
2022-11-17,45.839,46.073,45.605,45.839,105119.0,34479032.0,3.28,3.3,3.26,3.28,True,振华重工,False
2022-11-18,45.956,46.073,45.605,45.605,119427.0,38933202.0,3.29,3.3,3.26,3.26,True,振华重工,False
2022-11-21,45.488,45.605,45.137,45.488,103040.0,33488000.0,3.25,3.26,3.22,3.25,True,振华重工,False
2022-11-22,45.488,46.541,45.254,45.722,213836.0,69924372.0,3.25,3.34,3.23,3.27,True,振华重工,False
2022-11-23,45.722,47.126,45.605,46.541,307202.0,102605468.0,3.27,3.39,3.26,3.34,True,振华重工,False
2022-11-24,46.775,46.775,45.956,46.073,141356.0,46647480.0,3.36,3.36,3.29,3.3,True,振华重工,False
2022-11-25,46.073,46.658,45.839,46.424,120316.0,40065228.0,3.3,3.35,3.28,3.33,True,振华重工,False
2022-11-28,46.19,46.307,45.371,45.956,167958.0,55258182.0,3.31,3.32,3.24,3.29,True,振华重工,False
2022-11-29,45.956,46.541,45.956,46.541,128499.0,42918666.0,3.29,3.34,3.29,3.34,True,振华重工,False
2022-11-30,46.658,46.658,46.307,46.424,101056.0,33651648.0,3.35,3.35,3.32,3.33,True,振华重工,False
2022-12-01,46.658,46.892,46.424,46.658,136531.0,45737885.0,3.35,3.37,3.33,3.35,True,振华重工,False
2022-12-02,46.541,46.892,46.424,46.424,83698.0,27871434.0,3.34,3.37,3.33,3.33,True,振华重工,False
2022-12-05,46.658,47.828,46.541,47.711,249352.0,85777088.0,3.35,3.45,3.34,3.44,True,振华重工,False
2022-12-06,47.594,47.594,47.126,47.243,173912.0,59130080.0,3.43,3.43,3.39,3.4,True,振华重工,False
2022-12-07,47.243,47.594,47.126,47.243,118975.0,40451500.0,3.4,3.43,3.39,3.4,True,振华重工,False
2022-12-08,47.243,47.477,47.009,47.36,98858.0,33710578.0,3.4,3.42,3.38,3.41,True,振华重工,False
2022-12-09,47.36,47.594,47.009,47.126,149401.0,50646939.0,3.41,3.43,3.38,3.39,True,振华重工,False
2022-12-12,47.126,47.126,46.541,46.658,130510.0,43720850.0,3.39,3.39,3.34,3.35,True,振华重工,False
2022-12-13,46.775,47.009,46.541,46.658,98803.0,33099005.0,3.36,3.38,3.34,3.35,True,振华重工,False
2022-12-14,46.775,46.775,46.19,46.424,78949.0,26290017.0,3.36,3.36,3.31,3.33,True,振华重工,False
2022-12-15,46.307,46.541,46.073,46.073,79579.0,26261070.0,3.32,3.34,3.3,3.3,True,振华重工,False
2022-12-16,45.956,46.541,45.839,46.19,86872.0,28754632.0,3.29,3.34,3.28,3.31,True,振华重工,False
2022-12-19,46.307,46.424,45.371,45.605,104473.0,34058198.0,3.32,3.33,3.24,3.26,True,振华重工,False
2022-12-20,45.488,46.541,45.371,46.073,121539.0,40107870.0,3.25,3.34,3.24,3.3,True,振华重工,False
2022-12-21,46.073,46.307,45.371,45.488,96720.0,31434000.0,3.3,3.32,3.24,3.25,True,振华重工,False
2022-12-22,45.722,45.722,44.669,44.786,115360.0,36799840.0,3.27,3.27,3.18,3.19,True,振华重工,False
2022-12-23,44.786,45.137,44.435,44.669,79737.0,25356366.0,3.19,3.22,3.16,3.18,True,振华重工,False
2022-12-26,44.669,45.02,44.552,44.786,59042.0,18834398.0,3.18,3.21,3.17,3.19,True,振华重工,False
2022-12-27,45.02,45.371,44.669,45.254,87160.0,28152680.0,3.21,3.24,3.18,3.23,True,振华重工,False
2022-12-28,45.137,45.488,44.903,45.02,51412.0,16503252.0,3.22,3.25,3.2,3.21,True,振华重工,False
2022-12-29,45.137,45.137,44.669,44.786,59875.0,19100125.0,3.22,3.22,3.18,3.19,True,振华重工,False
2022-12-30,44.903,45.137,44.786,45.02,50949.0,16354629.0,3.2,3.22,3.19,3.21,True,振华重工,False
2023-01-03,44.903,45.722,44.786,45.371,87124.0,28228176.0,3.2,3.27,3.19,3.24,True,振华重工,False
2023-01-04,45.488,45.722,45.254,45.605,71737.0,23386262.0,3.25,3.27,3.23,3.26,True,振华重工,False
2023-01-05,45.722,45.956,45.371,45.488,94188.0,30611100.0,3.27,3.29,3.24,3.25,True,振华重工,False
2023-01-06,45.488,45.722,45.254,45.371,60632.0,19644768.0,3.25,3.27,3.23,3.24,True,振华重工,False
2023-01-09,45.371,45.605,45.254,45.254,74906.0,24194638.0,3.24,3.26,3.23,3.23,True,振华重工,False
2023-01-10,45.254,45.488,44.786,44.903,66190.0,21180800.0,3.23,3.25,3.19,3.2,True,振华重工,False
2023-01-11,44.903,45.137,44.552,44.669,113238.0,36009684.0,3.2,3.22,3.17,3.18,True,振华重工,False
2023-01-12,44.435,44.786,44.435,44.552,74128.0,23498576.0,3.16,3.19,3.16,3.17,True,振华重工,False
2023-01-13,44.552,44.786,44.435,44.669,81695.0,25979010.0,3.17,3.19,3.16,3.18,True,振华重工,False
2023-01-16,44.552,45.137,44.435,44.903,95841.0,30669120.0,3.17,3.22,3.16,3.2,True,振华重工,False
2023-01-17,45.02,45.371,44.903,45.254,71396.0,23060908.0,3.21,3.24,3.2,3.23,True,振华重工,False
2023-01-18,45.371,45.371,45.137,45.254,65933.0,21296359.0,3.24,3.24,3.22,3.23,True,振华重工,False
2023-01-19,45.137,45.488,45.137,45.254,89496.0,28907208.0,3.22,3.25,3.22,3.23,True,振华重工,False
2023-01-20,45.371,45.956,45.254,45.839,117620.0,38579360.0,3.24,3.29,3.23,3.28,True,振华重工,False
2023-01-30,46.19,46.424,45.839,46.073,122095.0,40291350.0,3.31,3.33,3.28,3.3,True,振华重工,False
2023-01-31,46.073,46.424,45.839,46.307,91565.0,30399580.0,3.3,3.33,3.28,3.32,True,振华重工,False
2023-02-01,46.307,46.658,46.19,46.424,122158.0,40678614.0,3.32,3.35,3.31,3.33,True,振华重工,False
2023-02-02,46.658,46.775,46.307,46.307,88380.0,29342160.0,3.35,3.36,3.32,3.32,True,振华重工,False
2023-02-03,46.424,46.541,45.956,46.307,111918.0,37156776.0,3.33,3.34,3.29,3.32,True,振华重工,False
2023-02-06,46.658,49.466,46.658,47.945,525541.0,181837186.0,3.35,3.59,3.35,3.46,True,振华重工,False
2023-02-07,48.179,49.232,47.594,48.647,408493.0,143789536.0,3.48,3.57,3.43,3.52,True,振华重工,False
2023-02-08,48.881,49.115,48.413,48.53,259015.0,90914265.0,3.54,3.56,3.5,3.51,True,振华重工,False
2023-02-09,48.764,51.455,48.53,50.753,637847.0,236003390.0,3.53,3.76,3.51,3.7,True,振华重工,False
2023-02-10,51.338,54.263,50.987,53.912,1049805.0,416772585.0,3.75,4.0,3.72,3.97,True,振华重工,False
2023-02-13,55.316,55.667,53.912,54.38,1031431.0,413603831.0,4.09,4.12,3.97,4.01,True,振华重工,False
2023-02-14,54.497,54.731,52.742,53.21,667891.0,261145381.0,4.02,4.04,3.87,3.91,True,振华重工,False
2023-02-15,53.093,53.093,52.157,52.625,462265.0,178434290.0,3.9,3.9,3.82,3.86,True,振华重工,False
2023-02-16,52.742,52.859,51.104,51.572,487765.0,183887405.0,3.87,3.88,3.73,3.77,True,振华重工,False
2023-02-17,51.221,51.923,50.987,51.689,398890.0,150780420.0,3.74,3.8,3.72,3.78,True,振华重工,False
2023-02-20,51.806,56.135,51.689,56.135,1012615.0,421247840.0,3.79,4.16,3.78,4.16,True,振华重工,False
2023-02-21,57.539,58.826,55.667,56.72,1374396.0,578620716.0,4.28,4.39,4.12,4.21,True,振华重工,False
2023-02-22,56.72,57.071,55.667,56.252,626563.0,261276771.0,4.21,4.24,4.12,4.17,True,振华重工,False
2023-02-23,56.018,56.252,55.55,55.784,402576.0,166263888.0,4.15,4.17,4.11,4.13,True,振华重工,False
2023-02-24,56.135,57.539,55.433,56.603,639467.0,268576140.0,4.16,4.28,4.1,4.2,True,振华重工,False
2023-02-27,56.486,56.486,54.731,54.848,440421.0,178370505.0,4.19,4.19,4.04,4.05,True,振华重工,False
2023-02-28,55.082,55.784,54.848,55.784,302139.0,124783407.0,4.07,4.13,4.05,4.13,True,振华重工,False
2023-03-01,55.901,55.901,55.082,55.55,286343.0,117686973.0,4.14,4.14,4.07,4.11,True,振华重工,False
2023-03-02,55.316,56.954,55.199,55.667,410090.0,168957080.0,4.09,4.23,4.08,4.12,True,振华重工,False
2023-03-03,55.901,56.369,55.316,56.135,410992.0,170972672.0,4.14,4.18,4.09,4.16,True,振华重工,False
2023-03-06,56.603,56.603,55.784,56.018,284940.0,118250100.0,4.2,4.2,4.13,4.15,True,振华重工,False
2023-03-07,55.901,56.603,55.199,55.199,436036.0,177902688.0,4.14,4.2,4.08,4.08,True,振华重工,False
2023-03-08,55.199,55.784,54.965,55.55,277515.0,114058665.0,4.08,4.13,4.06,4.11,True,振华重工,False
2023-03-09,55.433,55.55,54.614,55.316,271065.0,110865585.0,4.1,4.11,4.03,4.09,True,振华重工,False
2023-03-10,55.082,55.199,54.029,54.029,367100.0,146105800.0,4.07,4.08,3.98,3.98,True,振华重工,False
2023-03-13,53.561,55.316,53.444,55.316,359689.0,147112801.0,3.94,4.09,3.93,4.09,True,振华重工,False
2023-03-14,55.433,55.55,53.678,54.146,288159.0,114975441.0,4.1,4.11,3.95,3.99,True,振华重工,False
2023-03-15,54.263,55.082,53.912,54.848,237814.0,96314670.0,4.0,4.07,3.97,4.05,True,振华重工,False
2023-03-16,54.614,54.614,53.678,53.912,193843.0,76955671.0,4.03,4.03,3.95,3.97,True,振华重工,False
2023-03-17,54.029,55.316,53.912,54.848,231839.0,93894795.0,3.98,4.09,3.97,4.05,True,振华重工,False
2023-03-20,55.082,55.316,53.912,54.146,254399.0,101505201.0,4.07,4.09,3.97,3.99,True,振华重工,False
2023-03-21,54.263,54.731,54.029,54.614,168795.0,68024385.0,4.0,4.04,3.98,4.03,True,振华重工,False
2023-03-22,54.848,54.965,54.263,54.614,156048.0,62887344.00000001,4.05,4.06,4.0,4.03,True,振华重工,False
2023-03-23,54.731,54.731,53.912,54.497,198115.0,79642229.99999999,4.04,4.04,3.97,4.02,True,振华重工,False
2023-03-24,54.497,54.614,53.795,54.146,155482.0,62037318.0,4.02,4.03,3.96,3.99,True,振华重工,False
2023-03-27,54.263,54.38,52.976,53.327,280211.0,109842712.0,4.0,4.01,3.89,3.92,True,振华重工,False
2023-03-28,53.327,53.678,53.093,53.21,147602.0,57712382.0,3.92,3.95,3.9,3.91,True,振华重工,False
2023-03-29,53.093,53.444,52.508,52.742,192008.0,74307096.0,3.9,3.93,3.85,3.87,True,振华重工,False
2023-03-30,52.742,53.444,52.157,52.859,193803.0,75195564.0,3.87,3.93,3.82,3.88,True,振华重工,False
2023-03-31,52.976,54.146,52.859,53.912,298026.0,118316322.0,3.89,3.99,3.88,3.97,True,振华重工,False
2023-04-03,53.912,54.38,53.444,53.561,222368.0,87612992.0,3.97,4.01,3.93,3.94,True,振华重工,False
2023-04-04,53.912,54.263,53.21,53.795,212545.0,84167820.0,3.97,4.0,3.91,3.96,True,振华重工,False
2023-04-06,53.678,55.667,53.678,53.795,304668.0,120648528.0,3.95,4.12,3.95,3.96,True,振华重工,False
2023-04-07,53.678,54.146,53.21,53.327,176419.0,69156248.0,3.95,3.99,3.91,3.92,True,振华重工,False
2023-04-10,53.327,53.678,52.859,53.093,157390.0,61382100.0,3.92,3.95,3.88,3.9,True,振华重工,False
2023-04-11,53.21,53.21,52.508,52.742,146118.0,56547666.0,3.91,3.91,3.85,3.87,True,振华重工,False
2023-04-12,52.625,53.912,52.508,53.561,219950.0,86660300.0,3.86,3.97,3.85,3.94,True,振华重工,False
2023-04-13,53.678,54.263,53.444,53.912,181447.0,72034459.0,3.95,4.0,3.93,3.97,True,振华重工,False
2023-04-14,53.912,54.029,53.21,53.327,159498.0,62523216.0,3.97,3.98,3.91,3.92,True,振华重工,False
2023-04-17,53.444,54.731,53.21,53.912,416006.0,165154382.0,3.93,4.04,3.91,3.97,True,振华重工,False
2023-04-18,53.795,54.848,53.795,54.614,267291.0,107718273.0,3.96,4.05,3.96,4.03,True,振华重工,False
2023-04-19,54.497,54.614,53.561,53.795,196344.0,77752224.0,4.02,4.03,3.94,3.96,True,振华重工,False
2023-04-20,53.678,54.146,52.976,54.029,174334.0,69384932.0,3.95,3.99,3.89,3.98,True,振华重工,False
2023-04-21,54.029,55.199,53.327,53.561,327437.0,129010178.0,3.98,4.08,3.92,3.94,True,振华重工,False
2023-04-24,53.561,53.678,52.274,52.742,307526.0,119012562.0,3.94,3.95,3.83,3.87,True,振华重工,False
2023-04-25,52.625,53.327,51.923,52.508,201859.0,77715715.0,3.86,3.92,3.8,3.85,True,振华重工,False
2023-04-26,52.391,52.742,52.04,52.391,198243.0,76125312.0,3.84,3.87,3.81,3.84,True,振华重工,False
2023-04-27,52.157,53.678,52.157,53.327,208893.0,81886056.0,3.82,3.95,3.82,3.92,True,振华重工,False
2023-04-28,53.093,54.146,53.093,53.678,405488.0,160167760.0,3.9,3.99,3.9,3.95,True,振华重工,False
2023-05-04,53.795,55.316,53.795,54.731,565654.0,228524216.0,3.96,4.09,3.96,4.04,True,振华重工,False
2023-05-05,54.614,55.433,54.146,54.497,305233.0,122703666.0,4.03,4.1,3.99,4.02,True,振华重工,False
2023-05-08,54.731,55.901,54.614,54.965,811720.0,329558319.99999994,4.04,4.14,4.03,4.06,True,振华重工,False
2023-05-09,55.082,56.486,55.082,55.316,618791.0,253085519.0,4.07,4.19,4.07,4.09,True,振华重工,False
2023-05-10,55.433,55.667,54.38,54.614,399997.0,161198791.0,4.1,4.12,4.01,4.03,True,振华重工,False
2023-05-11,54.731,54.848,54.029,54.146,228961.0,91355439.0,4.04,4.05,3.98,3.99,True,振华重工,False
2023-05-12,54.029,54.263,53.21,53.21,238479.0,93245289.0,3.98,4.0,3.91,3.91,True,振华重工,False
2023-05-15,53.327,53.444,51.104,52.391,429510.0,164931840.0,3.92,3.93,3.73,3.84,True,振华重工,False
2023-05-16,52.508,52.508,51.221,51.338,293810.0,110178750.0,3.85,3.85,3.74,3.75,True,振华重工,False
2023-05-17,51.338,53.327,51.221,52.859,401886.0,155931768.0,3.75,3.92,3.74,3.88,True,振华重工,False
2023-05-18,52.859,53.327,52.508,52.859,266542.0,103418296.0,3.88,3.92,3.85,3.88,True,振华重工,False
2023-05-19,52.859,52.976,51.572,51.689,211476.0,79937928.0,3.88,3.89,3.77,3.78,True,振华重工,False
2023-05-22,51.455,52.04,51.338,51.689,197376.0,74608128.0,3.76,3.81,3.75,3.78,True,振华重工,False
2023-05-23,51.806,51.923,50.285,50.402,234089.0,85910663.0,3.79,3.8,3.66,3.67,True,振华重工,False
2023-05-24,50.285,50.519,49.817,49.817,174899.0,63313438.0,3.66,3.68,3.62,3.62,True,振华重工,False
2023-05-25,49.7,50.402,49.349,50.051,174151.0,63390964.0,3.61,3.67,3.58,3.64,True,振华重工,False
2023-05-26,50.051,50.285,49.232,50.051,146462.0,53312168.0,3.64,3.66,3.57,3.64,True,振华重工,False
2023-05-29,49.817,50.87,49.817,50.285,170128.0,62266848.0,3.62,3.71,3.62,3.66,True,振华重工,False
2023-05-30,50.168,51.104,49.817,50.519,187734.0,69086112.0,3.65,3.73,3.62,3.68,True,振华重工,False
2023-05-31,50.636,50.753,49.934,50.402,151162.0,55476454.0,3.69,3.7,3.63,3.67,True,振华重工,False
2023-06-01,50.402,51.455,50.168,50.87,207286.0,76903106.0,3.67,3.76,3.65,3.71,True,振华重工,False
2023-06-02,50.87,51.104,50.402,50.519,166182.0,61154976.0,3.71,3.73,3.67,3.68,True,振华重工,False
2023-06-05,50.519,50.519,49.583,49.934,168715.0,61243545.0,3.68,3.68,3.6,3.63,True,振华重工,False
2023-06-06,50.051,50.051,48.998,49.115,161536.0,57506816.0,3.64,3.64,3.55,3.56,True,振华重工,False
2023-06-07,49.115,49.7,48.881,49.232,118349.0,42250593.0,3.56,3.61,3.54,3.57,True,振华重工,False
2023-06-08,49.115,50.051,48.998,49.817,182448.0,66046176.0,3.56,3.64,3.55,3.62,True,振华重工,False
2023-06-09,49.817,51.104,49.7,50.636,259292.0,95678748.0,3.62,3.73,3.61,3.69,True,振华重工,False
2023-06-12,50.753,51.338,50.285,50.285,182762.0,66890892.0,3.7,3.75,3.66,3.66,True,振华重工,False
2023-06-13,50.402,50.636,49.817,50.051,126395.0,46007780.0,3.67,3.69,3.62,3.64,True,振华重工,False
2023-06-14,50.402,50.753,49.583,50.519,240923.0,88659664.0,3.67,3.7,3.6,3.68,True,振华重工,False
2023-06-15,50.402,50.519,49.466,49.7,224215.0,80941615.0,3.67,3.68,3.59,3.61,True,振华重工,False
2023-06-16,49.934,50.636,49.7,50.402,205238.0,75322346.0,3.63,3.69,3.61,3.67,True,振华重工,False
2023-06-19,50.285,50.87,50.051,50.636,204082.0,75306258.0,3.66,3.71,3.64,3.69,True,振华重工,False
2023-06-20,50.402,50.636,49.817,50.285,138906.0,50839596.0,3.67,3.69,3.62,3.66,True,振华重工,False
2023-06-21,50.168,50.519,49.583,49.7,145254.0,52436694.0,3.65,3.68,3.6,3.61,True,振华重工,False
2023-06-26,49.583,49.934,48.764,48.881,197460.0,69900840.0,3.6,3.63,3.53,3.54,True,振华重工,False
2023-06-27,49.115,50.87,48.764,50.636,267072.0,98549568.0,3.56,3.71,3.53,3.69,True,振华重工,False
2023-06-28,50.636,50.987,50.051,50.87,162821.0,60406591.0,3.69,3.72,3.64,3.71,True,振华重工,False
2023-06-29,50.987,51.689,50.636,51.572,203726.0,76804702.0,3.72,3.78,3.69,3.77,True,振华重工,False
2023-06-30,51.689,51.689,50.987,51.104,156521.0,58382333.0,3.78,3.78,3.72,3.73,True,振华重工,False
2023-07-03,51.104,51.689,50.987,51.455,150824.0,56709824.0,3.73,3.78,3.72,3.76,True,振华重工,False
2023-07-04,51.455,51.455,50.87,51.104,137022.0,51109206.0,3.76,3.76,3.71,3.73,True,振华重工,False
2023-07-05,51.338,51.338,50.636,50.753,115090.0,42583300.0,3.75,3.75,3.69,3.7,True,振华重工,False
2023-07-06,50.636,50.987,50.285,50.402,115407.0,42354369.0,3.69,3.72,3.66,3.67,True,振华重工,False
2023-07-07,50.402,50.87,50.168,50.402,107196.0,39340932.0,3.67,3.71,3.65,3.67,True,振华重工,False
2023-07-10,50.168,50.987,50.051,50.87,164976.0,61206096.0,3.65,3.72,3.64,3.71,True,振华重工,False
2023-07-11,50.636,51.104,50.519,50.87,108292.0,40176332.0,3.69,3.73,3.68,3.71,True,振华重工,False
2023-07-12,50.753,50.753,49.817,49.934,138434.0,50251542.0,3.7,3.7,3.62,3.63,True,振华重工,False
2023-07-13,49.934,50.285,49.817,50.051,128377.0,46729228.0,3.63,3.66,3.62,3.64,True,振华重工,False
2023-07-14,49.934,50.519,49.934,50.051,113765.0,41410460.0,3.63,3.68,3.63,3.64,True,振华重工,False
2023-07-17,49.817,50.285,49.583,50.168,113753.0,41519845.0,3.62,3.66,3.6,3.65,True,振华重工,False
2023-07-18,50.402,51.923,50.168,51.455,398060.0,149670560.0,3.67,3.8,3.65,3.76,True,振华重工,False
2023-07-19,51.455,51.572,50.753,51.221,202948.0,75902552.0,3.76,3.77,3.7,3.74,True,振华重工,False
2023-07-20,51.221,51.572,50.636,50.753,150507.0,55687590.0,3.74,3.77,3.69,3.7,True,振华重工,False
2023-07-21,50.753,51.221,50.519,50.753,157732.0,58360840.0,3.7,3.74,3.68,3.7,True,振华重工,False
2023-07-24,50.519,50.987,50.402,50.519,106876.0,39330368.0,3.68,3.72,3.67,3.68,True,振华重工,False
2023-07-25,50.753,51.689,50.753,51.455,183909.0,69149784.0,3.7,3.78,3.7,3.76,True,振华重工,False
2023-07-26,51.689,51.923,51.221,51.689,151688.0,57338064.0,3.78,3.8,3.74,3.78,True,振华重工,False
2023-07-27,51.572,54.263,51.572,52.508,611343.0,235367055.0,3.77,4.0,3.77,3.85,True,振华重工,False
2023-07-28,52.742,53.561,52.157,53.444,447375.0,175818375.0,3.87,3.94,3.82,3.93,True,振华重工,False
2023-07-31,53.327,53.912,53.21,53.444,308594.0,121277442.0,3.92,3.97,3.91,3.93,True,振华重工,False
2023-08-01,53.678,54.146,53.327,54.029,290864.0,115763872.0,3.95,3.99,3.92,3.98,True,振华重工,False
2023-08-02,53.912,54.029,53.561,53.678,179149.0,70763855.0,3.97,3.98,3.94,3.95,True,振华重工,False
2023-08-03,53.795,53.912,53.21,53.444,183862.0,72257766.0,3.96,3.97,3.91,3.93,True,振华重工,False
2023-08-04,53.444,53.795,53.093,53.327,192340.0,75397280.0,3.93,3.96,3.9,3.92,True,振华重工,False
2023-08-07,53.327,53.678,52.976,53.327,172974.0,67805808.0,3.92,3.95,3.89,3.92,True,振华重工,False
2023-08-08,53.444,53.444,52.391,52.625,204524.0,78946264.0,3.93,3.93,3.84,3.86,True,振华重工,False
2023-08-09,52.742,52.742,52.04,52.274,135923.0,52058509.0,3.87,3.87,3.81,3.83,True,振华重工,False
2023-08-10,52.274,52.391,51.923,52.04,132471.0,50471451.0,3.83,3.84,3.8,3.81,True,振华重工,False
2023-08-11,52.04,52.157,51.104,51.338,156532.0,58699500.0,3.81,3.82,3.73,3.75,True,振华重工,False
2023-08-14,50.87,51.689,50.87,51.455,148773.0,55938648.0,3.71,3.78,3.71,3.76,True,振华重工,False
2023-08-15,51.572,51.689,50.87,51.338,113196.0,42448500.0,3.77,3.78,3.71,3.75,True,振华重工,False
2023-08-16,51.104,51.221,50.636,50.753,130505.0,48286850.0,3.73,3.74,3.69,3.7,True,振华重工,False
2023-08-17,50.402,51.455,50.402,51.338,159421.0,59782875.0,3.67,3.76,3.67,3.75,True,振华重工,False
2023-08-18,51.221,51.689,50.636,50.753,167263.0,61887310.0,3.74,3.78,3.69,3.7,True,振华重工,False
2023-08-21,50.753,51.221,50.402,50.402,148170.0,54378390.0,3.7,3.74,3.67,3.67,True,振华重工,False
2023-08-22,50.402,50.87,50.051,50.636,180092.0,66453948.0,3.67,3.71,3.64,3.69,True,振华重工,False
2023-08-23,50.636,50.87,50.051,50.168,160118.0,58443070.0,3.69,3.71,3.64,3.65,True,振华重工,False
2023-08-24,50.285,50.519,49.115,49.115,272476.0,97001456.0,3.66,3.68,3.56,3.56,True,振华重工,False
2023-08-25,48.998,49.934,48.647,48.764,197687.0,69783511.0,3.55,3.63,3.52,3.53,True,振华重工,False
2023-08-28,50.753,50.753,49.466,49.583,262233.0,94403880.0,3.7,3.7,3.59,3.6,True,振华重工,False
2023-08-29,50.051,50.519,49.466,50.285,300163.0,109859658.0,3.64,3.68,3.59,3.66,True,振华重工,False
2023-08-30,50.285,50.636,49.349,49.466,270823.0,97225457.0,3.66,3.69,3.58,3.59,True,振华重工,False
2023-08-31,49.466,49.7,48.296,48.53,303211.0,106427061.0,3.59,3.61,3.49,3.51,True,振华重工,False
2023-09-01,48.413,49.466,48.413,49.115,229619.0,81744364.0,3.5,3.59,3.5,3.56,True,振华重工,False
2023-09-04,49.115,50.168,48.998,50.168,231668.0,84558820.0,3.56,3.65,3.55,3.65,True,振华重工,False
2023-09-05,50.168,50.168,49.583,49.817,160200.0,57992400.0,3.65,3.65,3.6,3.62,True,振华重工,False
2023-09-06,49.7,50.168,49.583,50.168,159539.0,58231735.0,3.61,3.65,3.6,3.65,True,振华重工,False
2023-09-07,50.051,50.168,49.115,49.232,153403.0,54764871.0,3.64,3.65,3.56,3.57,True,振华重工,False
2023-09-08,49.232,49.7,48.998,49.349,124085.0,44422430.0,3.57,3.61,3.55,3.58,True,振华重工,False
2023-09-11,49.349,50.051,48.998,49.817,185910.0,67299420.0,3.58,3.64,3.55,3.62,True,振华重工,False
2023-09-12,49.817,50.285,49.7,50.168,149905.0,54715325.0,3.62,3.66,3.61,3.65,True,振华重工,False
2023-09-13,50.051,50.285,49.466,49.7,148680.0,53673480.0,3.64,3.66,3.59,3.61,True,振华重工,False
2023-09-14,49.7,49.7,49.349,49.466,113391.0,40707369.0,3.61,3.61,3.58,3.59,True,振华重工,False
2023-09-15,49.7,49.7,48.998,49.583,160675.0,57843000.0,3.61,3.61,3.55,3.6,True,振华重工,False
2023-09-18,49.349,49.349,48.53,48.998,213618.0,75834390.0,3.58,3.58,3.51,3.55,True,振华重工,False
2023-09-19,49.115,49.817,48.764,49.466,176519.0,63370321.0,3.56,3.62,3.53,3.59,True,振华重工,False
2023-09-20,49.466,49.583,48.881,48.998,166366.0,59059930.0,3.59,3.6,3.54,3.55,True,振华重工,False
2023-09-21,48.998,49.583,48.881,49.115,157704.0,56142624.0,3.55,3.6,3.54,3.56,True,振华重工,False
2023-09-22,48.998,49.583,48.881,49.583,139268.0,50136480.0,3.55,3.6,3.54,3.6,True,振华重工,False
2023-09-25,49.583,50.051,49.349,49.583,209796.0,75526560.0,3.6,3.64,3.58,3.6,True,振华重工,False
2023-09-26,49.583,50.051,49.349,49.934,166802.0,60549126.0,3.6,3.64,3.58,3.63,True,振华重工,False
2023-09-27,49.817,51.104,49.817,50.519,273253.0,100557104.0,3.62,3.73,3.62,3.68,True,振华重工,False
2023-09-28,50.636,50.753,50.051,50.519,150197.0,55272496.0,3.69,3.7,3.64,3.68,True,振华重工,False
2023-10-09,50.519,50.519,50.051,50.168,149534.0,54579910.0,3.68,3.68,3.64,3.65,True,振华重工,False
2023-10-10,50.285,50.753,48.764,48.881,315995.0,111862230.0,3.66,3.7,3.53,3.54,True,振华重工,False
2023-10-11,48.764,48.881,47.945,48.179,318676.0,110899248.0,3.53,3.54,3.46,3.48,True,振华重工,False
2023-10-12,48.413,48.764,48.062,48.647,202456.0,71264512.0,3.5,3.53,3.47,3.52,True,振华重工,False
2023-10-13,48.413,48.53,47.828,48.062,169627.0,58860569.0,3.5,3.51,3.45,3.47,True,振华重工,False
2023-10-16,48.296,48.296,47.711,47.828,149627.0,51621315.0,3.49,3.49,3.44,3.45,True,振华重工,False
2023-10-17,47.945,48.296,47.828,48.179,166303.0,57873444.0,3.46,3.49,3.45,3.48,True,振华重工,False
2023-10-18,48.179,48.179,47.126,47.243,163269.0,55511460.0,3.48,3.48,3.39,3.4,True,振华重工,False
2023-10-19,47.126,47.594,47.009,47.009,160763.0,54337894.0,3.39,3.43,3.38,3.38,True,振华重工,False
2023-10-20,47.009,47.477,46.775,47.009,146640.0,49564320.0,3.38,3.42,3.36,3.38,True,振华重工,False
2023-10-23,47.009,47.126,45.839,46.073,184999.0,61049670.0,3.38,3.39,3.28,3.3,True,振华重工,False
2023-10-24,46.073,46.892,46.073,46.658,165723.0,55517205.0,3.3,3.37,3.3,3.35,True,振华重工,False
2023-10-25,46.892,47.594,46.775,47.477,189444.0,64789848.0,3.37,3.43,3.36,3.42,True,振华重工,False
2023-10-26,47.243,47.828,47.009,47.828,155591.0,53678895.0,3.4,3.45,3.38,3.45,True,振华重工,False
2023-10-27,47.594,48.179,47.594,48.062,155272.0,53879384.0,3.43,3.48,3.43,3.47,True,振华重工,False
2023-10-30,47.828,48.296,47.711,48.062,158359.0,54950573.0,3.45,3.49,3.44,3.47,True,振华重工,False
2023-10-31,48.062,48.179,47.009,47.243,246111.0,83677740.0,3.47,3.48,3.38,3.4,True,振华重工,False
2023-11-01,47.36,47.477,46.658,47.009,209600.0,70844800.0,3.41,3.42,3.35,3.38,True,振华重工,False
2023-11-02,47.126,47.36,46.775,46.775,147777.0,49653072.0,3.39,3.41,3.36,3.36,True,振华重工,False
2023-11-03,46.892,47.477,46.775,47.243,151600.0,51544000.0,3.37,3.42,3.36,3.4,True,振华重工,False
2023-11-06,47.36,47.945,47.126,47.828,208176.0,71820720.0,3.41,3.46,3.39,3.45,True,振华重工,False
2023-11-07,47.711,47.828,47.36,47.594,147953.0,50747879.0,3.44,3.45,3.41,3.43,True,振华重工,False
2023-11-08,47.594,48.062,47.36,47.594,158704.0,54435472.0,3.43,3.47,3.41,3.43,True,振华重工,False
2023-11-09,47.711,47.828,47.243,47.36,165289.0,56363549.0,3.44,3.45,3.4,3.41,True,振华重工,False
2023-11-10,47.243,47.36,46.775,46.892,127879.0,43095223.0,3.4,3.41,3.36,3.37,True,振华重工,False
2023-11-13,47.009,47.594,46.892,47.477,134578.0,46025676.0,3.38,3.43,3.37,3.42,True,振华重工,False
2023-11-14,47.594,48.296,47.477,47.711,179823.0,61859112.0,3.43,3.49,3.42,3.44,True,振华重工,False
2023-11-15,47.945,48.062,47.594,47.711,122766.0,42231504.0,3.46,3.47,3.43,3.44,True,振华重工,False
2023-11-16,47.594,47.711,47.126,47.243,129781.0,44125540.0,3.43,3.44,3.39,3.4,True,振华重工,False
2023-11-17,47.243,47.36,46.892,47.243,108807.0,36994380.0,3.4,3.41,3.37,3.4,True,振华重工,False
2023-11-20,47.36,48.179,47.126,48.062,245948.0,85343956.0,3.41,3.48,3.39,3.47,True,振华重工,False
2023-11-21,48.062,48.179,47.36,47.711,172400.0,59305600.0,3.47,3.48,3.41,3.44,True,振华重工,False
2023-11-22,47.477,47.711,47.126,47.126,123852.0,41985828.0,3.42,3.44,3.39,3.39,True,振华重工,False
2023-11-23,47.126,47.477,46.892,47.243,149094.0,50691960.0,3.39,3.42,3.37,3.4,True,振华重工,False
2023-11-24,47.126,47.243,46.658,46.775,172264.0,57880704.0,3.39,3.4,3.35,3.36,True,振华重工,False
2023-11-27,46.775,46.892,46.19,46.541,162795.0,54373530.0,3.36,3.37,3.31,3.34,True,振华重工,False
2023-11-28,46.658,47.009,46.19,46.892,118572.0,39958764.0,3.35,3.38,3.31,3.37,True,振华重工,False
2023-11-29,46.892,46.892,46.424,46.658,137060.0,45915100.0,3.37,3.37,3.33,3.35,True,振华重工,False
2023-11-30,46.424,47.009,46.424,46.775,145493.0,48885648.0,3.33,3.38,3.33,3.36,True,振华重工,False
2023-12-01,46.775,47.36,46.541,47.36,171363.0,58434783.0,3.36,3.41,3.34,3.41,True,振华重工,False
2023-12-04,47.36,47.711,47.126,47.36,147285.0,50224185.0,3.41,3.44,3.39,3.41,True,振华重工,False
2023-12-05,47.36,47.36,46.775,46.775,165487.0,55603632.0,3.41,3.41,3.36,3.36,True,振华重工,False
2023-12-06,46.658,46.892,46.424,46.541,148504.0,49600336.0,3.35,3.37,3.33,3.34,True,振华重工,False
2023-12-07,46.424,46.541,45.956,46.19,185412.0,61371372.0,3.33,3.34,3.29,3.31,True,振华重工,False
2023-12-08,46.19,46.658,45.839,45.839,225557.0,73982696.0,3.31,3.35,3.28,3.28,True,振华重工,False
2023-12-11,45.722,46.307,45.371,46.19,222201.0,73548531.0,3.27,3.32,3.24,3.31,True,振华重工,False
2023-12-12,46.19,46.541,45.956,46.541,128784.0,43013856.0,3.31,3.34,3.29,3.34,True,振华重工,False
2023-12-13,46.541,46.658,46.307,46.307,120409.0,39975788.0,3.34,3.35,3.32,3.32,True,振华重工,False
2023-12-14,46.541,46.658,46.19,46.307,109223.0,36262036.0,3.34,3.35,3.31,3.32,True,振华重工,False
2023-12-15,46.307,46.541,45.956,46.073,99929.0,32976570.0,3.32,3.34,3.29,3.3,True,振华重工,False
2023-12-18,46.073,46.19,45.605,45.605,102152.0,33301552.0,3.3,3.31,3.26,3.26,True,振华重工,False
2023-12-19,45.722,45.839,45.371,45.488,125395.0,40753375.0,3.27,3.28,3.24,3.25,True,振华重工,False
2023-12-20,45.488,46.19,45.254,45.371,166528.0,53955072.0,3.25,3.31,3.23,3.24,True,振华重工,False
2023-12-21,45.254,45.839,44.669,45.722,204727.0,66945729.0,3.23,3.28,3.18,3.27,True,振华重工,False
2023-12-22,45.605,46.073,45.488,45.605,134062.0,43704212.0,3.26,3.3,3.25,3.26,True,振华重工,False
2023-12-25,45.488,45.605,45.137,45.371,102074.0,33071976.000000004,3.25,3.26,3.22,3.24,True,振华重工,False
2023-12-26,45.371,45.488,45.02,45.137,98474.0,31708628.000000004,3.24,3.25,3.21,3.22,True,振华重工,False
2023-12-27,45.254,45.839,45.137,45.605,165522.0,53960172.0,3.23,3.28,3.22,3.26,True,振华重工,False
2023-12-28,45.722,46.19,45.488,46.19,147137.0,48702347.0,3.27,3.31,3.25,3.31,True,振华重工,False
2023-12-29,46.19,46.424,46.073,46.307,133568.0,44344576.0,3.31,3.33,3.3,3.32,True,振华重工,False
2024-01-02,46.307,46.775,46.307,46.658,162222.0,54344370.0,3.32,3.36,3.32,3.35,True,振华重工,False
2024-01-03,46.541,47.009,46.424,46.775,185416.0,62299776.0,3.34,3.38,3.33,3.36,True,振华重工,False
2024-01-04,46.658,46.892,46.307,46.658,127390.0,42675650.0,3.35,3.37,3.32,3.35,True,振华重工,False
2024-01-05,46.658,46.775,46.073,46.307,120407.0,39975124.0,3.35,3.36,3.3,3.32,True,振华重工,False
2024-01-08,46.307,46.307,45.254,45.371,161579.0,52351596.0,3.32,3.32,3.23,3.24,True,振华重工,False
2024-01-09,45.254,45.722,45.254,45.605,130809.0,42643734.0,3.23,3.27,3.23,3.26,True,振华重工,False
2024-01-10,45.488,45.956,45.02,45.488,118609.0,38547925.0,3.25,3.29,3.21,3.25,True,振华重工,False
2024-01-11,45.488,45.722,45.254,45.605,129061.0,42073886.0,3.25,3.27,3.23,3.26,True,振华重工,False
2024-01-12,45.605,46.19,45.488,45.722,145964.0,47730228.0,3.26,3.31,3.25,3.27,True,振华重工,False
2024-01-15,45.722,45.956,45.371,45.722,121949.0,39877323.0,3.27,3.29,3.24,3.27,True,振华重工,False
2024-01-16,45.722,45.839,45.137,45.488,121225.0,39398125.0,3.27,3.28,3.22,3.25,True,振华重工,False
2024-01-17,45.605,45.605,44.786,44.786,115834.0,36951046.0,3.26,3.26,3.19,3.19,True,振华重工,False
2024-01-18,44.669,44.786,42.329,43.616,399959.0,123587331.0,3.18,3.19,2.98,3.09,True,振华重工,False
2024-01-19,43.616,43.616,43.031,43.148,170131.0,51889955.0,3.09,3.09,3.04,3.05,True,振华重工,False
2024-01-22,43.148,43.382,41.159,41.744,234925.0,68833025.0,3.05,3.07,2.88,2.93,True,振华重工,False
2024-01-23,41.393,42.563,41.042,42.329,207412.0,61808776.0,2.9,3.0,2.87,2.98,True,振华重工,False
2024-01-24,42.446,43.967,42.329,43.85,326105.0,101418655.0,2.99,3.12,2.98,3.11,True,振华重工,False
2024-01-25,44.084,45.839,43.85,45.722,392324.0,128289948.0,3.13,3.28,3.11,3.27,True,振华重工,False
2024-01-26,45.839,46.307,45.605,46.19,315883.0,104557273.0,3.28,3.32,3.26,3.31,True,振华重工,False
2024-01-29,46.307,46.424,45.488,45.722,282341.0,92325507.0,3.32,3.33,3.25,3.27,True,振华重工,False
2024-01-30,45.488,45.839,44.786,45.02,220542.0,70793982.0,3.25,3.28,3.19,3.21,True,振华重工,False
2024-01-31,44.786,45.137,43.85,43.967,241323.0,75292776.0,3.19,3.22,3.11,3.12,True,振华重工,False
2024-02-01,43.85,44.435,43.148,43.382,220390.0,67659730.0,3.11,3.16,3.05,3.07,True,振华重工,False
2024-02-02,43.265,43.85,41.744,42.68,313709.0,94426409.0,3.06,3.11,2.93,3.01,True,振华重工,False
2024-02-05,42.329,42.68,40.34,41.744,403830.0,118322190.0,2.98,3.01,2.81,2.93,True,振华重工,False
2024-02-06,41.393,43.733,40.808,43.499,425831.0,131155948.0,2.9,3.1,2.85,3.08,True,振华重工,False
2024-02-07,43.499,46.073,43.499,46.073,590173.0,194757090.0,3.08,3.3,3.08,3.3,True,振华重工,False
2024-02-08,45.956,47.126,45.488,45.839,549768.0,180323904.0,3.29,3.39,3.25,3.28,True,振华重工,False
2024-02-19,45.956,46.307,45.605,46.073,325818.0,107519940.0,3.29,3.32,3.26,3.3,True,振华重工,False
2024-02-20,46.073,46.19,45.254,45.956,248584.0,81784136.0,3.3,3.31,3.23,3.29,True,振华重工,False
2024-02-21,45.722,46.775,45.488,46.073,259938.0,85779540.0,3.27,3.36,3.25,3.3,True,振华重工,False
2024-02-22,45.839,46.424,45.839,46.307,182015.0,60428980.0,3.28,3.33,3.28,3.32,True,振华重工,False
2024-02-23,46.19,46.307,44.786,45.371,618270.0,200319480.0,3.31,3.32,3.19,3.24,True,振华重工,False
2024-02-26,45.371,46.073,44.903,45.02,530967.0,170440407.0,3.24,3.3,3.2,3.21,True,振华重工,False
2024-02-27,45.02,45.488,44.903,45.488,339110.0,110210750.0,3.21,3.25,3.2,3.25,True,振华重工,False
2024-02-28,45.605,47.009,45.137,45.254,621023.0,200590429.0,3.26,3.38,3.22,3.23,True,振华重工,False
2024-02-29,45.02,46.073,44.903,46.073,387596.0,127906680.0,3.21,3.3,3.2,3.3,True,振华重工,False
2024-03-01,46.073,46.307,45.605,45.956,281082.0,92475978.0,3.3,3.32,3.26,3.29,True,振华重工,False
2024-03-04,45.956,46.073,45.371,45.722,223127.0,72962529.0,3.29,3.3,3.24,3.27,True,振华重工,False
2024-03-05,45.488,45.605,45.02,45.254,268002.0,86564646.0,3.25,3.26,3.21,3.23,True,振华重工,False
2024-03-06,45.137,45.839,45.02,45.488,245453.0,79772225.0,3.22,3.28,3.21,3.25,True,振华重工,False
2024-03-07,45.722,46.424,45.605,45.839,409647.0,134364216.0,3.27,3.33,3.26,3.28,True,振华重工,False
2024-03-08,45.956,47.009,45.839,46.658,363208.0,121674680.0,3.29,3.38,3.28,3.35,True,振华重工,False
2024-03-11,46.892,47.945,46.775,47.126,478382.0,162171498.0,3.37,3.46,3.36,3.39,True,振华重工,False
2024-03-12,47.126,47.243,46.307,46.541,329711.0,110123474.0,3.39,3.4,3.32,3.34,True,振华重工,False
2024-03-13,46.424,46.541,45.839,46.19,244696.0,80994376.0,3.33,3.34,3.28,3.31,True,振华重工,False
2024-03-14,46.073,46.541,45.722,46.073,207067.0,68332110.0,3.3,3.34,3.27,3.3,True,振华重工,False
2024-03-15,46.073,46.775,45.956,46.775,257566.0,86542176.0,3.3,3.36,3.29,3.36,True,振华重工,False
2024-03-18,46.658,47.36,46.658,47.009,288640.0,97560320.0,3.35,3.41,3.35,3.38,True,振华重工,False
2024-03-19,46.892,47.009,46.424,46.424,205224.0,68339592.0,3.37,3.38,3.33,3.33,True,振华重工,False
2024-03-20,46.541,46.658,46.19,46.424,160849.0,53562717.0,3.34,3.35,3.31,3.33,True,振华重工,False
2024-03-21,46.658,47.009,46.307,46.892,259434.0,87429258.0,3.35,3.38,3.32,3.37,True,振华重工,False
2024-03-22,46.892,46.892,46.073,46.19,226384.0,74933104.0,3.37,3.37,3.3,3.31,True,振华重工,False
2024-03-25,46.19,46.892,46.073,46.19,232528.0,76966768.0,3.31,3.37,3.3,3.31,True,振华重工,False
2024-03-26,46.19,46.658,45.956,46.307,236615.0,78556180.0,3.31,3.35,3.29,3.32,True,振华重工,False
2024-03-27,46.307,46.541,45.488,45.488,243209.0,79042925.0,3.32,3.34,3.25,3.25,True,振华重工,False
2024-03-28,45.605,46.19,45.371,45.956,194300.0,63924700.0,3.26,3.31,3.24,3.29,True,振华重工,False
2024-03-29,46.424,47.36,46.307,47.009,404339.0,136666582.0,3.33,3.41,3.32,3.38,True,振华重工,False
2024-04-01,47.243,47.945,47.126,47.711,447354.0,153889776.0,3.4,3.46,3.39,3.44,True,振华重工,False
2024-04-02,47.828,48.413,47.711,48.062,395914.0,137382158.0,3.45,3.5,3.44,3.47,True,振华重工,False
2024-04-03,48.062,48.296,47.828,48.179,290439.0,101072772.0,3.47,3.49,3.45,3.48,True,振华重工,False
2024-04-08,48.062,48.647,48.062,48.413,313960.0,109886000.0,3.47,3.52,3.47,3.5,True,振华重工,False
2024-04-09,48.296,48.53,47.594,47.828,292702.0,100982190.0,3.49,3.51,3.43,3.45,True,振华重工,False
2024-04-10,47.945,48.647,47.711,47.945,301886.0,104452556.0,3.46,3.52,3.44,3.46,True,振华重工,False
2024-04-11,47.828,49.583,47.477,49.349,522687.0,187121946.0,3.45,3.6,3.42,3.58,True,振华重工,False
2024-04-12,49.232,50.753,49.232,49.583,582608.0,209738880.0,3.57,3.7,3.57,3.6,True,振华重工,False
2024-04-15,49.466,50.636,48.647,50.285,583493.0,213558438.0,3.59,3.69,3.52,3.66,True,振华重工,False
2024-04-16,50.285,50.987,48.881,49.115,589175.0,209746300.0,3.66,3.72,3.54,3.56,True,振华重工,False
2024-04-17,49.349,51.104,48.998,51.104,598108.0,223094284.0,3.58,3.73,3.55,3.73,True,振华重工,False
2024-04-18,51.338,52.742,50.636,50.987,717156.0,266782032.0,3.75,3.87,3.69,3.72,True,振华重工,False
2024-04-19,50.519,52.274,50.402,51.689,564898.0,213531444.0,3.68,3.83,3.67,3.78,True,振华重工,False
2024-04-22,51.572,52.04,50.519,50.87,427268.0,158516428.0,3.77,3.81,3.68,3.71,True,振华重工,False
2024-04-23,50.636,50.987,49.232,49.349,459183.0,164387514.0,3.69,3.72,3.57,3.58,True,振华重工,False
2024-04-24,49.349,50.051,49.349,49.817,305886.0,110730732.0,3.58,3.64,3.58,3.62,True,振华重工,False
2024-04-25,49.934,50.051,49.232,49.583,209255.0,75331800.0,3.63,3.64,3.57,3.6,True,振华重工,False
2024-04-26,49.583,50.519,49.466,50.402,315169.0,115667023.0,3.6,3.68,3.59,3.67,True,振华重工,False
2024-04-29,50.285,50.987,49.817,50.753,424125.0,156926250.0,3.66,3.72,3.62,3.7,True,振华重工,False
2024-04-30,50.987,51.923,50.519,50.636,469142.0,173113398.0,3.72,3.8,3.68,3.69,True,振华重工,False
2024-05-06,50.987,51.923,50.753,51.572,429708.0,161999916.0,3.72,3.8,3.7,3.77,True,振华重工,False
2024-05-07,51.572,52.04,51.104,51.338,311082.0,116655750.0,3.77,3.81,3.73,3.75,True,振华重工,False
2024-05-08,51.338,51.455,50.402,50.519,280063.0,103063184.0,3.75,3.76,3.67,3.68,True,振华重工,False
2024-05-09,50.519,51.923,50.402,51.806,367133.0,139143407.0,3.68,3.8,3.67,3.79,True,振华重工,False
2024-05-10,51.923,52.04,51.338,51.689,274265.0,103672170.0,3.8,3.81,3.75,3.78,True,振华重工,False
2024-05-13,51.572,52.157,50.987,51.806,356243.0,135016097.0,3.77,3.82,3.72,3.79,True,振华重工,False
2024-05-14,51.923,52.391,51.689,51.806,321884.0,121994036.0,3.8,3.84,3.78,3.79,True,振华重工,False
2024-05-15,51.689,51.689,50.753,50.87,256913.0,95314723.0,3.78,3.78,3.7,3.71,True,振华重工,False
2024-05-16,51.104,51.104,50.285,50.402,281143.0,103179481.0,3.73,3.73,3.66,3.67,True,振华重工,False
2024-05-17,50.402,50.753,50.168,50.636,234650.0,86585850.0,3.67,3.7,3.65,3.69,True,振华重工,False
2024-05-20,50.636,51.221,50.285,50.402,270328.0,99210376.0,3.69,3.74,3.66,3.67,True,振华重工,False
2024-05-21,50.402,50.519,49.583,49.934,239423.0,86910549.0,3.67,3.68,3.6,3.63,True,振华重工,False
2024-05-22,49.934,50.168,49.583,49.7,181491.0,65518251.0,3.63,3.65,3.6,3.61,True,振华重工,False
2024-05-23,49.817,49.817,48.764,48.998,259289.0,92047595.0,3.62,3.62,3.53,3.55,True,振华重工,False
2024-05-24,48.998,49.583,48.764,48.998,232254.0,82450170.0,3.55,3.6,3.53,3.55,True,振华重工,False
2024-05-27,48.998,49.817,48.881,49.7,189809.0,68521049.0,3.55,3.62,3.54,3.61,True,振华重工,False
2024-05-28,49.817,50.285,49.349,49.466,256855.0,92210945.0,3.62,3.66,3.58,3.59,True,振华重工,False
2024-05-29,49.349,49.817,48.998,49.232,184412.0,65835084.0,3.58,3.62,3.55,3.57,True,振华重工,False
2024-05-30,49.232,49.583,49.115,49.349,166222.0,59507476.0,3.57,3.6,3.56,3.58,True,振华重工,False
2024-05-31,49.466,49.934,49.349,49.583,192189.0,69188040.0,3.59,3.63,3.58,3.6,True,振华重工,False
2024-06-03,49.466,49.583,48.413,48.764,254439.0,89816967.0,3.59,3.6,3.5,3.53,True,振华重工,False
2024-06-04,48.881,49.817,48.53,49.7,251924.0,90944564.0,3.54,3.62,3.51,3.61,True,振华重工,False
2024-06-05,49.583,49.817,48.764,48.881,214884.0,76068936.0,3.6,3.62,3.53,3.54,True,振华重工,False
2024-06-06,48.881,48.998,48.179,48.53,327391.0,114914241.0,3.54,3.55,3.48,3.51,True,振华重工,False
2024-06-07,48.647,49.232,48.413,49.232,262581.0,93741417.0,3.52,3.57,3.5,3.57,True,振华重工,False
2024-06-11,49.349,49.466,47.945,48.413,300702.0,105245700.0,3.58,3.59,3.46,3.5,True,振华重工,False
2024-06-12,48.179,48.764,47.945,48.53,214108.0,75151908.0,3.48,3.53,3.46,3.51,True,振华重工,False
2024-06-13,48.53,48.53,47.594,47.828,214356.0,73952820.0,3.51,3.51,3.43,3.45,True,振华重工,False
2024-06-14,47.828,48.53,47.594,47.945,232876.0,80575096.0,3.45,3.51,3.43,3.46,True,振华重工,False
2024-06-17,47.828,48.647,47.594,47.945,244675.0,84657550.0,3.45,3.52,3.43,3.46,True,振华重工,False
2024-06-18,47.945,49.232,47.828,49.115,328609.0,116984804.0,3.46,3.57,3.45,3.56,True,振华重工,False
2024-06-19,49.115,49.583,48.296,48.413,230816.0,80785600.0,3.56,3.6,3.49,3.5,True,振华重工,False
2024-06-20,48.296,48.53,47.009,47.243,324972.0,110490480.0,3.49,3.51,3.38,3.4,True,振华重工,False
2024-06-21,46.775,47.828,46.775,47.36,188527.0,64287707.0,3.36,3.45,3.36,3.41,True,振华重工,False
2024-06-24,47.009,47.477,46.424,46.541,199088.0,66495392.0,3.38,3.42,3.33,3.34,True,振华重工,False
2024-06-25,46.775,47.711,46.658,47.36,326855.0,111457555.0,3.36,3.44,3.35,3.41,True,振华重工,False
2024-06-26,47.126,47.594,46.541,47.477,282104.0,96479568.0,3.39,3.43,3.34,3.42,True,振华重工,False
2024-06-27,47.243,47.477,46.775,46.775,219630.0,73795680.0,3.4,3.42,3.36,3.36,True,振华重工,False
2024-06-28,46.775,47.945,46.541,47.477,304221.0,104043582.0,3.36,3.46,3.34,3.42,True,振华重工,False
2024-07-01,47.477,48.179,47.126,47.945,233768.0,80883728.0,3.42,3.48,3.39,3.46,True,振华重工,False
2024-07-02,47.945,48.179,47.711,47.945,201989.0,69888194.0,3.46,3.48,3.44,3.46,True,振华重工,False
2024-07-03,47.945,48.179,47.711,47.711,168430.0,57939920.0,3.46,3.48,3.44,3.44,True,振华重工,False
2024-07-04,47.711,47.945,47.009,47.126,187659.0,63616401.0,3.44,3.46,3.38,3.39,True,振华重工,False
2024-07-05,47.36,47.477,46.892,47.36,201410.0,68680810.0,3.41,3.42,3.37,3.41,True,振华重工,False
2024-07-08,47.36,47.477,46.424,46.541,232149.0,77537766.0,3.41,3.42,3.33,3.34,True,振华重工,False
2024-07-09,46.307,46.775,45.137,46.658,318096.0,106562160.0,3.32,3.36,3.22,3.35,True,振华重工,False
2024-07-10,46.541,46.892,46.307,46.658,184622.0,61848370.0,3.34,3.37,3.32,3.35,True,振华重工,False
2024-07-11,47.243,48.647,47.009,48.53,361575.0,126912825.0,3.4,3.52,3.38,3.51,True,振华重工,False
2024-07-12,48.53,48.764,48.179,48.413,170188.0,59565800.0,3.51,3.53,3.48,3.5,True,振华重工,False
2024-07-15,48.296,48.647,47.945,48.296,196316.0,68514284.0,3.49,3.52,3.46,3.49,True,振华重工,False
2024-07-16,47.945,48.296,47.828,48.179,181358.0,63112584.0,3.46,3.49,3.45,3.48,True,振华重工,False
2024-07-17,48.062,48.296,47.711,48.062,202154.0,70147438.0,3.47,3.49,3.44,3.47,True,振华重工,False
2024-07-18,48.062,50.051,47.594,50.051,532947.0,193992708.0,3.47,3.64,3.43,3.64,True,振华重工,False
2024-07-19,49.934,50.753,49.583,50.402,389266.0,142860622.0,3.63,3.7,3.6,3.67,True,振华重工,False
2024-07-22,50.285,51.455,50.168,51.104,450689.0,168106997.0,3.66,3.76,3.65,3.73,True,振华重工,False
2024-07-23,51.104,52.04,50.402,50.519,467388.0,171998784.0,3.73,3.81,3.67,3.68,True,振华重工,False
2024-07-24,50.519,51.923,50.285,51.104,448808.0,167405384.0,3.68,3.8,3.66,3.73,True,振华重工,False
2024-07-25,50.987,51.572,50.636,51.221,277978.0,103963772.0,3.72,3.77,3.69,3.74,True,振华重工,False
2024-07-26,51.338,52.157,51.104,52.157,361776.0,138198432.0,3.75,3.82,3.73,3.82,True,振华重工,False
2024-07-29,52.391,53.912,52.274,52.742,553487.0,214199469.0,3.84,3.97,3.83,3.87,True,振华重工,False
2024-07-30,52.625,53.561,52.391,53.561,419572.0,165311368.0,3.86,3.94,3.84,3.94,True,振华重工,False
2024-07-31,53.561,54.029,52.508,53.21,527468.0,206239988.0,3.94,3.98,3.85,3.91,True,振华重工,False
2024-08-01,53.327,54.848,53.21,53.912,541855.0,212407160.0,3.87,4.0,3.86,3.92,True,振华重工,False
2024-08-02,53.678,53.795,52.625,52.859,345187.0,132206621.0,3.9,3.91,3.81,3.83,True,振华重工,False
2024-08-05,52.742,53.327,52.274,52.508,323889.0,123077820.0,3.82,3.87,3.78,3.8,True,振华重工,False
2024-08-06,52.625,52.976,51.923,52.508,289684.0,110079920.0,3.81,3.84,3.75,3.8,True,振华重工,False
2024-08-07,52.508,52.859,52.274,52.625,202334.0,77089254.0,3.8,3.83,3.78,3.81,True,振华重工,False
2024-08-08,52.508,53.093,52.157,52.976,250072.0,96027648.0,3.8,3.85,3.77,3.84,True,振华重工,False
2024-08-09,53.093,53.21,52.391,52.625,202991.0,77339571.0,3.85,3.86,3.79,3.81,True,振华重工,False
2024-08-12,52.391,52.742,52.157,52.625,183004.0,69724524.0,3.79,3.82,3.77,3.81,True,振华重工,False
2024-08-13,52.625,53.093,52.391,53.093,204930.0,78898050.0,3.81,3.85,3.79,3.85,True,振华重工,False
2024-08-14,53.093,53.093,52.157,52.508,244046.0,92737480.0,3.85,3.85,3.77,3.8,True,振华重工,False
2024-08-15,52.274,52.976,51.806,52.742,245685.0,93851670.0,3.78,3.84,3.74,3.82,True,振华重工,False
2024-08-16,52.859,52.859,51.572,51.806,215669.0,80660206.0,3.83,3.83,3.72,3.74,True,振华重工,False
2024-08-19,51.806,52.625,51.689,52.508,215605.0,81929900.0,3.74,3.81,3.73,3.8,True,振华重工,False
2024-08-20,52.391,52.508,51.455,51.689,219619.0,81917887.0,3.79,3.8,3.71,3.73,True,振华重工,False
2024-08-21,51.806,51.806,50.87,51.221,165197.0,60957693.0,3.74,3.74,3.66,3.69,True,振华重工,False
2024-08-22,51.455,51.455,50.87,51.104,159521.0,58703728.0,3.71,3.71,3.66,3.68,True,振华重工,False
2024-08-23,51.104,51.572,50.87,51.221,165103.0,60923007.0,3.68,3.72,3.66,3.69,True,振华重工,False
2024-08-26,51.221,51.338,50.636,51.104,187786.0,69105248.0,3.69,3.7,3.64,3.68,True,振华重工,False
2024-08-27,50.987,51.104,50.285,50.519,143284.0,52012092.0,3.67,3.68,3.61,3.63,True,振华重工,False
2024-08-28,50.402,50.987,50.168,50.402,143058.0,51786996.0,3.62,3.67,3.6,3.62,True,振华重工,False
2024-08-29,50.168,50.753,49.934,50.402,210673.0,76263626.0,3.6,3.65,3.58,3.62,True,振华重工,False
2024-08-30,50.168,50.636,49.115,49.583,451142.0,160155410.0,3.6,3.64,3.51,3.55,True,振华重工,False
2024-09-02,49.934,49.934,48.53,48.764,346727.0,120660996.0,3.58,3.58,3.46,3.48,True,振华重工,False
2024-09-03,49.115,49.466,48.647,48.998,227171.0,79509850.0,3.51,3.54,3.47,3.5,True,振华重工,False
2024-09-04,48.998,49.115,48.413,48.53,166587.0,57639102.0,3.5,3.51,3.45,3.46,True,振华重工,False
2024-09-05,48.53,48.764,47.828,48.062,214340.0,73304280.0,3.46,3.48,3.4,3.42,True,振华重工,False
2024-09-06,48.062,48.53,47.828,47.945,197750.0,67432750.0,3.42,3.46,3.4,3.41,True,振华重工,False
2024-09-09,47.945,48.179,47.36,47.594,216424.0,73151312.0,3.41,3.43,3.36,3.38,True,振华重工,False
2024-09-10,47.594,47.828,46.775,47.477,230315.0,77616155.0,3.38,3.4,3.31,3.37,True,振华重工,False
2024-09-11,47.594,47.594,46.658,47.009,206852.0,68881716.0,3.38,3.38,3.3,3.33,True,振华重工,False
2024-09-12,47.009,47.711,46.892,46.892,198897.0,66033804.0,3.33,3.39,3.32,3.32,True,振华重工,False
2024-09-13,46.892,47.243,46.658,46.892,174270.0,57857640.0,3.32,3.35,3.3,3.32,True,振华重工,False
2024-09-18,46.892,47.243,46.424,47.126,192944.0,64443296.0,3.32,3.35,3.28,3.34,True,振华重工,False
2024-09-19,47.243,48.179,46.892,47.828,309899.0,105365660.0,3.35,3.43,3.32,3.4,True,振华重工,False
2024-09-20,47.828,47.828,47.009,47.126,234626.0,78365084.0,3.4,3.4,3.33,3.34,True,振华重工,False
2024-09-23,47.126,47.477,47.009,47.243,169536.0,56794560.0,3.34,3.37,3.33,3.35,True,振华重工,False
2024-09-24,47.36,49.115,47.36,48.998,434563.0,152097050.0,3.36,3.51,3.36,3.5,True,振华重工,False
2024-09-25,49.232,50.636,49.232,49.583,396404.0,140723420.0,3.52,3.64,3.52,3.55,True,振华重工,False
2024-09-26,49.583,51.104,49.349,50.987,358523.0,131577941.0,3.55,3.68,3.53,3.67,True,振华重工,False
2024-09-27,51.455,52.04,50.987,52.04,253743.0,95407368.0,3.71,3.76,3.67,3.76,True,振华重工,False
2024-09-30,53.444,56.252,53.327,55.901,923324.0,377639516.0,3.88,4.12,3.87,4.09,True,振华重工,False
2024-10-08,60.698,60.698,56.018,58.124,972217.0,416108876.0,4.5,4.5,4.1,4.28,True,振华重工,False
2024-10-09,57.656,57.656,54.263,54.731,764127.0,304886673.0,4.24,4.24,3.95,3.99,True,振华重工,False
2024-10-10,54.848,57.773,54.38,55.901,699341.0,286030469.0,4.0,4.25,3.96,4.09,True,振华重工,False
2024-10-11,56.018,56.018,53.912,54.263,462729.0,182777955.0,4.1,4.1,3.92,3.95,True,振华重工,False
2024-10-14,54.848,55.199,54.146,54.965,398961.0,159983361.0,4.0,4.03,3.94,4.01,True,振华重工,False
2024-10-15,54.731,54.848,53.678,53.678,374521.0,146063190.0,3.99,4.0,3.9,3.9,True,振华重工,False
2024-10-16,53.678,54.263,53.327,53.795,353970.0,138402270.0,3.9,3.95,3.87,3.91,True,振华重工,False
2024-10-17,54.029,54.38,52.508,52.625,456693.0,174000033.0,3.93,3.96,3.8,3.81,True,振华重工,False
2024-10-18,52.625,54.263,52.157,53.678,468238.0,182612820.0,3.81,3.95,3.77,3.9,True,振华重工,False
2024-10-21,54.029,54.497,53.561,53.795,426261.0,166668051.0,3.93,3.97,3.89,3.91,True,振华重工,False
2024-10-22,53.795,54.146,53.327,53.912,347848.0,136356416.0,3.91,3.94,3.87,3.92,True,振华重工,False
2024-10-23,53.678,55.316,53.678,55.082,469665.0,188805330.0,3.9,4.04,3.9,4.02,True,振华重工,False
2024-10-24,54.965,55.199,54.146,54.848,304210.0,121684000.0,4.01,4.03,3.94,4.0,True,振华重工,False
2024-10-25,54.731,55.667,54.614,55.667,304454.0,123912778.0,3.99,4.07,3.98,4.07,True,振华重工,False
2024-10-28,55.784,56.486,55.316,56.369,381843.0,157701159.0,4.08,4.14,4.04,4.13,True,振华重工,False
2024-10-29,56.486,56.837,55.199,55.316,348070.0,140620280.0,4.14,4.17,4.03,4.04,True,振华重工,False
2024-10-30,55.55,56.135,55.199,55.784,338840.0,138246720.0,4.06,4.11,4.03,4.08,True,振华重工,False
2024-10-31,55.901,56.486,55.433,56.018,376247.0,154261270.0,4.09,4.14,4.05,4.1,True,振华重工,False
2024-11-01,56.018,56.72,55.199,55.784,502537.0,205035096.0,4.1,4.16,4.03,4.08,True,振华重工,False
2024-11-04,55.901,57.071,55.901,56.954,469047.0,196061646.0,4.09,4.19,4.09,4.18,True,振华重工,False
2024-11-05,56.837,57.89,56.603,57.773,469492.0,199534100.0,4.17,4.26,4.15,4.25,True,振华重工,False
2024-11-06,58.007,58.241,57.305,57.656,427791.0,181383384.0,4.27,4.29,4.21,4.24,True,振华重工,False
2024-11-07,57.305,59.294,57.071,58.943,509964.0,221834340.0,4.21,4.38,4.19,4.35,True,振华重工,False
2024-11-08,59.294,59.645,58.007,58.826,504954.0,219150036.0,4.38,4.41,4.27,4.34,True,振华重工,False
2024-11-11,58.943,59.294,57.89,58.709,458123.0,198367259.0,4.35,4.38,4.26,4.33,True,振华重工,False
2024-11-12,58.826,58.943,57.305,57.656,416558.0,176620592.0,4.34,4.35,4.21,4.24,True,振华重工,False
2024-11-13,57.539,58.592,57.422,58.241,386307.0,165725703.0,4.23,4.32,4.22,4.29,True,振华重工,False
2024-11-14,58.124,58.241,56.603,56.72,444682.0,184987712.0,4.28,4.29,4.15,4.16,True,振华重工,False
2024-11-15,56.72,57.305,56.369,56.486,334731.0,138578634.0,4.16,4.21,4.13,4.14,True,振华重工,False
2024-11-18,56.252,57.773,56.135,56.252,471407.0,194219684.0,4.12,4.25,4.11,4.12,True,振华重工,False
2024-11-19,56.369,56.954,55.901,56.837,321373.0,134012541.0,4.13,4.18,4.09,4.17,True,振华重工,False
2024-11-20,56.72,57.188,56.603,56.954,298550.0,124793900.0,4.16,4.2,4.15,4.18,True,振华重工,False
2024-11-21,56.954,57.071,55.901,56.252,301763.0,124326356.0,4.18,4.19,4.09,4.12,True,振华重工,False
2024-11-22,56.252,56.954,54.848,54.965,369016.0,147975416.0,4.12,4.18,4.0,4.01,True,振华重工,False
2024-11-25,54.965,55.433,54.263,55.082,334761.0,134573922.0,4.01,4.05,3.95,4.02,True,振华重工,False
2024-11-26,55.199,55.199,54.263,54.38,230305.0,91200780.0,4.03,4.03,3.95,3.96,True,振华重工,False
2024-11-27,54.263,55.082,53.444,54.965,327469.0,131315069.0,3.95,4.02,3.88,4.01,True,振华重工,False
2024-11-28,54.848,55.082,54.38,54.614,273975.0,109042050.0,4.0,4.02,3.96,3.98,True,振华重工,False
2024-11-29,54.614,55.433,54.263,55.199,296389.0,119444767.0,3.98,4.05,3.95,4.03,True,振华重工,False
2024-12-02,55.316,56.603,55.199,56.486,360984.0,149447376.0,4.04,4.15,4.03,4.14,True,振华重工,False
2024-12-03,56.603,56.72,55.667,56.135,276152.0,113498472.0,4.15,4.16,4.07,4.11,True,振华重工,False
2024-12-04,56.135,56.486,55.784,56.018,234907.0,96311870.0,4.11,4.14,4.08,4.1,True,振华重工,False
2024-12-05,55.784,56.135,55.55,55.784,199003.0,81193224.0,4.08,4.11,4.06,4.08,True,振华重工,False
2024-12-06,55.901,56.837,55.784,56.837,282883.0,117962211.0,4.09,4.17,4.08,4.17,True,振华重工,False
2024-12-09,56.72,57.422,56.135,56.486,329413.0,136376982.0,4.16,4.22,4.11,4.14,True,振华重工,False
2024-12-10,57.656,57.89,56.018,56.135,402535.0,165441885.0,4.24,4.26,4.1,4.11,True,振华重工,False
2024-12-11,56.252,57.305,56.252,57.071,364847.0,152870893.0,4.12,4.21,4.12,4.19,True,振华重工,False
2024-12-12,57.188,57.305,56.369,56.954,245331.0,102548358.0,4.2,4.21,4.13,4.18,True,振华重工,False
2024-12-13,56.837,56.954,55.316,55.433,348282.0,141054210.0,4.17,4.18,4.04,4.05,True,振华重工,False
2024-12-16,55.433,56.018,55.199,55.433,225607.0,91370835.0,4.05,4.1,4.03,4.05,True,振华重工,False
2024-12-17,55.316,55.901,54.848,55.199,285361.0,115000483.0,4.04,4.09,4.0,4.03,True,振华重工,False
2024-12-18,55.199,56.018,54.848,54.848,241374.0,96549600.0,4.03,4.1,4.0,4.0,True,振华重工,False
2024-12-19,54.614,55.316,54.38,55.316,196687.0,79461548.0,3.98,4.04,3.96,4.04,True,振华重工,False
2024-12-20,55.199,55.316,54.38,54.38,224293.0,88820028.0,4.03,4.04,3.96,3.96,True,振华重工,False
2024-12-23,54.497,54.731,53.912,53.912,298431.0,116984952.0,3.97,3.99,3.92,3.92,True,振华重工,False
2024-12-24,53.795,54.731,53.678,54.731,219043.0,87398157.0,3.91,3.99,3.9,3.99,True,振华重工,False
2024-12-25,54.614,54.731,54.029,54.38,187514.0,74255544.0,3.98,3.99,3.93,3.96,True,振华重工,False
2024-12-26,54.263,54.731,53.561,53.795,245822.0,96116402.0,3.95,3.99,3.89,3.91,True,振华重工,False
2024-12-27,54.029,55.199,53.912,54.965,295470.0,118483470.0,3.93,4.03,3.92,4.01,True,振华重工,False
2024-12-30,54.965,55.199,54.263,54.848,188119.0,75247600.0,4.01,4.03,3.95,4.0,True,振华重工,False
2024-12-31,55.082,55.316,53.912,53.912,263031.0,103108152.0,4.02,4.04,3.92,3.92,True,振华重工,False
2025-01-02,53.912,54.263,52.04,52.391,404299.0,153229321.0,3.92,3.95,3.76,3.79,True,振华重工,False
2025-01-03,52.625,53.444,51.689,51.923,338614.0,126980250.0,3.81,3.88,3.73,3.75,True,振华重工,False
2025-01-06,52.157,52.625,51.572,52.274,306846.0,115987788.0,3.77,3.81,3.72,3.78,True,振华重工,False
2025-01-07,52.274,52.625,51.689,52.508,229400.0,87172000.0,3.78,3.81,3.73,3.8,True,振华重工,False
2025-01-08,52.391,52.508,51.104,52.04,329210.0,123782960.0,3.79,3.8,3.68,3.76,True,振华重工,False
2025-01-09,51.806,51.923,50.987,51.221,257964.0,95188716.0,3.74,3.75,3.67,3.69,True,振华重工,False
2025-01-10,51.104,51.689,50.753,50.87,228859.0,83762394.0,3.68,3.73,3.65,3.66,True,振华重工,False
2025-01-13,50.519,51.104,50.168,50.519,224191.0,81381333.0,3.63,3.68,3.6,3.63,True,振华重工,False
2025-01-14,50.636,51.806,50.636,51.806,252427.0,94407698.0,3.64,3.74,3.64,3.74,True,振华重工,False
2025-01-15,51.689,51.806,51.104,51.455,225803.0,83772913.0,3.73,3.74,3.68,3.71,True,振华重工,False
2025-01-16,51.689,52.508,51.455,52.04,253063.0,95151688.0,3.73,3.8,3.71,3.76,True,振华重工,False
2025-01-17,51.806,52.625,51.689,52.508,176325.0,67003500.0,3.74,3.81,3.73,3.8,True,振华重工,False
2025-01-20,52.976,53.327,52.157,52.391,196249.0,74378371.0,3.84,3.87,3.77,3.79,True,振华重工,False
2025-01-21,52.625,52.742,51.923,52.04,170981.0,64288856.0,3.81,3.82,3.75,3.76,True,振华重工,False
2025-01-22,51.923,52.274,51.338,52.157,202193.0,76226761.0,3.75,3.78,3.7,3.77,True,振华重工,False
2025-01-23,52.391,53.093,52.274,52.625,272451.0,103803831.0,3.79,3.85,3.78,3.81,True,振华重工,False
2025-01-24,52.625,53.444,52.274,53.327,224674.0,86948838.0,3.81,3.88,3.78,3.87,True,振华重工,False
2025-01-27,53.444,54.263,53.327,53.795,261713.0,102329783.0,3.88,3.95,3.87,3.91,True,振华重工,False
2025-02-05,54.029,54.146,52.976,52.976,273317.0,104953728.0,3.93,3.94,3.84,3.84,True,振华重工,False
2025-02-06,52.976,53.327,52.859,53.327,191383.0,74065221.0,3.84,3.87,3.83,3.87,True,振华重工,False
2025-02-07,53.327,54.146,52.976,53.912,300158.0,117661936.0,3.87,3.94,3.84,3.92,True,振华重工,False
2025-02-10,54.029,54.263,53.561,53.678,284239.0,110853210.0,3.93,3.95,3.89,3.9,True,振华重工,False
2025-02-11,53.678,53.795,53.093,53.444,180513.0,70039044.0,3.9,3.91,3.85,3.88,True,振华重工,False
2025-02-12,53.561,53.795,53.093,53.795,174340.0,68166940.0,3.89,3.91,3.85,3.91,True,振华重工,False
2025-02-13,53.678,54.029,53.21,53.327,218318.0,84489066.0,3.9,3.93,3.86,3.87,True,振华重工,False
2025-02-14,53.327,53.444,52.625,52.859,235843.0,90327869.0,3.87,3.88,3.81,3.83,True,振华重工,False
2025-02-17,52.742,53.093,52.157,52.391,280936.0,106474744.0,3.82,3.85,3.77,3.79,True,振华重工,False
2025-02-18,52.391,52.859,51.806,52.157,269640.0,101654280.0,3.79,3.83,3.74,3.77,True,振华重工,False
2025-02-19,52.04,52.391,51.923,52.274,192504.0,72766512.0,3.76,3.79,3.75,3.78,True,振华重工,False
2025-02-20,52.274,52.274,51.221,51.338,358219.0,132541030.0,3.78,3.78,3.69,3.7,True,振华重工,False
2025-02-21,51.455,51.806,51.221,51.572,345465.0,128512980.0,3.71,3.74,3.69,3.72,True,振华重工,False
2025-02-24,51.455,52.391,51.338,51.806,309344.0,115694656.0,3.71,3.79,3.7,3.74,True,振华重工,False
2025-02-25,51.923,52.04,51.338,51.338,247082.0,91420340.0,3.75,3.76,3.7,3.7,True,振华重工,False
2025-02-26,51.572,52.274,51.455,52.274,285633.0,107969274.0,3.72,3.78,3.71,3.78,True,振华重工,False
2025-02-27,52.274,52.391,51.338,51.689,254832.0,95052336.0,3.78,3.79,3.7,3.73,True,振华重工,False
2025-02-28,51.572,51.923,50.987,51.221,281577.0,103901913.0,3.72,3.75,3.67,3.69,True,振华重工,False
2025-03-03,51.338,51.806,50.987,51.221,268751.0,99169119.0,3.7,3.74,3.67,3.69,True,振华重工,False
2025-03-04,51.104,51.806,50.987,51.572,225362.0,83834664.0,3.68,3.74,3.67,3.72,True,振华重工,False
2025-03-05,51.572,52.157,51.104,52.04,311228.0,117021728.0,3.72,3.77,3.68,3.76,True,振华重工,False
2025-03-06,52.274,52.274,51.338,51.806,336803.0,125964322.0,3.78,3.78,3.7,3.74,True,振华重工,False
2025-03-07,51.689,52.742,51.572,52.391,375070.0,142151530.0,3.73,3.82,3.72,3.79,True,振华重工,False
2025-03-10,52.391,52.508,51.806,52.04,290258.0,109137008.0,3.79,3.8,3.74,3.76,True,振华重工,False
2025-03-11,51.806,52.625,51.455,52.625,360185.0,137230485.0,3.74,3.81,3.71,3.81,True,振华重工,False
2025-03-12,52.625,52.859,51.689,51.923,466394.0,174897750.0,3.81,3.83,3.73,3.75,True,振华重工,False
2025-03-13,52.04,52.157,51.689,52.04,387846.0,145830096.0,3.76,3.77,3.73,3.76,True,振华重工,False
2025-03-14,52.391,55.784,52.391,55.433,1274425.0,516142125.0,3.79,4.08,3.79,4.05,True,振华重工,False
2025-03-17,55.901,56.837,55.199,56.018,1058261.0,433887010.0,4.09,4.17,4.03,4.1,True,振华重工,False
2025-03-18,56.018,56.252,55.082,55.433,696790.0,282199950.0,4.1,4.12,4.02,4.05,True,振华重工,False
2025-03-19,55.199,55.901,54.965,55.55,508115.0,206294690.0,4.03,4.09,4.01,4.06,True,振华重工,False
2025-03-20,55.55,60.347,55.55,60.347,1422672.0,635934384.0,4.06,4.47,4.06,4.47,True,振华重工,False
2025-03-21,64.793,65.612,64.091,65.612,1159817.0,570629964.0,4.85,4.92,4.79,4.92,True,振华重工,False
2025-03-24,71.345,71.345,71.345,71.345,939779.0,508420439.0,5.41,5.41,5.41,5.41,True,振华重工,False
2025-03-25,71.696,77.663,70.292,70.877,5863244.0,3148562028.0,5.44,5.95,5.32,5.37,True,振华重工,False
2025-03-26,64.793,75.908,64.793,73.685,5047583.0,2831694063.0,4.85,5.8,4.85,5.61,True,振华重工,False
2025-03-27,71.228,71.228,67.133,67.133,3068743.0,1549715215.0,5.4,5.4,5.05,5.05,True,振华重工,False
2025-03-28,65.144,66.431,61.283,61.283,2790475.0,1269666125.0,4.88,4.99,4.55,4.55,True,振华重工,False
2025-03-31,60.23,61.751,58.592,59.177,1740291.0,760507167.0,4.46,4.59,4.32,4.37,True,振华重工,False
2025-04-01,59.528,60.464,58.943,59.294,1400376.0,613364688.0,4.4,4.48,4.35,4.38,True,振华重工,False
2025-04-02,59.06,59.645,58.241,58.943,1171973.0,509808255.0,4.36,4.41,4.29,4.35,True,振华重工,False
2025-04-03,58.358,59.177,57.422,57.773,1122953.0,477255025.0,4.3,4.37,4.22,4.25,True,振华重工,False
2025-04-07,55.082,55.55,52.859,52.859,1266573.0,485097459.0,4.02,4.06,3.83,3.83,True,振华重工,False
2025-04-08,52.508,54.497,52.391,53.912,1490316.0,584203872.0,3.8,3.97,3.79,3.92,True,振华重工,False
2025-04-09,52.859,56.954,50.87,56.018,1966356.0,806205959.9999999,3.83,4.18,3.66,4.1,True,振华重工,False
2025-04-10,56.252,57.422,55.667,56.369,1531249.0,632405837.0,4.12,4.22,4.07,4.13,True,振华重工,False
2025-04-11,55.667,56.603,55.433,56.369,919165.0,379615145.0,4.07,4.15,4.05,4.13,True,振华重工,False
2025-04-14,56.603,57.773,56.603,57.188,1019862.0,428342040.0,4.15,4.25,4.15,4.2,True,振华重工,False
2025-04-15,57.656,58.007,56.135,56.603,850087.0,352786105.00000006,4.24,4.27,4.11,4.15,True,振华重工,False
2025-04-16,56.369,56.369,55.082,55.784,692816.0,282668928.0,4.13,4.13,4.02,4.08,True,振华重工,False
2025-04-17,55.433,56.252,55.316,55.667,505152.0,205596864.0,4.05,4.12,4.04,4.07,True,振华重工,False
2025-04-18,55.433,58.943,55.082,58.124,1660060.0,710505680.0,4.05,4.35,4.02,4.28,True,振华重工,False
2025-04-21,57.305,58.475,56.837,58.124,1203001.0,514884428.00000006,4.21,4.31,4.17,4.28,True,振华重工,False
2025-04-22,57.773,57.89,56.954,57.188,663377.0,278618340.0,4.25,4.26,4.18,4.2,True,振华重工,False
2025-04-23,57.188,58.592,56.837,57.89,1143661.0,487199586.0,4.2,4.32,4.17,4.26,True,振华重工,False
2025-04-24,57.422,57.656,56.603,56.837,709194.0,295733898.0,4.22,4.24,4.15,4.17,True,振华重工,False
2025-04-25,57.071,57.305,56.486,56.954,500082.0,209034276.0,4.19,4.21,4.14,4.18,True,振华重工,False
2025-04-28,58.124,58.592,56.954,57.071,743791.0,311648429.0,4.28,4.32,4.18,4.19,True,振华重工,False
2025-04-29,56.837,58.358,56.837,57.89,799189.0,340454514.0,4.17,4.3,4.17,4.26,True,振华重工,False
2025-04-30,57.656,58.358,57.539,57.89,598385.0,254912010.0,4.24,4.3,4.23,4.26,True,振华重工,False
2025-05-06,57.89,59.06,57.89,58.709,797035.0,345116155.0,4.26,4.36,4.26,4.33,True,振华重工,False
2025-05-07,59.06,62.57,58.592,62.57,1998749.0,931417034.0,4.36,4.66,4.32,4.66,True,振华重工,False
2025-05-08,61.4,62.219,60.932,61.517,1395118.0,637568926.0,4.56,4.63,4.52,4.57,True,振华重工,False
2025-05-09,61.4,62.102,60.347,60.464,872109.0,390704832.00000006,4.56,4.62,4.47,4.48,True,振华重工,False
2025-05-12,60.815,62.336,60.698,61.166,1028708.0,467033432.0,4.51,4.64,4.5,4.54,True,振华重工,False
2025-05-13,61.868,61.868,59.879,60.347,798776.0,357052872.0,4.6,4.6,4.43,4.47,True,振华重工,False
2025-05-14,60.23,60.698,59.879,60.581,588125.0,264068125.0,4.46,4.5,4.43,4.49,True,振华重工,False
2025-05-15,60.698,60.698,59.294,59.528,552229.0,242980760.00000003,4.5,4.5,4.38,4.4,True,振华重工,False
2025-05-16,59.411,60.464,59.294,59.879,467860.0,207261980.0,4.39,4.48,4.38,4.43,True,振华重工,False
2025-05-19,60.113,60.23,59.528,59.879,397359.0,176030037.0,4.45,4.46,4.4,4.43,True,振华重工,False
2025-05-20,59.645,60.932,59.411,60.347,558729.0,249751863.0,4.41,4.52,4.39,4.47,True,振华重工,False
2025-05-21,60.464,60.581,59.294,59.528,453209.0,199411960.00000003,4.48,4.49,4.38,4.4,True,振华重工,False
2025-05-22,59.411,59.411,58.241,58.475,522417.0,225161727.0,4.39,4.39,4.29,4.31,True,振华重工,False
2025-05-23,58.592,59.177,57.773,57.89,430425.0,183361050.0,4.32,4.37,4.25,4.26,True,振华重工,False
2025-05-26,57.89,58.709,57.89,58.709,359809.0,155797297.0,4.26,4.33,4.26,4.33,True,振华重工,False
2025-05-27,58.592,58.709,58.007,58.475,287583.0,123948273.0,4.32,4.33,4.27,4.31,True,振华重工,False
2025-05-28,58.358,60.113,58.358,59.528,773411.0,340300840.0,4.3,4.45,4.3,4.4,True,振华重工,False
2025-05-29,59.411,60.347,59.177,59.996,568067.0,252221748.00000003,4.39,4.47,4.37,4.44,True,振华重工,False
2025-05-30,59.996,60.113,58.709,59.06,401528.0,175066208.0,4.44,4.45,4.33,4.36,True,振华重工,False
2025-06-03,58.709,59.177,58.475,59.06,366198.0,159662328.0,4.33,4.37,4.31,4.36,True,振华重工,False
2025-06-04,58.943,59.528,58.709,59.177,332305.0,145217285.0,4.35,4.4,4.33,4.37,True,振华重工,False
2025-06-05,59.06,61.049,59.06,59.762,543345.0,240158490.0,4.36,4.53,4.36,4.42,True,振华重工,False
2025-06-06,59.762,59.996,59.294,59.528,339179.0,149238760.0,4.42,4.44,4.38,4.4,True,振华重工,False
2025-06-09,59.645,60.113,59.528,60.113,499858.0,222436810.0,4.41,4.45,4.4,4.45,True,振华重工,False
2025-06-10,59.996,60.113,58.943,59.762,607299.0,268426158.0,4.44,4.45,4.35,4.42,True,振华重工,False
2025-06-11,59.528,59.996,59.294,59.528,389032.0,171174080.0,4.4,4.44,4.38,4.4,True,振华重工,False
2025-06-12,59.645,59.645,58.241,58.358,599187.0,257650410.0,4.41,4.41,4.29,4.3,True,振华重工,False
2025-06-13,58.358,58.592,57.422,57.656,506813.0,214888712.0,4.3,4.32,4.22,4.24,True,振华重工,False
2025-06-16,57.305,58.007,57.305,57.539,310420.0,131307660.0,4.21,4.27,4.21,4.23,True,振华重工,False
2025-06-17,57.656,58.007,57.305,57.89,275810.0,117495060.0,4.24,4.27,4.21,4.26,True,振华重工,False
2025-06-18,57.89,58.358,57.656,58.007,247950.0,105874650.0,4.26,4.3,4.24,4.27,True,振华重工,False
2025-06-19,57.773,57.89,56.72,56.954,403811.0,168792998.0,4.25,4.26,4.16,4.18,True,振华重工,False
2025-06-20,56.72,57.071,56.369,56.486,264313.0,109425582.0,4.16,4.19,4.13,4.14,True,振华重工,False
2025-06-23,56.486,57.188,56.252,57.188,275884.0,115871280.0,4.14,4.2,4.12,4.2,True,振华重工,False
2025-06-24,57.188,58.007,56.954,58.007,307081.0,131123587.0,4.2,4.27,4.18,4.27,True,振华重工,False
2025-06-25,58.065,58.767,57.948,58.767,430532.0,184267696.0,4.22,4.28,4.21,4.28,True,振华重工,False
2025-06-26,58.767,60.522,58.533,59.703,928594.0,404866984.0,4.28,4.43,4.26,4.36,True,振华重工,False
2025-06-27,59.586,60.054,59.352,59.469,481076.0,208786984.0,4.35,4.39,4.33,4.34,True,振华重工,False
2025-06-30,59.469,60.171,59.352,59.82,381961.0,166916957.0,4.34,4.4,4.33,4.37,True,振华重工,False
2025-07-01,59.82,60.288,59.586,60.171,523297.0,230250680.00000003,4.37,4.41,4.35,4.4,True,振华重工,False
2025-07-02,62.862,65.319,62.745,65.319,902870.0,436989080.0,4.63,4.84,4.62,4.84,True,振华重工,False
2025-07-03,68.244,68.244,63.33,63.681,3206000.0,1506820000.0,5.09,5.09,4.67,4.7,True,振华重工,False
2025-07-04,63.447,63.915,61.107,61.341,1688492.0,759821400.0,4.68,4.72,4.48,4.5,True,振华重工,False
2025-07-07,61.341,62.394,60.873,61.809,885025.0,401801350.0,4.5,4.59,4.46,4.54,True,振华重工,False
2025-07-08,61.575,62.628,61.224,62.511,842144.0,387386240.0,4.52,4.61,4.49,4.6,True,振华重工,False
2025-07-09,62.511,63.447,62.043,62.277,824850.0,377781300.0,4.6,4.68,4.56,4.58,True,振华重工,False
2025-07-10,61.926,62.745,61.809,62.394,542221.0,248879439.0,4.55,4.62,4.54,4.59,True,振华重工,False
2025-07-11,62.511,63.447,62.394,63.096,834610.0,388093650.0,4.6,4.68,4.59,4.65,True,振华重工,False
2025-07-14,63.096,63.447,62.745,62.745,470712.0,217468944.0,4.65,4.68,4.62,4.62,True,振华重工,False
2025-07-15,62.628,62.628,61.575,62.043,537436.0,245070816.0,4.61,4.61,4.52,4.56,True,振华重工,False
2025-07-16,62.043,62.277,61.575,61.809,313650.0,142397100.0,4.56,4.58,4.52,4.54,True,振华重工,False
2025-07-17,61.809,62.043,61.458,62.043,284362.0,129669072.0,4.54,4.56,4.51,4.56,True,振华重工,False
2025-07-18,61.926,62.16,61.692,61.926,308484.0,140360220.0,4.55,4.57,4.53,4.55,True,振华重工,False
2025-07-21,62.043,63.447,62.043,63.33,752671.0,351497357.0,4.56,4.68,4.56,4.67,True,振华重工,False
2025-07-22,64.032,67.659,63.681,67.074,1978906.0,987474094.0,4.73,5.04,4.7,4.99,True,振华重工,False
2025-07-23,67.776,67.893,64.266,64.266,1353488.0,642906800.0,5.05,5.06,4.75,4.75,True,振华重工,False
2025-07-24,64.149,64.968,63.798,64.266,908620.0,431594500.0,4.74,4.81,4.71,4.75,True,振华重工,False
2025-07-25,64.383,64.383,63.096,63.213,647291.0,301637606.0,4.76,4.76,4.65,4.66,True,振华重工,False
2025-07-28,62.979,63.447,62.745,63.096,435809.0,202651185.00000003,4.64,4.68,4.62,4.65,True,振华重工,False
2025-07-29,62.979,62.979,62.16,62.862,420076.0,194495188.0,4.64,4.64,4.57,4.63,True,振华重工,False
2025-07-30,62.628,63.213,62.16,62.394,414872.0,190426248.0,4.61,4.66,4.57,4.59,True,振华重工,False
2025-07-31,62.277,62.511,61.809,62.043,381084.0,173774304.0,4.58,4.6,4.54,4.56,True,振华重工,False
2025-08-01,62.16,62.277,61.458,61.692,299923.0,135865119.0,4.57,4.58,4.51,4.53,True,振华重工,False
2025-08-04,61.458,62.277,61.107,62.277,336869.0,154286002.0,4.51,4.58,4.48,4.58,True,振华重工,False
2025-08-05,62.277,62.628,61.926,62.394,392338.0,180083142.0,4.58,4.61,4.55,4.59,True,振华重工,False
2025-08-06,62.277,63.564,62.043,63.564,633160.0,296952040.0,4.58,4.69,4.56,4.69,True,振华重工,False
2025-08-07,63.681,63.915,62.511,62.862,481670.0,223013210.0,4.7,4.72,4.6,4.63,True,振华重工,False
2025-08-08,62.862,63.681,62.628,63.447,537232.0,251424576.0,4.63,4.7,4.61,4.68,True,振华重工,False
2025-08-11,63.33,63.681,63.096,63.447,414266.0,193876488.0,4.67,4.7,4.65,4.68,True,振华重工,False
2025-08-12,63.564,63.915,63.213,63.33,346078.0,161618426.0,4.69,4.72,4.66,4.67,True,振华重工,False
2025-08-13,63.447,63.564,63.213,63.33,406948.0,190044716.0,4.68,4.69,4.66,4.67,True,振华重工,False
2025-08-14,63.447,63.564,62.511,62.628,547643.0,252463423.00000003,4.68,4.69,4.6,4.61,True,振华重工,False
2025-08-15,62.394,63.681,62.277,62.862,741572.0,343347836.0,4.59,4.7,4.58,4.63,True,振华重工,False
2025-08-18,63.213,64.5,63.096,64.149,1002958.0,475402092.0,4.66,4.77,4.65,4.74,True,振华重工,False
2025-08-19,64.5,64.734,63.681,63.798,685236.0,322746156.0,4.77,4.79,4.7,4.71,True,振华重工,False
2025-08-20,63.681,64.266,63.33,64.266,526138.0,249915550.0,4.7,4.75,4.67,4.75,True,振华重工,False
2025-08-21,64.149,64.383,63.681,63.915,461398.0,217779856.0,4.74,4.76,4.7,4.72,True,振华重工,False
2025-08-22,63.915,64.149,63.213,64.149,514299.0,243777726.0,4.72,4.74,4.66,4.74,True,振华重工,False
2025-08-25,64.149,65.553,63.915,65.085,953162.0,459424084.0,4.74,4.86,4.72,4.82,True,振华重工,False
2025-08-26,65.085,65.085,64.149,64.734,577687.0,276712073.0,4.82,4.82,4.74,4.79,True,振华重工,False
2025-08-27,64.851,65.085,63.096,63.096,707586.0,329027490.0,4.8,4.82,4.65,4.65,True,振华重工,False
2025-08-28,62.745,63.33,61.458,63.33,634636.0,296375012.0,4.62,4.67,4.51,4.67,True,振华重工,False
2025-08-29,63.447,63.798,62.979,63.096,476517.0,221580405.00000003,4.68,4.71,4.64,4.65,True,振华重工,False
2025-09-01,63.096,63.213,61.575,61.926,786072.0,357662760.0,4.65,4.66,4.52,4.55,True,振华重工,False
2025-09-02,61.926,61.926,60.756,61.224,575761.0,258516689.0,4.55,4.55,4.45,4.49,True,振华重工,False
2025-09-03,61.341,61.575,59.82,59.937,462476.0,202564488.0,4.5,4.52,4.37,4.38,True,振华重工,False
2025-09-04,60.054,60.639,59.469,60.054,469220.0,205987580.0,4.39,4.44,4.34,4.39,True,振华重工,False
2025-09-05,60.288,60.522,59.703,60.405,375546.0,165991332.0,4.41,4.43,4.36,4.42,True,振华重工,False
2025-09-08,60.522,60.639,59.937,60.405,528294.0,233505948.0,4.43,4.44,4.38,4.42,True,振华重工,False
2025-09-09,60.405,60.522,59.82,60.054,347417.0,152516063.0,4.42,4.43,4.37,4.39,True,振华重工,False
2025-09-10,60.054,60.288,59.703,59.82,242866.0,106132442.0,4.39,4.41,4.36,4.37,True,振华重工,False
2025-09-11,59.82,60.873,59.469,60.873,481445.0,214724470.0,4.37,4.46,4.34,4.46,True,振华重工,False
2025-09-12,60.873,61.224,60.639,60.99,525926.0,235088922.0,4.46,4.49,4.44,4.47,True,振华重工,False
2025-09-15,61.107,62.277,61.107,61.692,602082.0,272743146.0,4.48,4.58,4.48,4.53,True,振华重工,False
2025-09-16,61.692,61.809,61.107,61.692,319449.0,144710397.0,4.53,4.54,4.48,4.53,True,振华重工,False
2025-09-17,61.575,61.692,61.224,61.341,323131.0,145408950.0,4.52,4.53,4.49,4.5,True,振华重工,False
2025-09-18,61.341,63.447,61.107,61.926,935778.0,425778990.0,4.5,4.68,4.48,4.55,True,振华重工,False
2025-09-19,61.575,61.692,60.756,61.107,417747.0,187150656.00000003,4.52,4.53,4.45,4.48,True,振华重工,False
2025-09-22,61.107,61.224,60.054,60.405,316648.0,139958416.0,4.48,4.49,4.39,4.42,True,振华重工,False
2025-09-23,60.522,60.639,59.235,59.937,383185.0,167835030.0,4.43,4.44,4.32,4.38,True,振华重工,False
2025-09-24,59.703,60.522,59.586,60.405,292680.0,129364560.0,4.36,4.43,4.35,4.42,True,振华重工,False
2025-09-25,60.405,60.405,59.352,59.586,318975.0,138754125.0,4.42,4.42,4.33,4.35,True,振华重工,False
2025-09-26,59.352,60.522,59.352,59.82,316506.0,138313122.0,4.33,4.43,4.33,4.37,True,振华重工,False
2025-09-29,59.937,60.99,59.118,60.639,427948.0,190008912.00000003,4.38,4.47,4.31,4.44,True,振华重工,False
2025-09-30,60.522,60.99,60.405,60.873,318864.0,142213344.0,4.43,4.47,4.42,4.46,True,振华重工,False
2025-10-09,60.873,62.745,60.756,62.511,852276.0,392046960.0,4.46,4.62,4.45,4.6,True,振华重工,False
2025-10-10,62.511,63.33,62.043,62.862,644915.0,298595645.0,4.6,4.67,4.56,4.63,True,振华重工,False
2025-10-13,61.575,62.862,61.341,62.745,539490.0,249244380.0,4.52,4.63,4.5,4.62,True,振华重工,False
2025-10-14,62.628,63.33,62.16,62.394,567917.0,260673903.0,4.61,4.67,4.57,4.59,True,振华重工,False
2025-10-15,62.511,64.383,62.277,64.032,991148.0,468813004.00000006,4.6,4.76,4.58,4.73,True,振华重工,False
2025-10-16,64.266,64.266,62.745,63.447,887820.0,415499760.0,4.75,4.75,4.62,4.68,True,振华重工,False
2025-10-17,63.213,63.447,61.926,61.926,621654.0,282852570.0,4.66,4.68,4.55,4.55,True,振华重工,False
2025-10-20,62.16,63.33,62.16,62.745,458083.0,211634346.0,4.57,4.67,4.57,4.62,True,振华重工,False
2025-10-21,62.979,65.436,62.862,65.319,1579837.0,764641108.0,4.64,4.85,4.63,4.84,True,振华重工,False
2025-10-22,65.202,65.202,64.383,64.617,809742.0,387056676.0,4.83,4.83,4.76,4.78,True,振华重工,False
2025-10-23,64.383,64.5,63.33,64.149,713230.0,338071020.0,4.76,4.77,4.67,4.74,True,振华重工,False
2025-10-24,64.266,64.5,62.862,63.564,714166.0,334943854.0,4.75,4.77,4.63,4.69,True,振华重工,False
2025-10-27,63.096,63.915,62.745,63.33,885813.0,413674671.0,4.65,4.72,4.62,4.67,True,振华重工,False
2025-10-28,63.33,64.383,62.745,63.33,731138.0,341441446.0,4.67,4.76,4.62,4.67,True,振华重工,False
2025-10-29,63.213,63.681,62.745,63.564,416298.0,195243762.00000003,4.66,4.7,4.62,4.69,True,振华重工,False
2025-10-30,63.681,64.266,63.213,63.681,617087.0,290030890.0,4.7,4.75,4.66,4.7,True,振华重工,False
2025-10-31,64.266,65.202,63.915,64.032,766293.0,362456589.00000006,4.75,4.83,4.72,4.73,True,振华重工,False
2025-11-03,64.617,65.085,64.032,64.968,700147.0,336770707.0,4.78,4.82,4.73,4.81,True,振华重工,False
2025-11-04,64.851,65.319,64.266,64.968,638041.0,306897721.0,4.8,4.84,4.75,4.81,True,振华重工,False
2025-11-05,64.851,66.489,64.5,65.787,921831.0,449853528.0,4.8,4.94,4.77,4.88,True,振华重工,False
2025-11-06,65.904,66.489,65.436,66.372,711449.0,350744357.0,4.89,4.94,4.85,4.93,True,振华重工,False
2025-11-07,66.138,66.84,65.787,65.904,653880.0,319747320.0,4.91,4.97,4.88,4.89,True,振华重工,False
2025-11-10,65.787,65.904,64.968,65.67,544059.0,264956733.0,4.88,4.89,4.81,4.87,True,振华重工,False
2025-11-11,65.787,68.01,65.67,67.074,916170.0,457168830.0,4.88,5.07,4.87,4.99,True,振华重工,False
2025-11-12,67.308,67.308,65.202,65.319,692096.0,334974464.0,5.01,5.01,4.83,4.84,True,振华重工,False
2025-11-13,65.319,66.84,65.085,66.021,463762.0,227243380.00000003,4.84,4.97,4.82,4.9,True,振华重工,False
2025-11-14,65.67,66.957,65.319,66.372,708539.0,349309727.0,4.87,4.98,4.84,4.93,True,振华重工,False
2025-11-17,66.489,66.606,65.085,65.436,546995.0,265292575.0,4.94,4.95,4.82,4.85,True,振华重工,False
2025-11-18,65.085,65.319,63.447,63.798,623463.0,293651073.0,4.82,4.84,4.68,4.71,True,振华重工,False
2025-11-19,63.564,64.383,63.213,64.266,440144.0,209068400.0,4.69,4.76,4.66,4.75,True,振华重工,False
2025-11-20,64.266,64.383,63.096,63.447,423900.0,198385200.0,4.75,4.76,4.65,4.68,True,振华重工,False
2025-11-21,63.096,63.447,61.809,62.043,512995.0,233925720.0,4.65,4.68,4.54,4.56,True,振华重工,False
2025-11-24,62.16,63.447,62.16,62.862,469372.0,217319236.0,4.57,4.68,4.57,4.63,True,振华重工,False
2025-11-25,62.862,62.979,62.16,62.277,416095.0,190571510.0,4.63,4.64,4.57,4.58,True,振华重工,False
2025-11-26,62.394,62.628,61.341,61.458,369852.0,166803252.0,4.59,4.61,4.5,4.51,True,振华重工,False
2025-11-27,61.458,61.926,61.224,61.341,310160.0,139572000.0,4.51,4.55,4.49,4.5,True,振华重工,False
2025-11-28,61.341,61.926,60.873,61.809,258506.0,117361724.0,4.5,4.55,4.46,4.54,True,振华重工,False
2025-12-01,61.809,62.394,61.692,62.043,285485.0,130181160.0,4.54,4.59,4.53,4.56,True,振华重工,False
2025-12-02,62.043,62.628,61.575,62.628,345547.0,159297167.0,4.56,4.61,4.52,4.61,True,振华重工,False
2025-12-03,62.628,63.33,62.277,63.213,423376.0,197293216.0,4.61,4.67,4.58,4.66,True,振华重工,False
2025-12-04,63.096,64.266,62.979,63.915,554621.0,261781112.0,4.65,4.75,4.64,4.72,True,振华重工,False
2025-12-05,63.798,67.425,63.564,67.308,1479016.0,740987016.0,4.71,5.02,4.69,5.01,True,振华重工,False
2025-12-08,66.957,67.659,65.904,66.957,953584.0,474884832.00000006,4.98,5.04,4.89,4.98,True,振华重工,False
2025-12-09,66.957,67.074,64.968,65.085,644577.0,310686114.0,4.98,4.99,4.81,4.82,True,振华重工,False
2025-12-10,65.085,66.84,65.085,66.489,697238.0,344435572.0,4.82,4.97,4.82,4.94,True,振华重工,False
2025-12-11,66.489,66.84,65.319,65.553,507904.0,246841344.00000003,4.94,4.97,4.84,4.86,True,振华重工,False
2025-12-12,65.787,67.074,65.553,66.255,692233.0,340578636.0,4.88,4.99,4.86,4.92,True,振华重工,False
2025-12-15,65.67,66.489,65.436,65.553,494723.0,240435378.00000003,4.87,4.94,4.85,4.86,True,振华重工,False
2025-12-16,65.67,65.67,62.862,62.979,674154.0,312807456.0,4.87,4.87,4.63,4.64,True,振华重工,False
2025-12-17,62.979,63.33,61.341,62.277,621040.0,284436320.0,4.64,4.67,4.5,4.58,True,振华重工,False
2025-12-18,62.043,62.979,61.809,62.511,388774.0,178836040.0,4.56,4.64,4.54,4.6,True,振华重工,False
2025-12-19,62.511,65.436,62.16,64.734,872948.0,418142092.0,4.6,4.85,4.57,4.79,True,振华重工,False
2025-12-22,64.734,65.319,64.149,64.383,441277.0,210047852.0,4.79,4.84,4.74,4.76,True,振华重工,False
2025-12-23,64.149,64.383,63.33,63.681,382100.0,179587000.0,4.74,4.76,4.67,4.7,True,振华重工,False
2025-12-24,63.681,64.5,63.096,64.032,427441.0,202179593.00000003,4.7,4.77,4.65,4.73,True,振华重工,False
2025-12-25,64.032,66.021,63.915,65.67,569311.0,277254457.0,4.73,4.9,4.72,4.87,True,振华重工,False
2025-12-26,65.436,66.021,64.968,65.904,477455.0,233475495.0,4.85,4.9,4.81,4.89,True,振华重工,False
2025-12-29,66.606,67.659,66.021,66.84,802449.0,398817153.0,4.95,5.04,4.9,4.97,True,振华重工,False
2025-12-30,66.489,68.361,66.255,67.542,811060.0,407963180.0,4.94,5.1,4.92,5.03,True,振华重工,False
2025-12-31,67.542,69.999,67.308,68.946,1099699.0,566344985.0,5.03,5.24,5.01,5.15,True,振华重工,False
2026-01-05,68.946,69.414,67.191,67.659,921415.0,464393160.0,5.15,5.19,5.0,5.04,True,振华重工,False
2026-01-06,67.659,68.595,66.957,68.361,720232.0,367318320.0,5.04,5.12,4.98,5.1,True,振华重工,False
2026-01-07,68.361,69.063,67.893,68.361,488595.0,248206260.0,5.08,5.14,5.04,5.08,True,振华重工,False
2026-01-08,68.01,70.584,67.893,69.414,693447.0,358512099.0,5.05,5.27,5.04,5.17,True,振华重工,False
2026-01-09,69.648,71.988,69.297,70.935,1121183.0,594226990.0,5.19,5.39,5.16,5.3,True,振华重工,False
2026-01-12,70.818,71.286,69.648,70.467,913430.0,480464180.0,5.29,5.33,5.19,5.26,True,振华重工,False
2026-01-13,70.35,70.818,69.414,69.882,787310.0,410188510.0,5.25,5.29,5.17,5.21,True,振华重工,False
2026-01-14,70.116,70.467,68.478,68.946,859978.0,441168714.0,5.23,5.26,5.09,5.13,True,振华重工,False
2026-01-15,68.829,68.829,67.659,68.595,517709.0,264031590.0,5.12,5.12,5.02,5.1,True,振华重工,False
2026-01-16,69.063,69.765,68.244,68.361,487229.0,247512332.0,5.14,5.2,5.07,5.08,True,振华重工,False
2026-01-19,68.244,69.882,68.127,69.648,576560.0,299234640.0,5.07,5.21,5.06,5.19,True,振华重工,False
2026-01-20,69.648,70.116,68.712,69.531,461163.0,238882434.0,5.19,5.23,5.11,5.18,True,振华重工,False
2026-01-21,69.765,70.584,69.414,70.116,610309.0,319191607.0,5.2,5.27,5.17,5.23,True,振华重工,False
2026-01-22,69.999,71.871,69.999,71.754,836400.0,449146800.0,5.22,5.38,5.22,5.37,True,振华重工,False
2026-01-23,71.988,72.105,71.403,71.754,600113.0,322260681.0,5.39,5.4,5.34,5.37,True,振华重工,False
2026-01-26,71.754,72.105,70.467,70.935,601365.0,318723450.0,5.37,5.4,5.26,5.3,True,振华重工,False
2026-01-27,70.818,71.169,69.414,70.233,498473.0,261199852.0,5.29,5.32,5.17,5.24,True,振华重工,False
2026-01-28,70.35,70.935,69.063,70.467,533221.0,280474246.0,5.25,5.3,5.14,5.26,True,振华重工,False
2026-01-29,70.467,70.584,69.063,69.18,561520.0,289182800.0,5.26,5.27,5.14,5.15,True,振华重工,False
2026-01-30,69.18,69.531,67.659,68.829,582230.0,298101760.0,5.15,5.18,5.02,5.12,True,振华重工,False
2026-02-02,68.829,69.297,66.606,66.84,540659.0,267626205.0,5.12,5.16,4.93,4.95,True,振华重工,False
2026-02-03,67.425,69.18,66.957,68.946,547336.0,280783368.0,5.0,5.15,4.96,5.13,True,振华重工,False
2026-02-04,68.712,71.52,68.712,71.169,937599.0,498802668.0,5.11,5.35,5.11,5.32,True,振华重工,False
2026-02-05,70.584,71.169,69.531,69.765,586395.0,304925400.0,5.27,5.32,5.18,5.2,True,振华重工,False
2026-02-06,69.531,69.999,68.595,68.829,458050.0,234521600.0,5.18,5.22,5.1,5.12,True,振华重工,False
2026-02-09,69.531,70.35,69.297,69.414,382924.0,197971708.0,5.18,5.25,5.16,5.17,True,振华重工,False
2026-02-10,69.531,69.765,68.244,69.063,420023.0,215891822.0,5.18,5.2,5.07,5.14,True,振华重工,False
2026-02-11,69.063,70.116,68.829,69.063,336783.0,173106462.0,5.14,5.23,5.12,5.14,True,振华重工,False
2026-02-12,68.946,70.35,68.712,69.531,401898.0,208183164.0,5.13,5.25,5.11,5.18,True,振华重工,False
2026-02-13,69.414,69.414,68.595,68.595,333525.0,170097750.0,5.17,5.17,5.1,5.1,True,振华重工,False
2026-02-24,69.063,71.52,69.063,70.818,635849.0,336364121.0,5.14,5.35,5.14,5.29,True,振华重工,False
2026-02-25,70.935,72.807,70.701,71.637,554881.0,297416216.0,5.3,5.46,5.28,5.36,True,振华重工,False
2026-02-26,71.637,74.094,71.403,73.743,867028.0,480333512.0,5.36,5.57,5.34,5.54,True,振华重工,False
2026-02-27,73.392,75.03,72.924,73.86,693149.0,384697695.0,5.51,5.65,5.47,5.55,True,振华重工,False
2026-03-02,73.392,74.913,72.69,74.328,865514.0,483822326.0,5.51,5.64,5.45,5.59,True,振华重工,False
2026-03-03,74.328,74.445,71.52,71.754,813450.0,436822650.0,5.59,5.6,5.35,5.37,True,振华重工,False
2026-03-04,70.818,72.69,70.701,71.637,526319.0,282106984.0,5.29,5.45,5.28,5.36,True,振华重工,False
2026-03-05,72.339,73.275,71.637,72.924,705885.0,386119095.0,5.42,5.5,5.36,5.47,True,振华重工,False
2026-03-06,72.69,73.86,71.988,72.924,603561.0,330147867.0,5.45,5.55,5.39,5.47,True,振华重工,False
2026-03-09,72.105,72.573,70.35,71.169,740552.0,393973664.0,5.4,5.44,5.25,5.32,True,振华重工,False
2026-03-10,71.52,72.573,70.818,71.52,568858.0,304339030.0,5.35,5.44,5.29,5.35,True,振华重工,False
2026-03-11,71.52,71.637,70.116,71.52,570423.0,305176305.0,5.35,5.36,5.23,5.35,True,振华重工,False
2026-03-12,71.52,71.637,70.35,70.701,491021.0,259259088.0,5.35,5.36,5.25,5.28,True,振华重工,False
2026-03-13,70.584,72.69,70.467,71.988,891920.0,480744880.0,5.27,5.45,5.26,5.39,True,振华重工,False
2026-03-16,74.445,74.445,68.244,68.361,1587639.0,806520612.0,5.6,5.6,5.07,5.08,True,振华重工,False
2026-03-17,68.361,68.712,66.723,66.957,835664.0,414489344.0,5.08,5.11,4.94,4.96,True,振华重工,False
2026-03-18,66.84,67.308,65.202,66.138,615145.0,300805905.0,4.95,4.99,4.81,4.89,True,振华重工,False
2026-03-19,66.255,66.372,64.032,64.383,581918.0,275829132.0,4.9,4.91,4.71,4.74,True,振华重工,False
2026-03-20,64.5,64.968,63.33,63.33,468051.0,217643715.00000003,4.75,4.79,4.65,4.65,True,振华重工,False
2026-03-23,62.394,62.628,59.703,60.171,775389.0,339620382.0,4.57,4.59,4.34,4.38,True,振华重工,False
2026-03-24,61.458,62.979,60.405,62.979,680299.0,314298138.0,4.49,4.62,4.4,4.62,True,振华重工,False
2026-03-25,63.213,64.383,62.979,63.915,458776.0,215624720.0,4.64,4.74,4.62,4.7,True,振华重工,False
2026-03-26,64.032,65.319,63.681,64.149,431851.0,203833672.0,4.71,4.82,4.68,4.72,True,振华重工,False
2026-03-27,63.33,64.383,63.096,63.915,366208.0,172117760.0,4.65,4.74,4.63,4.7,True,振华重工,False
2026-03-30,63.213,64.149,62.511,63.915,348603.0,163843410.0,4.64,4.72,4.58,4.7,True,振华重工,False
2026-03-31,64.968,69.414,64.617,67.776,1638082.0,823955246.0,4.79,5.17,4.76,5.03,True,振华重工,False
2026-04-01,68.361,69.882,67.425,69.648,1478425.0,767302575.0,5.08,5.21,5.0,5.19,True,振华重工,False
2026-04-02,68.712,69.414,67.893,68.361,738108.0,374958864.0,5.11,5.17,5.04,5.08,True,振华重工,False
2026-04-03,68.244,68.361,66.84,66.957,442036.0,219249856.0,5.07,5.08,4.95,4.96,True,振华重工,False
2026-04-07,66.957,68.01,66.606,67.659,426328.0,214016656.0,4.96,5.05,4.93,5.02,True,振华重工,False
2026-04-08,68.712,70.584,68.478,70.467,695674.0,365924524.0,5.11,5.27,5.09,5.26,True,振华重工,False
2026-04-09,69.765,70.233,69.297,69.765,462227.0,240358040.0,5.2,5.24,5.16,5.2,True,振华重工,False
2026-04-10,70.584,70.701,69.297,69.297,395944.0,204307104.0,5.27,5.28,5.16,5.16,True,振华重工,False
2026-04-13,69.18,69.414,68.829,68.946,299278.0,153529614.0,5.15,5.17,5.12,5.13,True,振华重工,False
2026-04-14,69.063,69.531,68.01,68.946,360092.0,184727196.0,5.14,5.18,5.05,5.13,True,振华重工,False
2026-04-15,68.946,69.063,67.893,68.127,359870.0,182094220.0,5.13,5.14,5.04,5.06,True,振华重工,False
2026-04-16,68.127,68.829,67.893,68.478,309933.0,157755897.0,5.06,5.12,5.04,5.09,True,振华重工,False
2026-04-17,68.478,68.829,67.893,68.127,370951.0,187701206.0,5.09,5.12,5.04,5.06,True,振华重工,False
2026-04-20,68.01,69.297,67.659,69.18,380471.0,195942565.0,5.05,5.16,5.02,5.15,True,振华重工,False
2026-04-21,69.18,69.297,68.595,69.063,242803.0,124800742.0,5.15,5.16,5.1,5.14,True,振华重工,False
2026-04-22,68.829,68.946,67.542,67.893,492300.0,248119200.0,5.12,5.13,5.01,5.04,True,振华重工,False
2026-04-23,68.01,68.946,67.893,68.595,367347.0,187346970.0,5.05,5.13,5.04,5.1,True,振华重工,False
2026-04-24,68.478,69.531,67.542,67.776,413402.0,207941206.0,5.09,5.18,5.01,5.03,True,振华重工,False
2026-04-27,68.244,68.361,66.489,66.489,394543.0,194115156.0,5.07,5.08,4.92,4.92,True,振华重工,False
2026-04-28,67.542,72.222,67.542,72.222,2014131.0,1089644871.0,5.01,5.41,5.01,5.41,True,振华重工,False
2026-04-29,71.052,72.924,70.935,71.754,1868957.0,1003629909.0,5.31,5.47,5.3,5.37,True,振华重工,False
2026-04-30,71.286,72.69,70.935,72.339,943026.0,511120092.0,5.33,5.45,5.3,5.42,True,振华重工,False
2026-05-06,72.807,73.626,72.105,72.69,931530.0,507683850.0,5.46,5.53,5.4,5.45,True,振华重工,False
2026-05-07,72.69,72.807,71.637,71.871,611520.0,328997760.0,5.45,5.46,5.36,5.38,True,振华重工,False
2026-05-08,71.403,71.871,70.701,71.286,527181.0,280987473.0,5.34,5.38,5.28,5.33,True,振华重工,False
2026-05-11,71.286,71.988,70.584,71.754,604586.0,324662682.0,5.33,5.39,5.27,5.37,True,振华重工,False
2026-05-12,71.754,71.754,69.765,69.999,556363.0,290421486.0,5.37,5.37,5.2,5.22,True,振华重工,False
2026-05-13,69.999,72.339,69.531,71.754,581595.0,312316515.0,5.22,5.42,5.18,5.37,True,振华重工,False
2026-05-14,71.988,72.222,68.829,68.829,721593.0,369455616.0,5.39,5.41,5.12,5.12,True,振华重工,False
2026-05-15,68.829,69.648,67.893,68.478,605187.0,308040183.0,5.12,5.19,5.04,5.09,True,振华重工,False
2026-05-18,68.361,68.946,67.191,67.776,582566.0,293030698.0,5.08,5.13,4.98,5.03,True,振华重工,False
2026-05-19,67.776,68.01,66.255,67.425,470828.0,235414000.0,5.03,5.05,4.9,5.0,True,振华重工,False
2026-05-20,67.191,67.308,65.67,66.84,392429.0,194252355.0,4.98,4.99,4.85,4.95,True,振华重工,False
2026-05-21,66.957,67.542,65.202,65.319,468794.0,225958708.0,4.96,5.01,4.81,4.82,True,振华重工,False
2026-05-22,65.553,66.372,64.851,65.787,427902.0,207960372.0,4.84,4.91,4.78,4.86,True,振华重工,False
2026-05-25,66.021,66.957,65.787,66.723,380741.0,188086054.0,4.88,4.96,4.86,4.94,True,振华重工,False
2026-05-26,66.723,66.723,65.553,66.489,393951.0,193823892.0,4.94,4.94,4.84,4.92,True,振华重工,False
2026-05-27,66.372,67.074,64.851,65.553,445157.0,215455988.0,4.91,4.97,4.78,4.84,True,振华重工,False
2026-05-28,65.553,66.372,64.383,65.553,383205.0,185471220.0,4.84,4.91,4.74,4.84,True,振华重工,False
2026-05-29,65.67,66.372,64.968,65.085,426328.0,204637440.0,4.85,4.91,4.79,4.8,True,振华重工,False
2026-06-01,65.319,65.67,64.617,65.319,377471.0,181941022.0,4.82,4.85,4.76,4.82,True,振华重工,False
2026-06-02,65.202,65.436,63.681,63.915,413777.0,194475190.0,4.81,4.83,4.68,4.7,True,振华重工,False
2026-06-03,63.915,64.383,63.096,63.33,365507.0,169960755.0,4.7,4.74,4.63,4.65,True,振华重工,False
2026-06-04,62.979,64.266,62.277,62.628,412684.0,189421956.0,4.62,4.73,4.56,4.59,True,振华重工,False
2026-06-05,63.213,63.447,62.043,62.277,403766.0,184117296.0,4.64,4.66,4.54,4.56,True,振华重工,False
2026-06-08,61.575,62.745,60.054,60.873,500697.0,222309468.00000003,4.5,4.6,4.37,4.44,True,振华重工,False
2026-06-09,61.107,61.341,59.937,60.873,380725.0,169041900.0,4.46,4.48,4.36,4.44,True,振华重工,False
2026-06-10,60.756,60.99,59.703,60.288,367610.0,161380790.0,4.43,4.45,4.34,4.39,True,振华重工,False
2026-06-11,60.054,60.405,58.767,59.469,393385.0,169942320.0,4.37,4.4,4.26,4.32,True,振华重工,False
2026-06-12,59.82,61.107,59.586,60.405,466603.0,205305320.00000003,4.35,4.46,4.33,4.4,True,振华重工,False
2026-06-15,60.756,63.33,60.756,63.096,541298.0,250620974.0,4.43,4.65,4.43,4.63,True,振华重工,False
2026-06-16,63.096,63.096,61.224,61.341,420800.0,188518400.00000003,4.63,4.63,4.47,4.48,True,振华重工,False
2026-06-17,61.458,62.394,60.99,61.809,321466.0,145302632.0,4.49,4.57,4.45,4.52,True,振华重工,False
2026-06-18,61.224,61.809,60.405,60.522,326125.0,143821125.0,4.47,4.52,4.4,4.41,True,振华重工,False
2026-06-22,60.288,61.692,59.235,61.575,464386.0,208973700.0,4.39,4.51,4.3,4.5,True,振华重工,False
2026-06-23,61.809,62.394,60.171,60.522,384162.0,169415442.0,4.52,4.57,4.38,4.41,True,振华重工,False
2026-06-24,60.99,60.99,59.001,59.352,368795.0,158950645.0,4.45,4.45,4.28,4.31,True,振华重工,False
2026-06-25,59.235,60.054,58.767,59.001,428840.0,183543520.0,4.3,4.37,4.26,4.28,True,振华重工,False
2026-06-26,58.884,59.937,57.831,57.948,388650.0,162844350.00000003,4.27,4.36,4.18,4.19,True,振华重工,False
2026-06-29,57.948,58.182,56.31,57.831,412358.0,172365644.0,4.19,4.21,4.05,4.18,True,振华重工,False
2026-06-30,57.597,57.948,56.895,57.246,320854.0,132512702.0,4.16,4.19,4.1,4.13,True,振华重工,False
2026-07-01,57.246,58.299,56.895,57.831,389052.0,162623736.0,4.13,4.22,4.1,4.18,True,振华重工,False
2026-07-02,57.48,58.182,56.895,57.129,388371.0,160008852.0,4.15,4.21,4.1,4.12,True,振华重工,False
2026-07-03,57.363,58.65,57.129,58.299,420086.0,177276292.0,4.14,4.25,4.12,4.22,True,振华重工,False
2026-07-06,58.182,58.884,57.948,58.182,358180.0,150793780.0,4.21,4.27,4.19,4.21,True,振华重工,False
2026-07-07,58.182,58.767,56.661,56.895,363887.0,149193670.0,4.21,4.26,4.08,4.1,True,振华重工,False
2026-07-08,56.895,57.246,55.725,56.193,335364.0,135487056.0,4.1,4.13,4.0,4.04,True,振华重工,False
2026-07-09,56.076,56.427,54.789,55.725,474179.0,189671600.0,4.03,4.06,3.92,4.0,True,振华重工,False
2026-07-10,55.725,57.714,55.257,56.895,546536.0,224079760.0,4.0,4.17,3.96,4.1,True,振华重工,False
2026-07-13,56.895,57.012,55.374,55.374,457305.0,181550085.0,4.1,4.11,3.97,3.97,True,振华重工,False
2026-07-14,55.725,56.544,55.257,56.427,362611.0,147220066.0,4.0,4.07,3.96,4.06,True,振华重工,False
2026-07-15,56.076,57.597,55.959,57.363,393658.0,162974412.0,4.03,4.16,4.02,4.14,True,振华重工,False
2026-07-16,57.246,57.597,56.427,56.778,373534.0,152775406.0,4.13,4.16,4.06,4.09,True,振华重工,False
2026-07-17,57.071,57.656,56.018,56.018,444141.0,176323977.0,4.06,4.11,3.97,3.97,True,振华重工,False
2026-07-20,56.018,57.656,55.901,57.305,553210.0,225709680.0,3.97,4.11,3.96,4.08,True,振华重工,False
2026-07-21,57.188,58.358,57.188,57.89,508670.0,210080710.0,4.07,4.17,4.07,4.13,True,振华重工,False
2026-07-22,57.656,57.773,56.837,57.422,407794.0,166787746.0,4.11,4.12,4.04,4.09,True,振华重工,False
2026-07-23,57.422,59.177,57.422,59.06,470710.0,199110330.00000003,4.09,4.24,4.09,4.23,True,振华重工,False
2026-07-24,58.943,59.177,57.773,57.773,379928.0,156530336.0,4.22,4.24,4.12,4.12,True,振华重工,False
2026-07-27,58.007,58.709,57.773,58.241,327102.0,136074432.0,4.14,4.2,4.12,4.16,True,振华重工,False
2026-07-28,58.007,58.592,57.305,58.475,392007.0,163858926.0,4.14,4.19,4.08,4.18,True,振华重工,False
2026-07-29,58.358,59.996,58.241,59.528,492910.0,210472570.0,4.17,4.31,4.16,4.27,True,振华重工,False
2026-07-30,59.411,60.698,59.411,59.996,446262.0,192338922.0,4.26,4.37,4.26,4.31,True,振华重工,False
2026-07-31,59.879,60.581,59.528,60.23,397653.0,172183749.0,4.3,4.36,4.27,4.33,True,振华重工,False
2026-08-03,59.996,60.815,59.762,60.698,335854.0,146768198.0,4.31,4.38,4.29,4.37,True,振华重工,False
2026-08-04,60.698,60.932,59.645,59.762,390948.0,167716692.0,4.37,4.39,4.28,4.29,True,振华重工,False
2026-08-05,59.762,59.762,58.826,59.411,426104.0,181520304.0,4.29,4.29,4.21,4.26,True,振华重工,False
2026-08-06,59.294,59.528,58.241,58.709,356579.0,149763180.0,4.25,4.27,4.16,4.2,True,振华重工,False
2026-08-07,58.709,58.943,57.89,58.358,370791.0,154619847.0,4.2,4.22,4.13,4.17,True,振华重工,False
2026-08-10,58.358,58.709,57.89,58.475,339800.0,142036400.0,4.17,4.2,4.13,4.18,True,振华重工,False
2026-08-11,58.592,58.709,57.656,57.89,317540.0,131144020.0,4.19,4.2,4.11,4.13,True,振华重工,False
2026-08-12,57.89,58.241,57.539,58.007,308850.0,127863900.0,4.13,4.16,4.1,4.14,True,振华重工,False
2026-08-13,58.007,58.241,57.305,57.422,391554.0,160145586.0,4.14,4.16,4.08,4.09,True,振华重工,False
2026-08-14,57.539,57.656,56.954,57.071,255981.0,103928286.0,4.1,4.11,4.05,4.06,True,振华重工,False
2026-08-17,56.954,57.539,56.603,57.539,290208.0,118985280.0,4.05,4.1,4.02,4.1,True,振华重工,False
2026-08-18,57.422,57.773,57.305,57.539,280874.0,115158340.0,4.09,4.12,4.08,4.1,True,振华重工,False
2026-08-19,57.422,57.773,56.486,56.72,352597.0,142096591.0,4.09,4.12,4.01,4.03,True,振华重工,False
2026-08-20,56.837,57.539,56.486,56.837,272538.0,110105352.0,4.04,4.1,4.01,4.04,True,振华重工,False
2026-08-21,56.837,56.954,56.369,56.72,209301.0,84348303.0,4.04,4.05,4.0,4.03,True,振华重工,False
2026-08-24,56.72,57.188,56.486,56.837,267284.0,107982736.0,4.03,4.07,4.01,4.04,True,振华重工,False
2026-08-25,56.954,58.007,56.837,57.773,394583.0,162568196.0,4.05,4.14,4.04,4.12,True,振华重工,False
2026-08-26,57.89,58.241,57.656,57.89,316492.0,130711196.0,4.13,4.16,4.11,4.13,True,振华重工,False
2026-08-27,58.170338983050854,58.310508474576274,56.62847457627119,57.18915254237289,546177.0,222870000.0,4.15,4.16,4.04,4.08,True,振华重工,True
