date,open,high,low,close,volume,amount,raw_open,raw_high,raw_low,raw_close,tradable,name,provisional
2016-01-04,14.173,14.233,12.923,12.973,123186.0,150902850.0,13.45,13.51,12.2,12.25,True,中国交建,False
2016-01-05,12.523,13.033,12.273,12.833,216781.0,262521791.0,11.8,12.31,11.55,12.11,True,中国交建,False
2016-01-06,12.773,13.273,12.773,13.203,183870.0,229469760.0,12.05,12.55,12.05,12.48,True,中国交建,False
2016-01-07,12.923,13.003,11.973,12.043,45809.0,51855788.0,12.2,12.28,11.25,11.32,True,中国交建,False
2016-01-08,12.323,12.603,11.233,12.213,187630.0,215586870.0,11.6,11.88,10.51,11.49,True,中国交建,False
2016-01-11,12.123,12.923,11.843,12.013,282613.0,319070077.0,11.4,12.2,11.12,11.29,True,中国交建,False
2016-01-12,12.173,12.433,11.993,12.353,230418.0,267976134.00000003,11.45,11.71,11.27,11.63,True,中国交建,False
2016-01-13,12.453,12.483,11.623,11.703,175144.0,192308112.0,11.73,11.76,10.9,10.98,True,中国交建,False
2016-01-14,11.303,11.973,11.133,11.933,178336.0,199914656.00000003,10.58,11.25,10.41,11.21,True,中国交建,False
2016-01-15,11.823,12.023,11.303,11.353,149941.0,159387283.0,11.1,11.3,10.58,10.63,True,中国交建,False
2016-01-18,11.123,11.683,11.003,11.463,166443.0,178759782.0,10.4,10.96,10.28,10.74,True,中国交建,False
2016-01-19,11.463,12.533,11.273,12.533,183211.0,216372191.0,10.74,11.81,10.55,11.81,True,中国交建,False
2016-01-20,13.573,13.713,13.373,13.523,1107072.0,1417052160.0,12.85,12.99,12.65,12.8,True,中国交建,False
2016-01-21,12.723,13.233,12.443,12.523,763804.0,901288720.0,12.0,12.51,11.72,11.8,True,中国交建,False
2016-01-22,12.603,13.193,12.073,12.843,659155.0,798895860.0,11.88,12.47,11.35,12.12,True,中国交建,False
2016-01-25,12.723,12.803,12.473,12.603,394983.0,469239804.00000006,12.0,12.08,11.75,11.88,True,中国交建,False
2016-01-26,12.403,12.523,11.413,11.483,405305.0,436108180.0,11.68,11.8,10.69,10.76,True,中国交建,False
2016-01-27,11.103,11.723,10.923,11.653,345238.0,377345134.0,10.38,11.0,10.2,10.93,True,中国交建,False
2016-01-28,11.423,11.533,10.853,11.033,233278.0,240509618.0,10.7,10.81,10.13,10.31,True,中国交建,False
2016-01-29,11.093,11.813,10.933,11.523,301413.0,325526040.0,10.37,11.09,10.21,10.8,True,中国交建,False
2016-02-01,11.343,11.463,11.023,11.213,187292.0,196469308.0,10.62,10.74,10.3,10.49,True,中国交建,False
2016-02-02,11.243,11.703,11.243,11.483,179042.0,192649192.0,10.52,10.98,10.52,10.76,True,中国交建,False
2016-02-03,11.333,11.663,11.163,11.433,164020.0,175665420.0,10.61,10.94,10.44,10.71,True,中国交建,False
2016-02-04,11.433,11.873,11.433,11.593,207843.0,225925341.0,10.71,11.15,10.71,10.87,True,中国交建,False
2016-02-05,11.563,11.723,11.463,11.513,153200.0,165302800.0,10.84,11.0,10.74,10.79,True,中国交建,False
2016-02-15,11.073,11.383,11.073,11.253,128749.0,135572697.0,10.35,10.66,10.35,10.53,True,中国交建,False
2016-02-16,11.343,11.883,11.303,11.693,254050.0,278692850.0,10.62,11.16,10.58,10.97,True,中国交建,False
2016-02-17,11.573,12.793,11.573,12.553,638871.0,755784393.0,10.85,12.07,10.85,11.83,True,中国交建,False
2016-02-18,12.383,12.673,12.233,12.353,339469.0,394802447.0,11.66,11.95,11.51,11.63,True,中国交建,False
2016-02-19,12.273,12.513,12.113,12.313,217707.0,252322413.0,11.55,11.79,11.39,11.59,True,中国交建,False
2016-02-22,12.503,12.823,12.323,12.593,302749.0,359363063.0,11.78,12.1,11.6,11.87,True,中国交建,False
2016-02-23,12.523,12.603,12.223,12.323,174040.0,201886400.0,11.8,11.88,11.5,11.6,True,中国交建,False
2016-02-24,12.243,12.623,12.103,12.573,258578.0,306414930.0,11.52,11.9,11.38,11.85,True,中国交建,False
2016-02-25,12.463,12.513,11.393,11.403,321525.0,343388700.0,11.74,11.79,10.67,10.68,True,中国交建,False
2016-02-26,11.523,11.693,11.223,11.543,176604.0,191085528.0,10.8,10.97,10.5,10.82,True,中国交建,False
2016-02-29,11.483,11.613,10.763,11.283,191102.0,201803712.0,10.76,10.89,10.04,10.56,True,中国交建,False
2016-03-01,11.353,11.573,11.183,11.493,132009.0,142173693.0,10.63,10.85,10.46,10.77,True,中国交建,False
2016-03-02,11.643,12.333,11.523,12.193,324185.0,371840195.0,10.92,11.61,10.8,11.47,True,中国交建,False
2016-03-03,12.193,12.513,12.063,12.263,273017.0,315061618.0,11.47,11.79,11.34,11.54,True,中国交建,False
2016-03-04,12.143,12.623,12.103,12.583,497340.0,589845240.0,11.42,11.9,11.38,11.86,True,中国交建,False
2016-03-07,12.723,13.123,12.303,12.443,321246.0,376500312.0,12.0,12.4,11.58,11.72,True,中国交建,False
2016-03-08,12.323,12.513,11.763,12.473,236096.0,277412800.0,11.6,11.79,11.04,11.75,True,中国交建,False
2016-03-09,12.153,12.423,11.973,12.403,182784.0,213491712.0,11.43,11.7,11.25,11.68,True,中国交建,False
2016-03-10,12.223,12.413,11.953,11.983,100800.0,113500800.0,11.5,11.69,11.23,11.26,True,中国交建,False
2016-03-11,11.943,12.243,11.833,12.133,94922.0,108306002.0,11.22,11.52,11.11,11.41,True,中国交建,False
2016-03-14,12.303,12.563,12.223,12.333,165115.0,191698515.0,11.58,11.84,11.5,11.61,True,中国交建,False
2016-03-15,12.393,12.423,12.123,12.303,153709.0,177995022.0,11.67,11.7,11.4,11.58,True,中国交建,False
2016-03-16,12.223,12.513,12.223,12.433,282400.0,330690400.0,11.5,11.79,11.5,11.71,True,中国交建,False
2016-03-17,12.513,12.563,12.243,12.493,185773.0,218654821.0,11.79,11.84,11.52,11.77,True,中国交建,False
2016-03-18,12.593,12.783,12.463,12.643,362647.0,432275224.0,11.87,12.06,11.74,11.92,True,中国交建,False
2016-03-21,12.713,13.833,12.713,13.403,709985.0,900260980.0,11.99,13.11,11.99,12.68,True,中国交建,False
2016-03-22,13.123,13.323,12.963,13.033,418301.0,514928531.0,12.4,12.6,12.24,12.31,True,中国交建,False
2016-03-23,13.073,13.113,12.853,13.023,194565.0,239314950.0,12.35,12.39,12.13,12.3,True,中国交建,False
2016-03-24,12.733,13.213,12.733,12.773,229113.0,276081165.0,12.01,12.49,12.01,12.05,True,中国交建,False
2016-03-25,12.843,13.063,12.783,12.973,144375.0,176859375.0,12.12,12.34,12.06,12.25,True,中国交建,False
2016-03-28,12.973,13.123,12.703,12.763,186375.0,224395500.0,12.25,12.4,11.98,12.04,True,中国交建,False
2016-03-29,12.823,12.933,12.483,12.543,184802.0,218435964.0,12.1,12.21,11.76,11.82,True,中国交建,False
2016-03-30,12.673,12.863,12.533,12.853,174316.0,211445308.0,11.95,12.14,11.81,12.13,True,中国交建,False
2016-03-31,12.913,13.043,12.833,12.923,187502.0,228752440.0,12.19,12.32,12.11,12.2,True,中国交建,False
2016-04-01,12.973,13.013,12.653,12.973,179405.0,219771125.0,12.25,12.29,11.93,12.25,True,中国交建,False
2016-04-05,12.923,13.563,12.873,13.323,374765.0,472203900.0,12.2,12.84,12.15,12.6,True,中国交建,False
2016-04-06,13.183,13.323,13.073,13.183,156291.0,194738586.0,12.46,12.6,12.35,12.46,True,中国交建,False
2016-04-07,13.243,13.303,12.913,12.923,130948.0,159756560.0,12.52,12.58,12.19,12.2,True,中国交建,False
2016-04-08,12.873,12.973,12.763,12.863,108322.0,131502908.0,12.15,12.25,12.04,12.14,True,中国交建,False
2016-04-11,13.053,13.153,12.983,13.073,125344.0,154799840.0,12.33,12.43,12.26,12.35,True,中国交建,False
2016-04-12,13.033,13.083,12.873,12.903,98021.0,119389578.0,12.31,12.36,12.15,12.18,True,中国交建,False
2016-04-13,13.003,13.353,12.973,13.133,217395.0,269787195.0,12.28,12.63,12.25,12.41,True,中国交建,False
2016-04-14,13.143,13.353,13.043,13.253,158614.0,198743342.0,12.42,12.63,12.32,12.53,True,中国交建,False
2016-04-15,13.173,13.383,13.063,13.093,140388.0,173659956.0,12.45,12.66,12.34,12.37,True,中国交建,False
2016-04-18,13.003,13.013,12.783,12.833,112479.0,136212069.0,12.28,12.29,12.06,12.11,True,中国交建,False
2016-04-19,12.963,13.013,12.723,12.813,113316.0,136999044.0,12.24,12.29,12.0,12.09,True,中国交建,False
2016-04-20,12.833,12.883,12.153,12.513,240343.0,283364397.0,12.11,12.16,11.43,11.79,True,中国交建,False
2016-04-21,12.523,12.563,12.323,12.383,107106.0,124885596.0,11.8,11.84,11.6,11.66,True,中国交建,False
2016-04-22,12.223,12.403,12.223,12.363,75796.0,88226544.0,11.5,11.68,11.5,11.64,True,中国交建,False
2016-04-25,12.313,12.383,12.143,12.293,95564.0,110567548.0,11.59,11.66,11.42,11.57,True,中国交建,False
2016-04-26,12.293,12.773,12.233,12.473,117471.0,138028425.0,11.57,12.05,11.51,11.75,True,中国交建,False
2016-04-27,12.393,12.523,12.313,12.363,64742.0,75359688.0,11.67,11.8,11.59,11.64,True,中国交建,False
2016-04-28,12.383,12.423,12.123,12.233,64365.0,74084115.0,11.66,11.7,11.4,11.51,True,中国交建,False
2016-04-29,12.223,12.263,12.103,12.123,77612.0,88477680.0,11.5,11.54,11.38,11.4,True,中国交建,False
2016-05-03,12.153,12.483,12.103,12.433,127982.0,149866922.0,11.43,11.76,11.38,11.71,True,中国交建,False
2016-05-04,12.313,12.503,12.273,12.353,112610.0,130965430.0,11.59,11.78,11.55,11.63,True,中国交建,False
2016-05-05,12.303,12.433,12.263,12.343,86065.0,100007530.0,11.58,11.71,11.54,11.62,True,中国交建,False
2016-05-06,12.373,12.403,11.753,11.793,155034.0,171622638.0,11.65,11.68,11.03,11.07,True,中国交建,False
2016-05-09,11.783,11.783,11.423,11.503,106412.0,114712136.0,11.06,11.06,10.7,10.78,True,中国交建,False
2016-05-10,11.513,11.873,11.453,11.633,117042.0,127692822.0,10.79,11.15,10.73,10.91,True,中国交建,False
2016-05-11,11.633,12.723,11.433,12.043,224190.0,253783080.0,10.91,12.0,10.71,11.32,True,中国交建,False
2016-05-12,11.863,12.023,11.653,11.823,143814.0,159633540.0,11.14,11.3,10.93,11.1,True,中国交建,False
2016-05-13,11.873,12.123,11.773,11.843,112489.0,125087768.0,11.15,11.4,11.05,11.12,True,中国交建,False
2016-05-16,11.843,11.913,11.663,11.833,105986.0,117750446.0,11.12,11.19,10.94,11.11,True,中国交建,False
2016-05-17,11.843,11.883,11.673,11.723,95128.0,104640800.0,11.12,11.16,10.95,11.0,True,中国交建,False
2016-05-18,11.643,11.673,11.423,11.533,107305.0,115996705.0,10.92,10.95,10.7,10.81,True,中国交建,False
2016-05-19,11.493,11.583,11.433,11.463,91707.0,98493318.0,10.77,10.86,10.71,10.74,True,中国交建,False
2016-05-20,11.433,11.523,11.363,11.513,79777.0,86079383.0,10.71,10.8,10.64,10.79,True,中国交建,False
2016-05-23,11.493,11.703,11.413,11.583,164190.0,178310340.0,10.77,10.98,10.69,10.86,True,中国交建,False
2016-05-24,11.523,11.533,11.413,11.423,74625.0,79848750.0,10.8,10.81,10.69,10.7,True,中国交建,False
2016-05-25,11.513,11.543,11.313,11.353,72739.0,77321557.0,10.79,10.82,10.59,10.63,True,中国交建,False
2016-05-26,11.323,11.423,11.143,11.303,71602.0,75754916.0,10.6,10.7,10.42,10.58,True,中国交建,False
2016-05-27,11.323,11.383,11.223,11.283,57830.0,61068480.0,10.6,10.66,10.5,10.56,True,中国交建,False
2016-05-30,11.253,11.573,11.233,11.353,128484.0,136578492.0,10.53,10.85,10.51,10.63,True,中国交建,False
2016-05-31,11.363,11.793,11.293,11.723,229732.0,252705200.0,10.64,11.07,10.57,11.0,True,中国交建,False
2016-06-01,11.703,12.093,11.643,11.753,171759.0,189450177.0,10.98,11.37,10.92,11.03,True,中国交建,False
2016-06-02,11.773,11.793,11.643,11.753,116680.0,128698040.0,11.05,11.07,10.92,11.03,True,中国交建,False
2016-06-03,11.753,11.793,11.603,11.723,131343.0,144477300.0,11.03,11.07,10.88,11.0,True,中国交建,False
2016-06-06,11.663,11.973,11.663,11.743,117186.0,129138972.0,10.94,11.25,10.94,11.02,True,中国交建,False
2016-06-07,11.713,11.773,11.643,11.683,60782.0,66617072.00000001,10.99,11.05,10.92,10.96,True,中国交建,False
2016-06-08,11.673,11.783,11.593,11.703,89330.0,98084340.0,10.95,11.06,10.87,10.98,True,中国交建,False
2016-06-13,11.473,11.683,11.103,11.113,166401.0,172890639.0,10.75,10.96,10.38,10.39,True,中国交建,False
2016-06-14,11.053,11.303,11.053,11.183,67940.0,71065240.0,10.33,10.58,10.33,10.46,True,中国交建,False
2016-06-15,10.963,11.403,10.963,11.313,115302.0,122104818.0,10.24,10.68,10.24,10.59,True,中国交建,False
2016-06-16,11.283,11.393,11.193,11.213,99118.0,103974782.0,10.56,10.67,10.47,10.49,True,中国交建,False
2016-06-17,11.273,11.363,11.123,11.223,81196.0,85255800.0,10.55,10.64,10.4,10.5,True,中国交建,False
2016-06-20,11.293,11.293,11.193,11.263,61665.0,64994909.99999999,10.57,10.57,10.47,10.54,True,中国交建,False
2016-06-21,11.303,11.423,11.143,11.193,120189.0,125837883.0,10.58,10.7,10.42,10.47,True,中国交建,False
2016-06-22,11.133,11.313,11.103,11.273,70857.0,74754135.0,10.41,10.59,10.38,10.55,True,中国交建,False
2016-06-23,11.293,11.343,11.153,11.313,93365.0,98873535.0,10.57,10.62,10.43,10.59,True,中国交建,False
2016-06-24,11.273,11.353,10.823,11.043,137355.0,141750360.0,10.55,10.63,10.1,10.32,True,中国交建,False
2016-06-27,10.853,11.173,10.853,11.153,105068.0,109585924.0,10.13,10.45,10.13,10.43,True,中国交建,False
2016-06-28,11.083,11.243,11.043,11.233,110196.0,115815996.0,10.36,10.52,10.32,10.51,True,中国交建,False
2016-06-29,11.233,11.923,11.183,11.613,340650.0,370967850.0,10.51,11.2,10.46,10.89,True,中国交建,False
2016-06-30,11.584,11.674,11.404,11.444,136769.0,144017757.0,10.67,10.76,10.49,10.53,True,中国交建,False
2016-07-01,11.444,11.524,11.394,11.394,84908.0,88983584.0,10.53,10.61,10.48,10.48,True,中国交建,False
2016-07-04,11.364,11.684,11.334,11.614,178835.0,191353450.0,10.45,10.77,10.42,10.7,True,中国交建,False
2016-07-05,11.664,12.094,11.634,11.834,290989.0,317759988.0,10.75,11.18,10.72,10.92,True,中国交建,False
2016-07-06,11.714,11.744,11.584,11.654,152484.0,163767816.0,10.8,10.83,10.67,10.74,True,中国交建,False
2016-07-07,11.664,11.704,11.574,11.664,114192.0,122756400.0,10.75,10.79,10.66,10.75,True,中国交建,False
2016-07-08,11.654,11.674,11.554,11.574,99200.0,105747200.0,10.74,10.76,10.64,10.66,True,中国交建,False
2016-07-11,11.654,11.764,11.554,11.614,133305.0,142636350.0,10.74,10.85,10.64,10.7,True,中国交建,False
2016-07-12,11.584,11.914,11.584,11.894,224777.0,246805146.0,10.67,11.0,10.67,10.98,True,中国交建,False
2016-07-13,11.894,12.164,11.874,11.974,277921.0,307380626.0,10.98,11.25,10.96,11.06,True,中国交建,False
2016-07-14,11.904,11.914,11.764,11.844,125889.0,137596677.0,10.99,11.0,10.85,10.93,True,中国交建,False
2016-07-15,12.124,12.404,11.874,11.894,267712.0,293947776.0,11.21,11.49,10.96,10.98,True,中国交建,False
2016-07-18,11.804,11.964,11.674,11.864,163948.0,179523060.0,10.89,11.05,10.76,10.95,True,中国交建,False
2016-07-19,11.824,11.874,11.694,11.834,119915.0,130947180.0,10.91,10.96,10.78,10.92,True,中国交建,False
2016-07-20,11.804,11.844,11.724,11.754,72205.0,78270220.0,10.89,10.93,10.81,10.84,True,中国交建,False
2016-07-21,11.814,11.874,11.744,11.764,101439.0,110061315.0,10.9,10.96,10.83,10.85,True,中国交建,False
2016-07-22,11.744,11.774,11.604,11.624,89215.0,95549265.0,10.83,10.86,10.69,10.71,True,中国交建,False
2016-07-25,11.634,11.704,11.594,11.624,52529.0,56258559.00000001,10.72,10.79,10.68,10.71,True,中国交建,False
2016-07-26,11.624,11.734,11.614,11.734,61344.0,66374208.0,10.71,10.82,10.7,10.82,True,中国交建,False
2016-07-27,11.724,11.894,11.364,11.634,179260.0,192166720.0,10.81,10.98,10.45,10.72,True,中国交建,False
2016-07-28,11.524,11.994,11.524,11.744,160390.0,173702370.0,10.61,11.08,10.61,10.83,True,中国交建,False
2016-07-29,11.714,11.894,11.654,11.764,141115.0,153109775.0,10.8,10.98,10.74,10.85,True,中国交建,False
2016-08-01,11.714,11.764,11.494,11.544,93821.0,99731723.0,10.8,10.85,10.58,10.63,True,中国交建,False
2016-08-02,11.534,11.624,11.504,11.594,80641.0,86124588.0,10.62,10.71,10.59,10.68,True,中国交建,False
2016-08-03,11.524,11.694,11.494,11.554,66068.0,70296352.0,10.61,10.78,10.58,10.64,True,中国交建,False
2016-08-04,11.534,11.574,11.474,11.514,57594.0,61049640.0,10.62,10.66,10.56,10.6,True,中国交建,False
2016-08-05,11.514,11.614,11.494,11.534,74008.0,78596496.0,10.6,10.7,10.58,10.62,True,中国交建,False
2016-08-08,11.524,11.684,11.474,11.674,95594.0,102859144.0,10.61,10.77,10.56,10.76,True,中国交建,False
2016-08-09,11.684,12.134,11.644,12.024,420366.0,467026626.0,10.77,11.22,10.73,11.11,True,中国交建,False
2016-08-10,11.964,12.114,11.904,12.024,184956.0,205486116.0,11.05,11.2,10.99,11.11,True,中国交建,False
2016-08-11,12.014,12.144,11.824,11.904,128168.0,140856632.0,11.1,11.23,10.91,10.99,True,中国交建,False
2016-08-12,11.904,12.194,11.884,12.154,156819.0,176264556.0,10.99,11.28,10.97,11.24,True,中国交建,False
2016-08-15,12.304,12.914,12.254,12.684,502134.0,591011718.0,11.39,12.0,11.34,11.77,True,中国交建,False
2016-08-16,12.624,13.114,12.604,12.634,399617.0,468351124.0,11.71,12.2,11.69,11.72,True,中国交建,False
2016-08-17,12.714,13.384,12.714,13.004,379609.0,458947281.0,11.8,12.47,11.8,12.09,True,中国交建,False
2016-08-18,13.314,13.614,12.744,13.014,516366.0,624802860.0,12.4,12.7,11.83,12.1,True,中国交建,False
2016-08-19,12.794,13.854,12.784,13.544,539547.0,681447861.0,11.88,12.94,11.87,12.63,True,中国交建,False
2016-08-22,13.434,13.534,13.114,13.274,304859.0,376805724.0,12.52,12.62,12.2,12.36,True,中国交建,False
2016-08-23,13.244,13.534,13.024,13.114,184305.0,224852100.0,12.33,12.62,12.11,12.2,True,中国交建,False
2016-08-24,13.094,13.434,13.084,13.204,187239.0,230116731.0,12.18,12.52,12.17,12.29,True,中国交建,False
2016-08-25,13.044,13.154,12.784,12.904,142578.0,170951022.0,12.13,12.24,11.87,11.99,True,中国交建,False
2016-08-26,12.874,13.084,12.734,12.744,188142.0,222571986.0,11.96,12.17,11.82,11.83,True,中国交建,False
2016-08-29,12.734,13.104,12.734,13.034,163866.0,198605592.0,11.82,12.19,11.82,12.12,True,中国交建,False
2016-08-30,13.014,13.064,12.814,12.904,103793.0,124447807.0,12.1,12.15,11.9,11.99,True,中国交建,False
2016-08-31,12.944,12.994,12.764,12.904,79695.0,95554305.0,12.03,12.08,11.85,11.99,True,中国交建,False
2016-09-01,12.854,12.994,12.734,12.794,165909.0,197099892.0,11.94,12.08,11.82,11.88,True,中国交建,False
2016-09-02,12.804,12.904,12.694,12.884,140669.0,168380793.0,11.89,11.99,11.78,11.97,True,中国交建,False
2016-09-05,12.964,12.964,12.494,12.534,246446.0,286370252.0,12.05,12.05,11.58,11.62,True,中国交建,False
2016-09-06,12.464,12.584,12.274,12.574,181624.0,211773584.0,11.55,11.67,11.36,11.66,True,中国交建,False
2016-09-07,12.604,13.054,12.564,12.784,351239.0,416920693.0,11.69,12.14,11.65,11.87,True,中国交建,False
2016-09-08,12.784,12.834,12.594,12.684,112260.0,132130020.0,11.87,11.92,11.68,11.77,True,中国交建,False
2016-09-09,12.714,12.894,12.624,12.644,142856.0,167570088.0,11.8,11.98,11.71,11.73,True,中国交建,False
2016-09-12,12.314,12.444,12.044,12.424,324574.0,373584674.0,11.4,11.53,11.13,11.51,True,中国交建,False
2016-09-13,12.334,12.354,12.194,12.314,98683.0,112498620.0,11.42,11.44,11.28,11.4,True,中国交建,False
2016-09-14,12.244,12.264,12.044,12.104,101284.0,113336796.0,11.33,11.35,11.13,11.19,True,中国交建,False
2016-09-19,12.144,12.264,12.134,12.244,84762.0,96035346.0,11.23,11.35,11.22,11.33,True,中国交建,False
2016-09-20,12.264,12.424,12.194,12.364,124355.0,142386475.0,11.35,11.51,11.28,11.45,True,中国交建,False
2016-09-21,12.364,12.414,12.264,12.294,92551.0,105323038.0,11.45,11.5,11.35,11.38,True,中国交建,False
2016-09-22,12.344,12.434,12.254,12.384,165293.0,189591071.0,11.43,11.52,11.34,11.47,True,中国交建,False
2016-09-23,12.404,12.494,12.274,12.354,127491.0,145849704.0,11.49,11.58,11.36,11.44,True,中国交建,False
2016-09-26,12.314,12.334,11.914,11.954,146237.0,161445648.0,11.4,11.42,11.0,11.04,True,中国交建,False
2016-09-27,11.944,12.054,11.814,12.034,113859.0,126611208.0,11.03,11.14,10.9,11.12,True,中国交建,False
2016-09-28,12.034,12.034,11.884,11.944,55255.0,60946265.0,11.12,11.12,10.97,11.03,True,中国交建,False
2016-09-29,11.964,12.024,11.924,11.954,50944.0,56242175.99999999,11.05,11.11,11.01,11.04,True,中国交建,False
2016-09-30,11.954,11.984,11.854,11.954,66969.0,73933776.0,11.04,11.07,10.94,11.04,True,中国交建,False
2016-10-10,11.994,12.194,11.994,12.174,118197.0,133089822.0,11.08,11.28,11.08,11.26,True,中国交建,False
2016-10-11,12.264,12.264,12.114,12.164,94735.0,106576875.0,11.35,11.35,11.2,11.25,True,中国交建,False
2016-10-12,12.174,12.174,12.054,12.104,69748.0,78048012.0,11.26,11.26,11.14,11.19,True,中国交建,False
2016-10-13,12.084,12.554,11.994,12.544,286258.0,332918054.0,11.17,11.64,11.08,11.63,True,中国交建,False
2016-10-14,12.564,13.074,12.414,13.004,595874.0,720411666.0,11.65,12.16,11.5,12.09,True,中国交建,False
2016-10-17,12.944,13.474,12.774,13.144,545421.0,667049883.0,12.03,12.56,11.86,12.23,True,中国交建,False
2016-10-18,12.964,14.184,12.894,14.054,748988.0,984170232.0,12.05,13.27,11.98,13.14,True,中国交建,False
2016-10-19,13.914,14.394,13.864,14.264,495967.0,662115945.0,13.0,13.48,12.95,13.35,True,中国交建,False
2016-10-20,14.114,14.464,14.014,14.314,349638.0,468514920.0,13.2,13.55,13.1,13.4,True,中国交建,False
2016-10-21,14.234,15.654,14.194,15.264,627185.0,900010475.0,13.32,14.74,13.28,14.35,True,中国交建,False
2016-10-24,15.264,15.664,15.204,15.614,500029.0,735042630.0,14.35,14.75,14.29,14.7,True,中国交建,False
2016-10-25,15.414,15.494,14.914,14.984,549357.0,772945299.0,14.5,14.58,14.0,14.07,True,中国交建,False
2016-10-26,14.994,15.224,14.734,14.874,436994.0,610043624.0,14.08,14.31,13.82,13.96,True,中国交建,False
2016-10-27,14.844,14.954,14.614,14.844,293047.0,408214471.0,13.93,14.04,13.7,13.93,True,中国交建,False
2016-10-28,14.884,14.884,14.254,14.304,326130.0,436688070.0,13.97,13.97,13.34,13.39,True,中国交建,False
2016-10-31,14.354,14.464,14.224,14.354,168363.0,226279872.0,13.44,13.55,13.31,13.44,True,中国交建,False
2016-11-01,14.434,14.534,14.314,14.454,196592.0,266185568.0,13.52,13.62,13.4,13.54,True,中国交建,False
2016-11-02,14.574,14.604,13.964,14.074,255301.0,335976116.0,13.66,13.69,13.05,13.16,True,中国交建,False
2016-11-03,14.114,15.394,14.074,15.384,868379.0,1256544413.0,13.2,14.48,13.16,14.47,True,中国交建,False
2016-11-04,15.214,15.614,14.924,14.974,686141.0,964714246.0,14.3,14.7,14.01,14.06,True,中国交建,False
2016-11-07,14.914,15.344,14.534,14.984,383696.0,539860272.0,14.0,14.43,13.62,14.07,True,中国交建,False
2016-11-08,14.984,15.414,14.694,14.724,399557.0,551788217.0,14.07,14.5,13.78,13.81,True,中国交建,False
2016-11-09,14.594,15.384,14.494,15.054,466218.0,659232252.0,13.68,14.47,13.58,14.14,True,中国交建,False
2016-11-10,15.414,16.464,15.414,16.034,760077.0,1149236424.0,14.5,15.55,14.5,15.12,True,中国交建,False
2016-11-11,15.714,17.394,15.644,16.414,844813.0,1309460150.0,14.8,16.48,14.73,15.5,True,中国交建,False
2016-11-14,16.314,17.214,16.314,16.844,644576.0,1026809568.0,15.4,16.3,15.4,15.93,True,中国交建,False
2016-11-15,16.924,17.264,16.314,16.884,501206.0,800425982.0,16.01,16.35,15.4,15.97,True,中国交建,False
2016-11-16,16.704,17.064,16.494,16.694,247968.0,391293504.0,15.79,16.15,15.58,15.78,True,中国交建,False
2016-11-17,16.464,17.054,16.464,16.914,357618.0,572188800.0,15.55,16.14,15.55,16.0,True,中国交建,False
2016-11-18,17.014,17.164,16.364,16.464,258316.0,401681380.0,16.1,16.25,15.45,15.55,True,中国交建,False
2016-11-21,16.364,17.074,16.294,16.694,388364.0,612838392.0,15.45,16.16,15.38,15.78,True,中国交建,False
2016-11-22,16.564,16.874,16.494,16.634,333765.0,524678580.0,15.65,15.96,15.58,15.72,True,中国交建,False
2016-11-23,16.704,16.724,15.924,16.224,431282.0,660292742.0,15.79,15.81,15.01,15.31,True,中国交建,False
2016-11-24,16.164,16.324,16.014,16.234,222298.0,340560536.0,15.25,15.41,15.1,15.32,True,中国交建,False
2016-11-25,16.264,16.564,15.894,16.494,401985.0,626292630.0,15.35,15.65,14.98,15.58,True,中国交建,False
2016-11-28,16.534,17.864,16.464,17.504,980029.0,1625868111.0,15.62,16.95,15.55,16.59,True,中国交建,False
2016-11-29,17.194,18.654,16.924,17.764,1067402.0,1798572370.0000002,16.28,17.74,16.01,16.85,True,中国交建,False
2016-11-30,17.414,17.634,16.814,16.944,652548.0,1046034444.0,16.5,16.72,15.9,16.03,True,中国交建,False
2016-12-01,16.814,17.094,16.564,16.784,401069.0,636496503.0,15.9,16.18,15.65,15.87,True,中国交建,False
2016-12-02,16.624,17.104,16.514,16.794,440246.0,699110648.0,15.71,16.19,15.6,15.88,True,中国交建,False
2016-12-05,16.414,16.484,15.204,15.204,592054.0,846045166.0,15.5,15.57,14.29,14.29,True,中国交建,False
2016-12-06,15.114,15.444,15.114,15.264,273739.0,392815465.0,14.2,14.53,14.2,14.35,True,中国交建,False
2016-12-07,15.274,15.454,15.034,15.444,188827.0,274365631.0,14.36,14.54,14.12,14.53,True,中国交建,False
2016-12-08,15.414,15.414,15.114,15.174,167024.0,238176224.0,14.5,14.5,14.2,14.26,True,中国交建,False
2016-12-09,15.134,15.834,15.044,15.634,393726.0,579564672.0,14.22,14.92,14.13,14.72,True,中国交建,False
2016-12-12,15.514,15.964,14.864,15.594,480079.0,704755972.0,14.6,15.05,13.95,14.68,True,中国交建,False
2016-12-13,15.464,15.884,15.324,15.624,375972.0,553054812.0,14.55,14.97,14.41,14.71,True,中国交建,False
2016-12-14,15.514,15.614,14.904,15.044,392123.0,554069799.0,14.6,14.7,13.99,14.13,True,中国交建,False
2016-12-15,14.914,15.204,14.884,15.044,183640.0,259483320.0,14.0,14.29,13.97,14.13,True,中国交建,False
2016-12-16,14.964,15.184,14.924,15.104,202753.0,287706507.0,14.05,14.27,14.01,14.19,True,中国交建,False
2016-12-19,15.004,15.174,14.804,14.874,207912.0,290245152.0,14.09,14.26,13.89,13.96,True,中国交建,False
2016-12-20,14.774,15.004,14.714,14.894,146082.0,204222636.0,13.86,14.09,13.8,13.98,True,中国交建,False
2016-12-21,14.964,15.544,14.904,15.434,390325.0,566751900.0,14.05,14.63,13.99,14.52,True,中国交建,False
2016-12-22,15.304,16.164,15.274,15.904,533290.0,799401710.0,14.39,15.25,14.36,14.99,True,中国交建,False
2016-12-23,15.734,16.274,15.724,15.924,364923.0,547749423.0,14.82,15.36,14.81,15.01,True,中国交建,False
2016-12-26,15.744,17.424,15.524,17.114,638510.0,1034386200.0,14.83,16.51,14.61,16.2,True,中国交建,False
2016-12-27,17.184,17.374,16.734,16.934,527978.0,845820756.0,16.27,16.46,15.82,16.02,True,中国交建,False
2016-12-28,16.784,17.004,16.534,16.704,296415.0,468039285.0,15.87,16.09,15.62,15.79,True,中国交建,False
2016-12-29,16.684,16.994,16.594,16.634,314308.0,494092176.0,15.77,16.08,15.68,15.72,True,中国交建,False
2016-12-30,16.564,16.694,15.854,16.104,470408.0,714549752.0,15.65,15.78,14.94,15.19,True,中国交建,False
2017-01-03,16.044,16.304,16.044,16.204,247541.0,378490189.0,15.13,15.39,15.13,15.29,True,中国交建,False
2017-01-04,16.154,16.514,16.024,16.364,262239.0,405159255.0,15.24,15.6,15.11,15.45,True,中国交建,False
2017-01-05,16.314,16.564,16.094,16.334,239180.0,368815560.0,15.4,15.65,15.18,15.42,True,中国交建,False
2017-01-06,16.344,16.814,16.234,16.524,392150.0,612146150.0,15.43,15.9,15.32,15.61,True,中国交建,False
2017-01-09,16.324,16.704,16.104,16.664,284037.0,447358275.0,15.41,15.79,15.19,15.75,True,中国交建,False
2017-01-10,16.594,16.764,16.174,16.224,221852.0,339655412.0,15.68,15.85,15.26,15.31,True,中国交建,False
2017-01-11,16.244,16.634,16.024,16.344,309368.0,477354824.0,15.33,15.72,15.11,15.43,True,中国交建,False
2017-01-12,16.204,16.624,16.104,16.324,262410.0,404373810.0,15.29,15.71,15.19,15.41,True,中国交建,False
2017-01-13,16.234,16.554,15.984,16.344,260624.0,402142832.0,15.32,15.64,15.07,15.43,True,中国交建,False
2017-01-16,16.324,16.464,15.194,16.424,467758.0,725492658.0,15.41,15.55,14.28,15.51,True,中国交建,False
2017-01-17,16.114,16.364,15.974,16.194,133756.0,204379168.0,15.2,15.45,15.06,15.28,True,中国交建,False
2017-01-18,16.274,17.034,16.214,16.674,399245.0,629210120.0,15.36,16.12,15.3,15.76,True,中国交建,False
2017-01-19,16.514,17.094,16.364,16.864,396878.0,633020410.0,15.6,16.18,15.45,15.95,True,中国交建,False
2017-01-20,16.874,17.014,16.684,17.014,233193.0,375440730.00000006,15.96,16.1,15.77,16.1,True,中国交建,False
2017-01-23,17.024,17.204,16.794,16.944,237036.0,379968708.0,16.11,16.29,15.88,16.03,True,中国交建,False
2017-01-24,16.944,17.154,16.844,16.964,219172.0,351771060.0,16.03,16.24,15.93,16.05,True,中国交建,False
2017-01-25,16.914,17.064,16.744,16.814,193411.0,307523490.0,16.0,16.15,15.83,15.9,True,中国交建,False
2017-01-26,16.854,16.904,16.544,16.754,153551.0,243224784.0,15.94,15.99,15.63,15.84,True,中国交建,False
2017-02-03,16.734,16.994,16.674,16.784,135679.0,215322573.0,15.82,16.08,15.76,15.87,True,中国交建,False
2017-02-06,16.874,17.464,16.834,17.284,425449.0,696460013.0,15.96,16.55,15.92,16.37,True,中国交建,False
2017-02-07,17.194,17.364,17.094,17.304,220521.0,361433919.0,16.28,16.45,16.18,16.39,True,中国交建,False
2017-02-08,17.344,17.384,17.114,17.284,210297.0,344256189.0,16.43,16.47,16.2,16.37,True,中国交建,False
2017-02-09,17.274,18.194,17.164,17.884,542774.0,921087478.0,16.36,17.28,16.25,16.97,True,中国交建,False
2017-02-10,17.964,19.584,17.964,18.804,918795.0,1643724255.0,17.05,18.67,17.05,17.89,True,中国交建,False
2017-02-13,18.814,19.464,18.524,18.994,566720.0,1024629760.0,17.9,18.55,17.61,18.08,True,中国交建,False
2017-02-14,18.954,19.704,18.634,19.614,569104.0,1064224480.0,18.04,18.79,17.72,18.7,True,中国交建,False
2017-02-15,19.494,19.494,18.854,19.034,465773.0,843980676.0,18.58,18.58,17.94,18.12,True,中国交建,False
2017-02-16,19.034,19.274,18.764,18.984,361391.0,653033537.0,18.12,18.36,17.85,18.07,True,中国交建,False
2017-02-17,18.974,18.994,18.614,18.784,328493.0,587016991.0,18.06,18.08,17.7,17.87,True,中国交建,False
2017-02-20,18.714,19.264,18.644,19.034,468071.0,848144652.0,17.8,18.35,17.73,18.12,True,中国交建,False
2017-02-21,19.014,19.064,18.654,18.714,369927.0,658470060.0,18.1,18.15,17.74,17.8,True,中国交建,False
2017-02-22,18.704,18.934,18.414,18.784,397541.0,710405767.0,17.79,18.02,17.5,17.87,True,中国交建,False
2017-02-23,18.754,18.854,18.444,18.624,252229.0,446697559.0,17.84,17.94,17.53,17.71,True,中国交建,False
2017-02-24,18.544,18.844,18.434,18.834,255047.0,457044224.00000006,17.63,17.93,17.52,17.92,True,中国交建,False
2017-02-27,18.834,19.264,18.514,18.554,400948.0,707272272.0,17.92,18.35,17.6,17.64,True,中国交建,False
2017-02-28,18.564,18.914,18.384,18.894,371512.0,667978576.0,17.65,18.0,17.47,17.98,True,中国交建,False
2017-03-01,18.934,19.204,18.794,18.904,522777.0,940475823.0,18.02,18.29,17.88,17.99,True,中国交建,False
2017-03-02,18.974,19.054,18.574,18.614,236708.0,418973160.0,18.06,18.14,17.66,17.7,True,中国交建,False
2017-03-03,18.454,18.694,18.084,18.284,359446.0,624357702.0,17.54,17.78,17.17,17.37,True,中国交建,False
2017-03-06,18.294,18.294,17.894,18.054,325997.0,558758858.0,17.38,17.38,16.98,17.14,True,中国交建,False
2017-03-07,18.014,18.194,17.814,18.074,259367.0,445073772.0,17.1,17.28,16.9,17.16,True,中国交建,False
2017-03-08,18.014,18.354,18.004,18.214,262930.0,454868900.0,17.1,17.44,17.09,17.3,True,中国交建,False
2017-03-09,18.114,18.354,17.974,18.244,212457.0,368187981.0,17.2,17.44,17.06,17.33,True,中国交建,False
2017-03-10,18.164,18.234,17.954,18.004,152838.0,261200142.0,17.25,17.32,17.04,17.09,True,中国交建,False
2017-03-13,17.924,18.314,17.734,18.284,271445.0,471499965.0,17.01,17.4,16.82,17.37,True,中国交建,False
2017-03-14,18.284,18.544,18.194,18.304,233299.0,405706961.0,17.37,17.63,17.28,17.39,True,中国交建,False
2017-03-15,18.304,18.664,18.124,18.384,262159.0,457991773.0,17.39,17.75,17.21,17.47,True,中国交建,False
2017-03-16,18.464,18.694,18.234,18.424,323546.0,566529046.0,17.55,17.78,17.32,17.51,True,中国交建,False
2017-03-17,18.354,18.784,18.354,18.464,395724.0,694495620.0,17.44,17.87,17.44,17.55,True,中国交建,False
2017-03-20,18.564,19.094,18.484,18.934,514653.0,927404706.0,17.65,18.18,17.57,18.02,True,中国交建,False
2017-03-21,18.814,19.764,18.814,19.614,646111.0,1208227570.0,17.9,18.85,17.9,18.7,True,中国交建,False
2017-03-22,19.434,20.474,19.424,19.824,720492.0,1362450372.0,18.52,19.56,18.51,18.91,True,中国交建,False
2017-03-23,19.824,19.874,19.294,19.794,451958.0,853296704.0,18.91,18.96,18.38,18.88,True,中国交建,False
2017-03-24,19.774,20.594,19.414,19.804,782844.0,1478792316.0,18.86,19.68,18.5,18.89,True,中国交建,False
2017-03-27,19.644,19.884,19.144,19.154,590984.0,1077954816.0,18.73,18.97,18.23,18.24,True,中国交建,False
2017-03-28,19.164,19.294,18.914,19.024,346446.0,627413706.0,18.25,18.38,18.0,18.11,True,中国交建,False
2017-03-29,19.044,19.374,18.974,19.104,345549.0,628553631.0,18.13,18.46,18.06,18.19,True,中国交建,False
2017-03-30,19.064,19.274,18.644,18.934,362909.0,653962018.0,18.15,18.36,17.73,18.02,True,中国交建,False
2017-03-31,18.804,18.974,18.644,18.824,181975.0,325917225.0,17.89,18.06,17.73,17.91,True,中国交建,False
2017-04-05,19.354,19.884,19.234,19.574,887745.0,1656532170.0,18.44,18.97,18.32,18.66,True,中国交建,False
2017-04-06,19.514,20.564,19.414,20.104,748751.0,1436853169.0,18.6,19.65,18.5,19.19,True,中国交建,False
2017-04-07,19.924,20.174,19.674,19.924,373588.0,710190788.0,19.01,19.26,18.76,19.01,True,中国交建,False
2017-04-10,20.084,20.364,19.594,19.674,479516.0,899572016.0000001,19.17,19.45,18.68,18.76,True,中国交建,False
2017-04-11,19.664,19.924,19.204,19.804,594260.0,1122557140.0,18.75,19.01,18.29,18.89,True,中国交建,False
2017-04-12,19.694,19.694,19.214,19.344,303211.0,558817873.0,18.78,18.78,18.3,18.43,True,中国交建,False
2017-04-13,19.234,19.364,19.134,19.174,219362.0,400555012.00000006,18.32,18.45,18.22,18.26,True,中国交建,False
2017-04-14,19.214,19.394,18.894,18.924,304555.0,548503555.0,18.3,18.48,17.98,18.01,True,中国交建,False
2017-04-17,18.894,19.284,18.734,19.244,320297.0,587104401.0,17.98,18.37,17.82,18.33,True,中国交建,False
2017-04-18,19.264,19.694,19.144,19.424,356568.0,660007368.0,18.35,18.78,18.23,18.51,True,中国交建,False
2017-04-19,19.424,19.534,18.974,19.444,334224.0,619317072.0,18.51,18.62,18.06,18.53,True,中国交建,False
2017-04-20,19.384,20.084,19.304,20.064,589703.0,1129281245.0,18.47,19.17,18.39,19.15,True,中国交建,False
2017-04-21,20.064,20.214,19.484,19.884,484964.0,919976708.0,19.15,19.3,18.57,18.97,True,中国交建,False
2017-04-24,19.714,19.714,17.984,18.324,769687.0,1340025067.0,18.8,18.8,17.07,17.41,True,中国交建,False
2017-04-25,18.014,18.174,17.354,17.914,384089.0,652951300.0,17.1,17.26,16.44,17.0,True,中国交建,False
2017-04-26,17.914,18.094,17.464,17.554,344007.0,572427648.0,17.0,17.18,16.55,16.64,True,中国交建,False
2017-04-27,17.414,18.114,16.934,18.074,472967.0,811611372.0,16.5,17.2,16.02,17.16,True,中国交建,False
2017-04-28,18.014,18.344,17.894,18.244,296729.0,514231357.0,17.1,17.43,16.98,17.33,True,中国交建,False
2017-05-02,18.234,18.774,18.194,18.394,298941.0,522548868.0,17.32,17.86,17.28,17.48,True,中国交建,False
2017-05-03,18.344,18.634,18.124,18.204,225167.0,389313743.0,17.43,17.72,17.21,17.29,True,中国交建,False
2017-05-04,18.164,19.034,17.734,18.474,401943.0,705811908.0,17.25,18.12,16.82,17.56,True,中国交建,False
2017-05-05,18.304,18.654,18.144,18.504,292483.0,514477597.0,17.39,17.74,17.23,17.59,True,中国交建,False
2017-05-08,18.454,18.644,17.224,18.174,696364.0,1201924264.0,17.54,17.73,16.31,17.26,True,中国交建,False
2017-05-09,17.804,18.014,17.524,17.744,245406.0,413018298.0,16.89,17.1,16.61,16.83,True,中国交建,False
2017-05-10,17.744,18.174,17.334,17.484,341350.0,565616950.0,16.83,17.26,16.42,16.57,True,中国交建,False
2017-05-11,17.214,17.814,17.094,17.704,311894.0,523670026.0,16.3,16.9,16.18,16.79,True,中国交建,False
2017-05-12,17.624,17.864,17.504,17.564,230591.0,383934015.0,16.71,16.95,16.59,16.65,True,中国交建,False
2017-05-15,17.824,17.824,16.964,17.084,342473.0,553778841.0,16.91,16.91,16.05,16.17,True,中国交建,False
2017-05-16,17.004,17.004,16.114,16.864,464901.0,741517095.0,16.09,16.09,15.2,15.95,True,中国交建,False
2017-05-17,16.704,17.114,16.614,16.744,290793.0,460325319.0,15.79,16.2,15.7,15.83,True,中国交建,False
2017-05-18,16.574,16.714,16.204,16.324,288713.0,444906733.0,15.66,15.8,15.29,15.41,True,中国交建,False
2017-05-19,16.304,16.394,15.834,15.854,288387.0,430850178.0,15.39,15.48,14.92,14.94,True,中国交建,False
2017-05-22,15.804,15.804,15.334,15.754,280787.0,416687908.0,14.89,14.89,14.42,14.84,True,中国交建,False
2017-05-23,15.624,15.994,15.534,15.974,302904.0,456173424.0,14.71,15.08,14.62,15.06,True,中国交建,False
2017-05-24,15.884,16.004,15.664,15.984,174643.0,263187001.0,14.97,15.09,14.75,15.07,True,中国交建,False
2017-05-25,15.984,16.314,15.774,16.194,265154.0,405155312.0,15.07,15.4,14.86,15.28,True,中国交建,False
2017-05-26,16.174,16.564,16.114,16.334,238359.0,367549578.0,15.26,15.65,15.2,15.42,True,中国交建,False
2017-05-31,16.504,16.584,16.224,16.554,222252.0,347602128.0,15.59,15.67,15.31,15.64,True,中国交建,False
2017-06-01,16.514,16.794,16.414,16.744,282685.0,447490355.0,15.6,15.88,15.5,15.83,True,中国交建,False
2017-06-02,16.764,16.764,16.304,16.514,191292.0,298415520.0,15.85,15.85,15.39,15.6,True,中国交建,False
2017-06-05,16.414,16.584,16.334,16.464,92781.0,144274455.0,15.5,15.67,15.42,15.55,True,中国交建,False
2017-06-06,16.434,16.584,16.344,16.524,114487.0,178714207.0,15.52,15.67,15.43,15.61,True,中国交建,False
2017-06-07,16.524,16.804,16.424,16.734,266617.0,421788094.0,15.61,15.89,15.51,15.82,True,中国交建,False
2017-06-08,16.694,16.854,16.624,16.764,154203.0,244411755.0,15.78,15.94,15.71,15.85,True,中国交建,False
2017-06-09,16.744,17.214,16.644,17.104,262076.0,424301044.00000006,15.83,16.3,15.73,16.19,True,中国交建,False
2017-06-12,17.014,17.164,16.794,16.914,146258.0,234012800.0,16.1,16.25,15.88,16.0,True,中国交建,False
2017-06-13,16.824,16.864,16.554,16.734,171063.0,270621666.0,15.91,15.95,15.64,15.82,True,中国交建,False
2017-06-14,16.774,16.854,16.554,16.564,127153.0,198994445.0,15.86,15.94,15.64,15.65,True,中国交建,False
2017-06-15,16.574,16.684,16.504,16.644,101277.0,159308721.0,15.66,15.77,15.59,15.73,True,中国交建,False
2017-06-16,16.644,16.674,16.394,16.394,121194.0,187608312.0,15.73,15.76,15.48,15.48,True,中国交建,False
2017-06-19,16.404,16.574,16.404,16.514,99459.0,155156040.0,15.49,15.66,15.49,15.6,True,中国交建,False
2017-06-20,16.554,16.574,16.344,16.354,116782.0,180311408.0,15.64,15.66,15.43,15.44,True,中国交建,False
2017-06-21,16.354,16.544,16.354,16.464,110315.0,171539825.0,15.44,15.63,15.44,15.55,True,中国交建,False
2017-06-22,16.414,16.774,16.364,16.524,260008.0,405872488.0,15.5,15.86,15.45,15.61,True,中国交建,False
2017-06-23,16.414,16.474,15.894,16.204,239445.0,366111405.0,15.5,15.56,14.98,15.29,True,中国交建,False
2017-06-26,16.154,16.414,16.004,16.094,330309.0,501409062.0,15.24,15.5,15.09,15.18,True,中国交建,False
2017-06-27,16.124,16.804,16.024,16.774,453110.0,718632460.0,15.21,15.89,15.11,15.86,True,中国交建,False
2017-06-28,16.714,17.244,16.634,17.044,539783.0,870669979.0,15.8,16.33,15.72,16.13,True,中国交建,False
2017-06-29,16.934,17.164,16.854,17.044,238217.0,384244021.0,16.02,16.25,15.94,16.13,True,中国交建,False
2017-06-30,16.988,17.158,16.918,16.998,157450.0,250188050.0,15.88,16.05,15.81,15.89,True,中国交建,False
2017-07-03,16.958,17.098,16.788,17.028,145684.0,231928928.0,15.85,15.99,15.68,15.92,True,中国交建,False
2017-07-04,17.008,17.048,16.668,16.688,170384.0,265458272.0,15.9,15.94,15.56,15.58,True,中国交建,False
2017-07-05,16.618,17.068,16.508,17.048,207401.0,330597194.0,15.51,15.96,15.4,15.94,True,中国交建,False
2017-07-06,17.018,17.138,16.768,16.888,164764.0,259997592.0,15.91,16.03,15.66,15.78,True,中国交建,False
2017-07-07,16.828,17.018,16.788,16.898,117847.0,186080413.0,15.72,15.91,15.68,15.79,True,中国交建,False
2017-07-10,16.888,17.678,16.768,17.658,550548.0,911156940.0,15.78,16.57,15.66,16.55,True,中国交建,False
2017-07-11,17.688,17.738,17.358,17.478,296773.0,485817401.0,16.58,16.63,16.25,16.37,True,中国交建,False
2017-07-12,17.478,17.958,17.338,17.608,343413.0,566631450.0,16.37,16.85,16.23,16.5,True,中国交建,False
2017-07-13,17.538,18.158,17.538,17.808,456332.0,762074440.0,16.43,17.05,16.43,16.7,True,中国交建,False
2017-07-14,17.808,18.208,17.808,18.088,267235.0,453765030.0,16.7,17.1,16.7,16.98,True,中国交建,False
2017-07-17,18.138,18.348,17.558,17.598,392678.0,647526021.9999999,17.03,17.24,16.45,16.49,True,中国交建,False
2017-07-18,17.458,18.388,17.438,18.358,441581.0,761727225.0,16.35,17.28,16.33,17.25,True,中国交建,False
2017-07-19,18.358,18.998,18.308,18.448,682592.0,1183614528.0,17.25,17.89,17.2,17.34,True,中国交建,False
2017-07-20,18.428,18.908,18.348,18.408,339192.0,586802160.0,17.32,17.8,17.24,17.3,True,中国交建,False
2017-07-21,18.428,18.748,18.328,18.418,311213.0,538709703.0,17.32,17.64,17.22,17.31,True,中国交建,False
2017-07-24,18.288,18.628,18.028,18.108,318525.0,541492500.0,17.18,17.52,16.92,17.0,True,中国交建,False
2017-07-25,18.108,18.218,17.478,17.678,426099.0,706046043.0,17.0,17.11,16.37,16.57,True,中国交建,False
2017-07-26,17.678,17.828,17.518,17.648,206724.0,341921496.0,16.57,16.72,16.41,16.54,True,中国交建,False
2017-07-27,17.608,17.638,17.188,17.448,284571.0,464989014.0,16.5,16.53,16.08,16.34,True,中国交建,False
2017-07-28,17.358,17.608,17.338,17.558,222042.0,365259090.0,16.25,16.5,16.23,16.45,True,中国交建,False
2017-07-31,17.468,17.778,17.428,17.608,236983.0,391021950.0,16.36,16.67,16.32,16.5,True,中国交建,False
2017-08-01,17.638,17.818,17.568,17.658,229014.0,379018170.0,16.53,16.71,16.46,16.55,True,中国交建,False
2017-08-02,17.608,17.678,16.838,16.868,521487.0,821863512.0,16.5,16.57,15.73,15.76,True,中国交建,False
2017-08-03,16.808,16.938,16.508,16.558,384489.0,594035505.0,15.7,15.83,15.4,15.45,True,中国交建,False
2017-08-04,16.578,16.688,16.468,16.598,205934.0,318991766.0,15.47,15.58,15.36,15.49,True,中国交建,False
2017-08-07,16.598,16.788,16.408,16.708,176165.0,274817400.0,15.49,15.68,15.3,15.6,True,中国交建,False
2017-08-08,16.718,16.838,16.608,16.658,173086.0,269148730.0,15.61,15.73,15.5,15.55,True,中国交建,False
2017-08-09,16.688,16.728,16.528,16.648,135189.0,210083706.0,15.58,15.62,15.42,15.54,True,中国交建,False
2017-08-10,16.608,16.748,16.518,16.698,166006.0,258803354.0,15.5,15.64,15.41,15.59,True,中国交建,False
2017-08-11,16.608,16.708,16.278,16.288,178785.0,271395630.0,15.5,15.6,15.17,15.18,True,中国交建,False
2017-08-14,16.298,16.668,16.298,16.628,208078.0,322937056.0,15.19,15.56,15.19,15.52,True,中国交建,False
2017-08-15,16.558,16.628,16.478,16.538,117525.0,181341075.0,15.45,15.52,15.37,15.43,True,中国交建,False
2017-08-16,16.598,16.628,16.328,16.538,144932.0,223630076.0,15.49,15.52,15.22,15.43,True,中国交建,False
2017-08-17,16.708,17.568,16.708,17.438,673689.0,1100134137.0,15.6,16.46,15.6,16.33,True,中国交建,False
2017-08-18,17.298,17.448,17.058,17.228,388028.0,625501136.0,16.19,16.34,15.95,16.12,True,中国交建,False
2017-08-21,17.308,17.368,17.058,17.168,252316.0,405219496.0,16.2,16.26,15.95,16.06,True,中国交建,False
2017-08-22,17.128,17.268,17.018,17.038,221967.0,353593431.0,16.02,16.16,15.91,15.93,True,中国交建,False
2017-08-23,16.988,17.198,16.888,17.048,172400.0,274805600.0,15.88,16.09,15.78,15.94,True,中国交建,False
2017-08-24,17.018,17.108,16.678,16.698,175661.0,273855499.0,15.91,16.0,15.57,15.59,True,中国交建,False
2017-08-25,16.668,17.228,16.628,17.128,287844.0,461126088.0,15.56,16.12,15.52,16.02,True,中国交建,False
2017-08-28,17.118,17.478,17.058,17.338,365356.0,592972788.0,16.01,16.37,15.95,16.23,True,中国交建,False
2017-08-29,17.348,17.448,17.258,17.318,129009.0,209123589.0,16.24,16.34,16.15,16.21,True,中国交建,False
2017-08-30,17.268,17.368,17.008,17.328,281800.0,457079600.0,16.16,16.26,15.9,16.22,True,中国交建,False
2017-08-31,17.308,17.408,17.078,17.138,146066.0,234143798.00000003,16.2,16.3,15.97,16.03,True,中国交建,False
2017-09-01,17.138,17.248,16.878,16.888,207980.0,328192440.0,16.03,16.14,15.77,15.78,True,中国交建,False
2017-09-04,16.948,16.958,16.788,16.858,174621.0,275028075.0,15.84,15.85,15.68,15.75,True,中国交建,False
2017-09-05,16.848,16.928,16.798,16.838,107856.0,169657488.0,15.74,15.82,15.69,15.73,True,中国交建,False
2017-09-06,16.808,17.588,16.698,17.138,759308.0,1217170724.0,15.7,16.48,15.59,16.03,True,中国交建,False
2017-09-07,17.108,17.258,16.928,16.948,259621.0,411239664.0,16.0,16.15,15.82,15.84,True,中国交建,False
2017-09-08,16.988,17.038,16.758,16.798,187970.0,294924930.0,15.88,15.93,15.65,15.69,True,中国交建,False
2017-09-11,16.848,16.918,16.708,16.748,269532.0,421548048.0,15.74,15.81,15.6,15.64,True,中国交建,False
2017-09-12,16.808,16.818,16.648,16.748,210982.0,329975848.0,15.7,15.71,15.54,15.64,True,中国交建,False
2017-09-13,16.758,16.918,16.688,16.828,180665.0,284005380.0,15.65,15.81,15.58,15.72,True,中国交建,False
2017-09-14,16.788,16.928,16.648,16.688,173390.0,270141620.0,15.68,15.82,15.54,15.58,True,中国交建,False
2017-09-15,16.768,16.948,16.728,16.788,240641.0,377325088.0,15.66,15.84,15.62,15.68,True,中国交建,False
2017-09-18,16.818,17.248,16.818,16.998,356039.0,565745971.0,15.71,16.14,15.71,15.89,True,中国交建,False
2017-09-19,17.008,17.078,16.868,16.918,180732.0,285737292.0,15.9,15.97,15.76,15.81,True,中国交建,False
2017-09-20,16.918,16.968,16.758,16.778,174715.0,273778405.0,15.81,15.86,15.65,15.67,True,中国交建,False
2017-09-21,16.778,17.048,16.758,16.848,148059.0,233044866.0,15.67,15.94,15.65,15.74,True,中国交建,False
2017-09-22,16.818,16.858,16.588,16.638,140798.0,218659294.0,15.71,15.75,15.48,15.53,True,中国交建,False
2017-09-25,16.618,16.908,16.548,16.718,178362.0,278423082.0,15.51,15.8,15.44,15.61,True,中国交建,False
2017-09-26,16.678,16.938,16.678,16.808,134805.0,211643850.0,15.57,15.83,15.57,15.7,True,中国交建,False
2017-09-27,16.808,16.858,16.608,16.718,127899.0,199650339.0,15.7,15.75,15.5,15.61,True,中国交建,False
2017-09-28,16.708,16.728,16.358,16.398,195823.0,299413367.0,15.6,15.62,15.25,15.29,True,中国交建,False
2017-09-29,16.448,16.518,16.328,16.418,137091.0,209886321.0,15.34,15.41,15.22,15.31,True,中国交建,False
2017-10-09,16.658,16.658,16.468,16.498,113238.0,174273282.0,15.55,15.55,15.36,15.39,True,中国交建,False
2017-10-10,16.498,16.558,16.408,16.498,115425.0,177639075.0,15.39,15.45,15.3,15.39,True,中国交建,False
2017-10-11,16.518,16.518,16.348,16.378,173027.0,264212229.0,15.41,15.41,15.24,15.27,True,中国交建,False
2017-10-12,16.398,16.408,16.178,16.238,170675.0,258231275.0,15.29,15.3,15.07,15.13,True,中国交建,False
2017-10-13,16.208,16.378,16.118,16.288,152507.0,231505626.0,15.1,15.27,15.01,15.18,True,中国交建,False
2017-10-16,16.258,16.448,16.218,16.328,179141.0,272652602.0,15.15,15.34,15.11,15.22,True,中国交建,False
2017-10-17,16.308,16.408,16.208,16.328,98198.0,149457356.0,15.2,15.3,15.1,15.22,True,中国交建,False
2017-10-18,16.328,16.408,16.208,16.218,110533.0,167015363.0,15.22,15.3,15.1,15.11,True,中国交建,False
2017-10-19,16.218,16.278,15.908,15.918,148950.0,220594950.0,15.11,15.17,14.8,14.81,True,中国交建,False
2017-10-20,15.908,16.038,15.858,15.988,89589.0,133308432.0,14.8,14.93,14.75,14.88,True,中国交建,False
2017-10-23,15.978,16.048,15.868,15.988,93447.0,139049136.0,14.87,14.94,14.76,14.88,True,中国交建,False
2017-10-24,15.978,16.368,15.958,16.248,189936.0,287563104.0,14.87,15.26,14.85,15.14,True,中国交建,False
2017-10-25,16.328,16.358,16.158,16.238,143505.0,217123065.0,15.22,15.25,15.05,15.13,True,中国交建,False
2017-10-26,16.218,16.648,16.148,16.518,398139.0,613532199.0,15.11,15.54,15.04,15.41,True,中国交建,False
2017-10-27,16.508,16.588,16.378,16.398,181857.0,278059353.0,15.4,15.48,15.27,15.29,True,中国交建,False
2017-10-30,16.408,16.528,16.188,16.428,195888.0,300100416.0,15.3,15.42,15.08,15.32,True,中国交建,False
2017-10-31,16.298,16.348,16.108,16.188,149972.0,226157776.0,15.19,15.24,15.0,15.08,True,中国交建,False
2017-11-01,16.188,16.588,16.088,16.488,304319.0,468042622.0,15.08,15.48,14.98,15.38,True,中国交建,False
2017-11-02,16.468,16.508,16.208,16.458,213507.0,327733245.0,15.36,15.4,15.1,15.35,True,中国交建,False
2017-11-03,16.368,16.418,16.058,16.368,219788.0,335396488.0,15.26,15.31,14.95,15.26,True,中国交建,False
2017-11-06,16.218,16.278,16.098,16.158,143969.0,216673345.0,15.11,15.17,14.99,15.05,True,中国交建,False
2017-11-07,16.188,16.228,16.048,16.098,177915.0,266694585.0,15.08,15.12,14.94,14.99,True,中国交建,False
2017-11-08,16.098,16.188,15.948,16.118,171677.0,257687177.0,14.99,15.08,14.84,15.01,True,中国交建,False
2017-11-09,16.138,16.178,15.988,16.028,139215.0,207708780.0,15.03,15.07,14.88,14.92,True,中国交建,False
2017-11-10,16.008,16.058,15.868,15.898,146976.0,217377504.0,14.9,14.95,14.76,14.79,True,中国交建,False
2017-11-13,15.858,15.928,15.628,15.698,209152.0,305152768.0,14.75,14.82,14.52,14.59,True,中国交建,False
2017-11-14,15.698,15.818,15.628,15.728,135228.0,197703336.0,14.59,14.71,14.52,14.62,True,中国交建,False
2017-11-15,15.698,15.748,15.608,15.688,104928.0,152985024.0,14.59,14.64,14.5,14.58,True,中国交建,False
2017-11-16,15.648,15.648,15.318,15.328,167427.0,238081194.0,14.54,14.54,14.21,14.22,True,中国交建,False
2017-11-17,15.298,15.498,14.918,15.438,396885.0,568736205.0,14.19,14.39,13.81,14.33,True,中国交建,False
2017-11-20,15.308,15.448,15.138,15.228,125569.0,177303428.0,14.2,14.34,14.03,14.12,True,中国交建,False
2017-11-21,15.228,15.608,15.208,15.328,180890.0,257225580.0,14.12,14.5,14.1,14.22,True,中国交建,False
2017-11-22,15.398,15.748,15.258,15.578,286810.0,415014070.0,14.29,14.64,14.15,14.47,True,中国交建,False
2017-11-23,15.648,15.748,15.028,15.248,236622.0,334583508.0,14.54,14.64,13.92,14.14,True,中国交建,False
2017-11-24,15.208,15.298,15.038,15.278,129817.0,183950689.0,14.1,14.19,13.93,14.17,True,中国交建,False
2017-11-27,15.238,15.558,15.218,15.298,116490.0,165299310.0,14.13,14.45,14.11,14.19,True,中国交建,False
2017-11-28,15.308,15.328,15.068,15.188,97905.0,137850240.0,14.2,14.22,13.96,14.08,True,中国交建,False
2017-11-29,15.158,15.198,14.948,15.058,113940.0,158946300.0,14.05,14.09,13.84,13.95,True,中国交建,False
2017-11-30,15.058,15.178,14.958,15.038,95781.0,133422933.0,13.95,14.07,13.85,13.93,True,中国交建,False
2017-12-01,15.038,15.088,14.928,15.048,80528.0,112256032.0,13.93,13.98,13.82,13.94,True,中国交建,False
2017-12-04,15.018,15.098,14.958,15.068,79875.0,111505500.0,13.91,13.99,13.85,13.96,True,中国交建,False
2017-12-05,15.058,15.468,15.028,15.408,309121.0,442043030.0,13.95,14.36,13.92,14.3,True,中国交建,False
2017-12-06,15.318,15.398,15.188,15.318,115364.0,163932244.0,14.21,14.29,14.08,14.21,True,中国交建,False
2017-12-07,15.238,15.388,15.178,15.298,67470.0,95739930.0,14.13,14.28,14.07,14.19,True,中国交建,False
2017-12-08,15.278,15.328,15.208,15.228,57312.0,80924544.0,14.17,14.22,14.1,14.12,True,中国交建,False
2017-12-11,15.208,15.258,15.068,15.118,105725.0,148120725.0,14.1,14.15,13.96,14.01,True,中国交建,False
2017-12-12,15.118,15.118,14.908,14.908,100602.0,138830760.0,14.01,14.01,13.8,13.8,True,中国交建,False
2017-12-13,14.948,14.948,14.818,14.858,67610.0,92963750.0,13.84,13.84,13.71,13.75,True,中国交建,False
2017-12-14,14.888,14.898,14.608,14.628,110134.0,148901168.0,13.78,13.79,13.5,13.52,True,中国交建,False
2017-12-15,14.628,14.628,14.368,14.488,115492.0,154528296.0,13.52,13.52,13.26,13.38,True,中国交建,False
2017-12-18,14.428,14.538,14.388,14.518,63483.0,85130703.0,13.32,13.43,13.28,13.41,True,中国交建,False
2017-12-19,14.498,14.588,14.448,14.538,59787.0,80293941.0,13.39,13.48,13.34,13.43,True,中国交建,False
2017-12-20,14.548,14.648,14.428,14.588,94652.0,127590896.0,13.44,13.54,13.32,13.48,True,中国交建,False
2017-12-21,14.508,14.518,14.308,14.468,70167.0,93743112.0,13.4,13.41,13.2,13.36,True,中国交建,False
2017-12-22,14.428,14.528,14.408,14.418,40196.0,53500876.0,13.32,13.42,13.3,13.31,True,中国交建,False
2017-12-25,14.428,14.548,14.388,14.438,58555.0,78053815.0,13.32,13.44,13.28,13.33,True,中国交建,False
2017-12-26,14.508,14.508,14.308,14.398,78902.0,104860758.0,13.4,13.4,13.2,13.29,True,中国交建,False
2017-12-27,14.388,14.398,14.038,14.068,128198.0,166144608.0,13.28,13.29,12.93,12.96,True,中国交建,False
2017-12-28,14.038,14.038,13.718,13.898,115279.0,147441841.0,12.93,12.93,12.61,12.79,True,中国交建,False
2017-12-29,13.868,13.978,13.868,13.908,53013.0,67856640.0,12.76,12.87,12.76,12.8,True,中国交建,False
2018-01-02,13.998,14.288,13.948,14.268,138097.0,181735652.0,12.89,13.18,12.84,13.16,True,中国交建,False
2018-01-03,14.248,14.498,14.208,14.428,137877.0,183652164.0,13.14,13.39,13.1,13.32,True,中国交建,False
2018-01-04,14.428,14.488,14.188,14.248,152772.0,200742408.0,13.32,13.38,13.08,13.14,True,中国交建,False
2018-01-05,14.238,14.788,14.238,14.608,286745.0,387105750.0,13.13,13.68,13.13,13.5,True,中国交建,False
2018-01-08,14.588,14.728,14.438,14.628,180106.0,243503312.0,13.48,13.62,13.33,13.52,True,中国交建,False
2018-01-09,14.608,14.788,14.528,14.578,106360.0,143266920.0,13.5,13.68,13.42,13.47,True,中国交建,False
2018-01-10,14.558,14.738,14.458,14.588,142964.0,192715472.0,13.45,13.63,13.35,13.48,True,中国交建,False
2018-01-11,14.498,14.618,14.458,14.498,85128.0,113986392.0,13.39,13.51,13.35,13.39,True,中国交建,False
2018-01-12,14.528,14.528,14.348,14.378,89543.0,118823561.0,13.42,13.42,13.24,13.27,True,中国交建,False
2018-01-15,14.368,14.458,14.008,14.068,128846.0,166984416.0,13.26,13.35,12.9,12.96,True,中国交建,False
2018-01-16,14.048,14.298,14.048,14.278,113546.0,149540082.0,12.94,13.19,12.94,13.17,True,中国交建,False
2018-01-17,14.328,14.778,14.328,14.708,285765.0,388640400.0,13.22,13.67,13.22,13.6,True,中国交建,False
2018-01-18,14.638,15.918,14.608,15.588,568207.0,822763736.0,13.53,14.81,13.5,14.48,True,中国交建,False
2018-01-19,15.558,15.588,15.338,15.538,334111.0,482122173.0,14.45,14.48,14.23,14.43,True,中国交建,False
2018-01-22,15.538,15.658,15.338,15.548,245185.0,354047140.0,14.43,14.55,14.23,14.44,True,中国交建,False
2018-01-23,15.468,15.588,15.408,15.578,286915.0,415166005.0,14.36,14.48,14.3,14.47,True,中国交建,False
2018-01-24,15.558,15.848,15.258,15.458,326446.0,468450010.0,14.45,14.74,14.15,14.35,True,中国交建,False
2018-01-25,15.388,16.038,15.258,15.608,380148.0,551214600.0,14.28,14.93,14.15,14.5,True,中国交建,False
2018-01-26,15.608,15.848,15.488,15.748,341081.0,499342584.0,14.5,14.74,14.38,14.64,True,中国交建,False
2018-01-29,15.738,16.128,15.638,15.758,302039.0,442487135.0,14.63,15.02,14.53,14.65,True,中国交建,False
2018-01-30,15.758,15.778,15.288,15.298,225991.0,320681229.0,14.65,14.67,14.18,14.19,True,中国交建,False
2018-01-31,15.228,15.458,15.118,15.308,146847.0,208522740.0,14.12,14.35,14.01,14.2,True,中国交建,False
2018-02-01,15.388,15.508,15.138,15.498,244496.0,351829744.0,14.28,14.4,14.03,14.39,True,中国交建,False
2018-02-02,15.378,15.458,15.128,15.408,131208.0,187627440.0,14.27,14.35,14.02,14.3,True,中国交建,False
2018-02-05,15.218,15.898,15.168,15.888,294499.0,435269522.0,14.11,14.79,14.06,14.78,True,中国交建,False
2018-02-06,15.628,15.968,15.558,15.878,469577.0,693565229.0,14.52,14.86,14.45,14.77,True,中国交建,False
2018-02-07,16.078,16.158,15.678,15.908,463871.0,686529080.0,14.97,15.05,14.57,14.8,True,中国交建,False
2018-02-08,15.708,15.818,14.428,14.788,408191.0,558405288.0,14.6,14.71,13.32,13.68,True,中国交建,False
2018-02-09,14.238,14.358,13.418,13.938,399326.0,512335258.0,13.13,13.25,12.31,12.83,True,中国交建,False
2018-02-12,13.808,13.888,13.628,13.768,131463.0,166432158.0,12.7,12.78,12.52,12.66,True,中国交建,False
2018-02-13,13.918,13.978,13.638,13.668,145439.0,182671384.0,12.81,12.87,12.53,12.56,True,中国交建,False
2018-02-14,13.668,13.738,13.458,13.568,94013.0,117140198.0,12.56,12.63,12.35,12.46,True,中国交建,False
2018-02-22,13.658,13.858,13.648,13.808,112656.0,143073120.0,12.55,12.75,12.54,12.7,True,中国交建,False
2018-02-23,13.868,14.628,13.828,14.608,327367.0,441945450.0,12.76,13.52,12.72,13.5,True,中国交建,False
2018-02-26,14.798,15.148,14.568,15.118,252298.0,353469498.0,13.69,14.04,13.46,14.01,True,中国交建,False
2018-02-27,15.158,15.358,14.818,15.128,165699.0,232309998.0,14.05,14.25,13.71,14.02,True,中国交建,False
2018-02-28,15.008,15.098,14.738,14.888,125685.0,173193930.0,13.9,13.99,13.63,13.78,True,中国交建,False
2018-03-01,14.728,15.108,14.688,14.778,104697.0,143120799.0,13.62,14.0,13.58,13.67,True,中国交建,False
2018-03-02,14.618,14.878,14.618,14.698,75409.0,102480831.0,13.51,13.77,13.51,13.59,True,中国交建,False
2018-03-05,14.688,14.868,14.648,14.748,70332.0,95932848.0,13.58,13.76,13.54,13.64,True,中国交建,False
2018-03-06,14.818,14.968,14.668,14.968,108432.0,150286752.0,13.71,13.86,13.56,13.86,True,中国交建,False
2018-03-07,14.988,14.988,14.608,14.748,86453.0,117921892.0,13.88,13.88,13.5,13.64,True,中国交建,False
2018-03-08,14.848,14.848,14.648,14.698,61512.0,83594808.0,13.74,13.74,13.54,13.59,True,中国交建,False
2018-03-09,14.778,14.778,14.618,14.718,63581.0,86533741.0,13.67,13.67,13.51,13.61,True,中国交建,False
2018-03-12,14.788,14.938,14.658,14.898,128418.0,177088422.0,13.68,13.83,13.55,13.79,True,中国交建,False
2018-03-13,14.848,14.858,14.608,14.688,119410.0,162158780.0,13.74,13.75,13.5,13.58,True,中国交建,False
2018-03-14,14.608,14.718,14.218,14.238,173395.0,227667635.0,13.5,13.61,13.11,13.13,True,中国交建,False
2018-03-15,14.108,14.268,13.958,14.198,153796.0,201318964.0,13.0,13.16,12.85,13.09,True,中国交建,False
2018-03-16,14.128,14.198,13.998,14.048,119079.0,154088226.0,13.02,13.09,12.89,12.94,True,中国交建,False
2018-03-19,14.048,14.128,13.918,14.078,94582.0,122672854.0,12.94,13.02,12.81,12.97,True,中国交建,False
2018-03-20,14.008,14.088,13.888,13.998,124664.0,160691896.0,12.9,12.98,12.78,12.89,True,中国交建,False
2018-03-21,13.998,14.088,13.908,13.998,119026.0,153424514.0,12.89,12.98,12.8,12.89,True,中国交建,False
2018-03-22,13.918,14.008,13.788,13.978,131873.0,169720551.0,12.81,12.9,12.68,12.87,True,中国交建,False
2018-03-23,13.708,14.058,13.538,13.978,261916.0,337085892.0,12.6,12.95,12.43,12.87,True,中国交建,False
2018-03-26,13.708,13.888,13.628,13.878,84677.0,108132529.0,12.6,12.78,12.52,12.77,True,中国交建,False
2018-03-27,13.928,14.078,13.878,13.998,95435.0,123015715.0,12.82,12.97,12.77,12.89,True,中国交建,False
2018-03-28,13.868,13.998,13.748,13.898,80778.0,103315062.0,12.76,12.89,12.64,12.79,True,中国交建,False
2018-03-29,13.858,14.058,13.608,14.018,131462.0,169717442.0,12.75,12.95,12.5,12.91,True,中国交建,False
2018-03-30,14.058,14.058,13.908,13.958,85848.0,110314680.0,12.95,12.95,12.8,12.85,True,中国交建,False
2018-04-02,14.028,14.238,13.978,14.048,117151.0,151593394.0,12.92,13.13,12.87,12.94,True,中国交建,False
2018-04-03,13.988,14.338,13.928,14.288,173115.0,228165570.0,12.88,13.23,12.82,13.18,True,中国交建,False
2018-04-04,14.228,14.408,14.128,14.138,106474.0,138735622.0,13.12,13.3,13.02,13.03,True,中国交建,False
2018-04-09,14.108,14.368,14.078,14.328,111792.0,147789024.0,13.0,13.26,12.97,13.22,True,中国交建,False
2018-04-10,14.328,14.538,14.268,14.468,140729.0,188013944.0,13.22,13.43,13.16,13.36,True,中国交建,False
2018-04-11,14.518,14.528,14.328,14.398,106032.0,140916528.0,13.41,13.42,13.22,13.29,True,中国交建,False
2018-04-12,14.378,14.468,14.328,14.368,95931.0,127204506.0,13.27,13.36,13.22,13.26,True,中国交建,False
2018-04-13,14.408,14.558,14.328,14.448,100440.0,133986960.0,13.3,13.45,13.22,13.34,True,中国交建,False
2018-04-16,14.508,14.548,14.338,14.408,85223.0,113346590.0,13.4,13.44,13.23,13.3,True,中国交建,False
2018-04-17,14.418,14.488,14.038,14.068,101863.0,132014448.0,13.31,13.38,12.93,12.96,True,中国交建,False
2018-04-18,14.068,14.508,14.068,14.468,121315.0,162076840.0,12.96,13.4,12.96,13.36,True,中国交建,False
2018-04-19,14.558,14.558,14.368,14.398,81072.0,107744688.0,13.45,13.45,13.26,13.29,True,中国交建,False
2018-04-20,14.428,14.448,14.058,14.378,121131.0,160740837.0,13.32,13.34,12.95,13.27,True,中国交建,False
2018-04-23,14.198,14.458,14.118,14.258,76143.0,100128045.0,13.09,13.35,13.01,13.15,True,中国交建,False
2018-04-24,14.168,14.608,14.168,14.438,107914.0,143849362.0,13.06,13.5,13.06,13.33,True,中国交建,False
2018-04-25,14.338,14.428,14.268,14.348,62342.0,82540808.0,13.23,13.32,13.16,13.24,True,中国交建,False
2018-04-26,14.418,14.498,14.298,14.348,87703.0,116118772.0,13.31,13.39,13.19,13.24,True,中国交建,False
2018-04-27,14.468,14.498,14.348,14.448,68841.0,91833894.0,13.36,13.39,13.24,13.34,True,中国交建,False
2018-05-02,14.448,14.598,14.348,14.358,73795.0,97778375.0,13.34,13.49,13.24,13.25,True,中国交建,False
2018-05-03,14.258,14.318,14.098,14.208,89698.0,117504380.0,13.15,13.21,12.99,13.1,True,中国交建,False
2018-05-04,14.188,14.208,13.948,13.958,79716.0,102435060.0,13.08,13.1,12.84,12.85,True,中国交建,False
2018-05-07,13.928,14.108,13.918,14.108,73021.0,94927300.0,12.82,13.0,12.81,13.0,True,中国交建,False
2018-05-08,14.088,14.168,14.038,14.108,48930.0,63609000.0,12.98,13.06,12.93,13.0,True,中国交建,False
2018-05-09,14.118,14.128,13.948,13.978,54680.0,70373160.0,13.01,13.02,12.84,12.87,True,中国交建,False
2018-05-10,14.018,14.118,13.998,14.108,70190.0,91247000.0,12.91,13.01,12.89,13.0,True,中国交建,False
2018-05-11,14.128,14.208,13.898,14.008,87206.0,112495740.0,13.02,13.1,12.79,12.9,True,中国交建,False
2018-05-14,14.008,14.128,13.948,14.098,54664.0,71008536.0,12.9,13.02,12.84,12.99,True,中国交建,False
2018-05-15,14.148,14.148,14.068,14.108,62056.0,80672800.0,13.04,13.04,12.96,13.0,True,中国交建,False
2018-05-16,14.108,14.108,13.958,13.988,40091.0,51637208.0,13.0,13.0,12.85,12.88,True,中国交建,False
2018-05-17,13.978,14.068,13.978,13.998,40138.0,51737882.0,12.87,12.96,12.87,12.89,True,中国交建,False
2018-05-18,13.978,14.098,13.958,14.078,45228.0,58660716.0,12.87,12.99,12.85,12.97,True,中国交建,False
2018-05-21,14.118,14.268,14.078,14.118,52779.0,68665479.0,13.01,13.16,12.97,13.01,True,中国交建,False
2018-05-22,14.108,14.118,14.018,14.058,31635.0,40967325.0,13.0,13.01,12.91,12.95,True,中国交建,False
2018-05-23,14.028,14.048,13.968,13.988,47040.0,60587520.0,12.92,12.94,12.86,12.88,True,中国交建,False
2018-05-24,13.958,14.008,13.908,13.928,41554.0,53272228.0,12.85,12.9,12.8,12.82,True,中国交建,False
2018-05-25,13.928,13.998,13.838,13.988,53424.0,68810112.0,12.82,12.89,12.73,12.88,True,中国交建,False
2018-05-28,13.998,13.998,13.788,13.798,41401.0,52537869.0,12.89,12.89,12.68,12.69,True,中国交建,False
2018-05-29,13.798,13.868,13.508,13.858,81621.0,104066775.0,12.69,12.76,12.4,12.75,True,中国交建,False
2018-05-30,13.658,13.768,13.308,13.328,57479.0,70239338.0,12.55,12.66,12.2,12.22,True,中国交建,False
2018-05-31,13.438,13.588,13.278,13.368,67084.0,82244984.0,12.33,12.48,12.17,12.26,True,中国交建,False
2018-06-01,13.398,13.408,13.298,13.308,42182.0,51462040.0,12.29,12.3,12.19,12.2,True,中国交建,False
2018-06-04,13.388,13.398,13.278,13.298,40011.0,48773409.0,12.28,12.29,12.17,12.19,True,中国交建,False
2018-06-05,13.308,13.358,13.238,13.278,54591.0,66437247.0,12.2,12.25,12.13,12.17,True,中国交建,False
2018-06-06,13.288,13.298,13.218,13.228,47678.0,57785735.99999999,12.18,12.19,12.11,12.12,True,中国交建,False
2018-06-07,13.238,13.278,13.158,13.158,48411.0,58335255.0,12.13,12.17,12.05,12.05,True,中国交建,False
2018-06-08,13.158,13.168,12.828,12.898,87319.0,102949101.0,12.05,12.06,11.72,11.79,True,中国交建,False
2018-06-11,12.828,12.878,12.668,12.758,46130.0,53741450.0,11.72,11.77,11.56,11.65,True,中国交建,False
2018-06-12,12.778,12.918,12.758,12.858,43055.0,50589625.0,11.67,11.81,11.65,11.75,True,中国交建,False
2018-06-13,12.848,12.848,12.638,12.818,50971.0,59687041.00000001,11.74,11.74,11.53,11.71,True,中国交建,False
2018-06-14,12.728,12.828,12.718,12.818,44117.0,51661007.00000001,11.62,11.72,11.61,11.71,True,中国交建,False
2018-06-15,12.788,13.078,12.738,12.918,83104.0,98145824.0,11.68,11.97,11.63,11.81,True,中国交建,False
2018-06-19,12.708,13.208,12.668,13.078,195998.0,234609606.0,11.6,12.1,11.56,11.97,True,中国交建,False
2018-06-20,13.008,13.268,12.858,13.168,119041.0,143563446.0,11.9,12.16,11.75,12.06,True,中国交建,False
2018-06-21,13.158,13.578,13.108,13.178,120276.0,145173132.0,12.05,12.47,12.0,12.07,True,中国交建,False
2018-06-22,13.178,13.398,13.068,13.288,62522.0,76151796.0,12.07,12.29,11.96,12.18,True,中国交建,False
2018-06-25,13.288,13.408,12.778,12.908,77239.0,91142020.0,12.18,12.3,11.67,11.8,True,中国交建,False
2018-06-26,12.968,12.988,12.608,12.738,71548.0,83210324.0,11.86,11.88,11.5,11.63,True,中国交建,False
2018-06-27,12.728,12.878,12.258,12.438,133102.0,150804566.0,11.62,11.77,11.15,11.33,True,中国交建,False
2018-06-28,12.308,12.558,12.308,12.398,50119.0,56584350.99999999,11.2,11.45,11.2,11.29,True,中国交建,False
2018-06-29,12.458,12.508,12.338,12.498,50196.0,57173244.0,11.35,11.4,11.23,11.39,True,中国交建,False
2018-07-02,12.478,12.478,12.048,12.158,72268.0,79856140.0,11.37,11.37,10.94,11.05,True,中国交建,False
2018-07-03,12.168,12.338,12.108,12.268,70290.0,78443640.0,11.06,11.23,11.0,11.16,True,中国交建,False
2018-07-04,12.238,12.378,12.158,12.308,52343.0,58624160.0,11.13,11.27,11.05,11.2,True,中国交建,False
2018-07-05,12.218,12.508,12.218,12.498,68989.0,78578471.0,11.11,11.4,11.11,11.39,True,中国交建,False
2018-07-06,12.49,12.49,11.97,12.24,84266.0,91765674.0,11.14,11.14,10.62,10.89,True,中国交建,False
2018-07-09,12.25,12.63,12.15,12.61,66782.0,75196532.0,10.9,11.28,10.8,11.26,True,中国交建,False
2018-07-10,12.65,12.67,12.51,12.59,28715.0,32275660.0,11.3,11.32,11.16,11.24,True,中国交建,False
2018-07-11,12.35,12.45,12.21,12.27,42478.0,46385976.0,11.0,11.1,10.86,10.92,True,中国交建,False
2018-07-12,12.25,12.6,12.21,12.52,47390.0,52934630.0,10.9,11.25,10.86,11.17,True,中国交建,False
2018-07-13,12.51,12.55,12.41,12.45,27865.0,30930150.0,11.16,11.2,11.06,11.1,True,中国交建,False
2018-07-16,12.41,12.5,12.31,12.41,34904.0,38603824.0,11.06,11.15,10.96,11.06,True,中国交建,False
2018-07-17,12.35,12.44,12.21,12.27,42675.0,46601100.0,11.0,11.09,10.86,10.92,True,中国交建,False
2018-07-18,12.29,12.35,12.16,12.17,33070.0,35781740.0,10.94,11.0,10.81,10.82,True,中国交建,False
2018-07-19,12.17,12.45,12.17,12.3,60280.0,66006599.99999999,10.82,11.1,10.82,10.95,True,中国交建,False
2018-07-20,12.3,12.46,12.23,12.43,51958.0,57569464.0,10.95,11.11,10.88,11.08,True,中国交建,False
2018-07-23,12.42,13.54,12.42,13.54,244678.0,298262482.0,11.07,12.19,11.07,12.19,True,中国交建,False
2018-07-24,14.26,14.76,14.26,14.76,539657.0,723680037.0,12.91,13.41,12.91,13.41,True,中国交建,False
2018-07-25,15.17,15.17,14.47,14.71,638873.0,853534328.0,13.82,13.82,13.12,13.36,True,中国交建,False
2018-07-26,14.71,14.94,14.6,14.71,422155.0,563999080.0,13.36,13.59,13.25,13.36,True,中国交建,False
2018-07-27,14.84,15.12,14.41,14.44,451904.0,591542336.0,13.49,13.77,13.06,13.09,True,中国交建,False
2018-07-30,14.46,15.12,14.46,14.77,419638.0,563154196.0,13.11,13.77,13.11,13.42,True,中国交建,False
2018-07-31,14.62,14.98,14.32,14.93,271330.0,368466140.0,13.27,13.63,12.97,13.58,True,中国交建,False
2018-08-01,15.21,15.58,14.36,14.38,540173.0,703845419.0,13.86,14.23,13.01,13.03,True,中国交建,False
2018-08-02,14.15,14.81,14.07,14.74,405681.0,543206859.0,12.8,13.46,12.72,13.39,True,中国交建,False
2018-08-03,14.46,14.58,13.85,13.87,337011.0,421937772.0,13.11,13.23,12.5,12.52,True,中国交建,False
2018-08-06,13.87,14.45,13.8,14.15,352702.0,451458560.0,12.52,13.1,12.45,12.8,True,中国交建,False
2018-08-07,14.35,15.43,14.04,15.42,634835.0,893212845.0,13.0,14.08,12.69,14.07,True,中国交建,False
2018-08-08,15.2,15.2,14.85,14.93,433642.0,588885836.0,13.85,13.85,13.5,13.58,True,中国交建,False
2018-08-09,14.93,15.14,14.69,15.0,340146.0,464299290.0,13.58,13.79,13.34,13.65,True,中国交建,False
2018-08-10,14.95,15.21,14.84,14.96,268152.0,364954872.0,13.6,13.86,13.49,13.61,True,中国交建,False
2018-08-13,14.79,15.02,14.57,15.0,247664.0,338061360.0,13.44,13.67,13.22,13.65,True,中国交建,False
2018-08-14,14.93,14.94,14.6,14.76,171771.0,230344911.0,13.58,13.59,13.25,13.41,True,中国交建,False
2018-08-15,14.85,15.09,14.58,14.62,263863.0,350146201.0,13.5,13.74,13.23,13.27,True,中国交建,False
2018-08-16,14.26,14.43,14.05,14.22,234957.0,302389659.0,12.91,13.08,12.7,12.87,True,中国交建,False
2018-08-17,14.35,14.41,13.96,13.99,164171.0,207512144.0,13.0,13.06,12.61,12.64,True,中国交建,False
2018-08-20,14.05,14.2,13.94,14.1,162422.0,207088050.0,12.7,12.85,12.59,12.75,True,中国交建,False
2018-08-21,14.13,14.61,14.07,14.43,295148.0,386053584.0,12.78,13.26,12.72,13.08,True,中国交建,False
2018-08-22,14.28,14.31,13.86,13.99,222962.0,281823968.0,12.93,12.96,12.51,12.64,True,中国交建,False
2018-08-23,14.01,14.19,13.68,14.04,187469.0,237898161.0,12.66,12.84,12.33,12.69,True,中国交建,False
2018-08-24,13.96,14.1,13.86,13.92,120675.0,151688475.0,12.61,12.75,12.51,12.57,True,中国交建,False
2018-08-27,13.97,14.3,13.89,14.15,174939.0,223921920.0,12.62,12.95,12.54,12.8,True,中国交建,False
2018-08-28,14.15,14.28,14.01,14.25,167685.0,216313650.0,12.8,12.93,12.66,12.9,True,中国交建,False
2018-08-29,14.2,14.2,13.97,14.09,122382.0,155914668.0,12.85,12.85,12.62,12.74,True,中国交建,False
2018-08-30,14.04,14.08,13.71,13.72,139899.0,173055063.0,12.69,12.73,12.36,12.37,True,中国交建,False
2018-08-31,13.65,14.02,13.64,13.89,156148.0,195809592.0,12.3,12.67,12.29,12.54,True,中国交建,False
2018-09-03,13.86,13.9,13.6,13.81,111259.0,138628714.0,12.51,12.55,12.25,12.46,True,中国交建,False
2018-09-04,13.83,13.91,13.56,13.82,139720.0,174230840.0,12.48,12.56,12.21,12.47,True,中国交建,False
2018-09-05,13.76,13.82,13.43,13.45,130070.0,157384700.0,12.41,12.47,12.08,12.1,True,中国交建,False
2018-09-06,13.41,13.53,12.81,12.89,284975.0,328861150.0,12.06,12.18,11.46,11.54,True,中国交建,False
2018-09-07,12.9,13.33,12.76,13.08,214132.0,251176836.0,11.55,11.98,11.41,11.73,True,中国交建,False
2018-09-10,12.96,13.23,12.92,12.99,125541.0,146129724.0,11.61,11.88,11.57,11.64,True,中国交建,False
2018-09-11,12.99,13.32,12.86,13.11,135525.0,159377400.0,11.64,11.97,11.51,11.76,True,中国交建,False
2018-09-12,12.94,13.18,12.91,12.92,141157.0,163318649.0,11.59,11.83,11.56,11.57,True,中国交建,False
2018-09-13,13.04,13.12,12.84,13.1,148136.0,174059800.0,11.69,11.77,11.49,11.75,True,中国交建,False
2018-09-14,13.11,13.13,12.9,12.92,103051.0,119230007.0,11.76,11.78,11.55,11.57,True,中国交建,False
2018-09-17,12.85,12.88,12.45,12.47,161829.0,179953848.0,11.5,11.53,11.1,11.12,True,中国交建,False
2018-09-18,12.46,13.58,12.38,13.58,425290.0,520129670.0,11.11,12.23,11.03,12.23,True,中国交建,False
2018-09-19,13.58,13.6,13.26,13.4,325183.0,391845515.0,12.23,12.25,11.91,12.05,True,中国交建,False
2018-09-20,13.49,13.79,13.35,13.53,276653.0,336963354.0,12.14,12.44,12.0,12.18,True,中国交建,False
2018-09-21,13.53,13.73,13.37,13.65,237562.0,292201260.0,12.18,12.38,12.02,12.3,True,中国交建,False
2018-09-25,13.51,14.07,13.46,13.67,221121.0,272421072.0,12.16,12.72,12.11,12.32,True,中国交建,False
2018-09-26,13.65,13.92,13.59,13.69,215753.0,266239202.0,12.3,12.57,12.24,12.34,True,中国交建,False
2018-09-27,13.66,13.99,13.6,13.82,237936.0,296706192.0,12.31,12.64,12.25,12.47,True,中国交建,False
2018-09-28,13.82,14.32,13.78,14.13,275715.0,352363770.0,12.47,12.97,12.43,12.78,True,中国交建,False
2018-10-08,13.84,14.13,13.75,13.82,188886.0,235540842.0,12.49,12.78,12.4,12.47,True,中国交建,False
2018-10-09,13.84,13.97,13.57,13.71,169899.0,209995164.0,12.49,12.62,12.22,12.36,True,中国交建,False
2018-10-10,13.69,14.41,13.68,14.17,294541.0,377601562.0,12.34,13.06,12.33,12.82,True,中国交建,False
2018-10-11,13.8,14.1,13.36,13.63,245804.0,301847312.0,12.45,12.75,12.01,12.28,True,中国交建,False
2018-10-12,13.53,14.28,13.46,14.18,300270.0,385246410.0,12.18,12.93,12.11,12.83,True,中国交建,False
2018-10-15,14.15,14.29,13.78,13.9,181252.0,227471260.0,12.8,12.94,12.43,12.55,True,中国交建,False
2018-10-16,13.74,14.09,13.67,13.93,138371.0,174070718.0,12.39,12.74,12.32,12.58,True,中国交建,False
2018-10-17,14.05,14.29,13.94,14.24,192019.0,247512491.0,12.7,12.94,12.59,12.89,True,中国交建,False
2018-10-18,14.11,14.2,13.01,13.29,285378.0,340741332.0,12.76,12.85,11.66,11.94,True,中国交建,False
2018-10-19,13.01,13.48,12.91,13.37,203922.0,245114244.0,11.66,12.13,11.56,12.02,True,中国交建,False
2018-10-22,13.38,14.01,13.38,13.75,263541.0,326790840.0,12.03,12.66,12.03,12.4,True,中国交建,False
2018-10-23,13.75,14.12,13.6,13.83,282530.0,352597440.0,12.4,12.77,12.25,12.48,True,中国交建,False
2018-10-24,13.73,13.89,13.31,13.58,270313.0,330592799.0,12.38,12.54,11.96,12.23,True,中国交建,False
2018-10-25,13.2,13.41,12.98,13.31,186915.0,223550340.00000003,11.85,12.06,11.63,11.96,True,中国交建,False
2018-10-26,13.36,13.59,13.2,13.24,123750.0,147138750.0,12.01,12.24,11.85,11.89,True,中国交建,False
2018-10-29,13.38,13.54,13.15,13.22,148798.0,176623226.0,12.03,12.19,11.8,11.87,True,中国交建,False
2018-10-30,13.4,13.42,12.9,13.23,145081.0,172356228.0,12.05,12.07,11.55,11.88,True,中国交建,False
2018-10-31,13.24,14.3,13.24,13.82,436410.0,544203270.0,11.89,12.95,11.89,12.47,True,中国交建,False
2018-11-01,14.05,14.26,13.85,13.93,251321.0,316161818.0,12.7,12.91,12.5,12.58,True,中国交建,False
2018-11-02,14.16,14.26,13.96,14.17,242639.0,311063198.0,12.81,12.91,12.61,12.82,True,中国交建,False
2018-11-05,14.1,14.12,13.9,14.03,137178.0,173941704.0,12.75,12.77,12.55,12.68,True,中国交建,False
2018-11-06,13.98,14.01,13.8,13.93,139495.0,175484710.0,12.63,12.66,12.45,12.58,True,中国交建,False
2018-11-07,13.94,13.98,13.66,13.78,160463.0,199455509.0,12.59,12.63,12.31,12.43,True,中国交建,False
2018-11-08,13.85,13.93,13.63,13.67,128104.0,157824128.0,12.5,12.58,12.28,12.32,True,中国交建,False
2018-11-09,13.56,13.68,13.38,13.4,103834.0,125119970.0,12.21,12.33,12.03,12.05,True,中国交建,False
2018-11-12,13.38,13.57,13.35,13.55,125006.0,152507320.0,12.03,12.22,12.0,12.2,True,中国交建,False
2018-11-13,13.39,13.55,13.25,13.55,160686.0,196036920.0,12.04,12.2,11.9,12.2,True,中国交建,False
2018-11-14,13.53,13.8,13.5,13.55,195173.0,238111060.0,12.18,12.45,12.15,12.2,True,中国交建,False
2018-11-15,13.55,13.82,13.53,13.75,206706.0,256315440.0,12.2,12.47,12.18,12.4,True,中国交建,False
2018-11-16,13.89,13.9,13.6,13.64,172111.0,211524419.0,12.54,12.55,12.25,12.29,True,中国交建,False
2018-11-19,13.68,13.83,13.6,13.83,189113.0,236013024.0,12.33,12.48,12.25,12.48,True,中国交建,False
2018-11-20,13.7,14.1,13.61,13.65,238089.0,292849470.0,12.35,12.75,12.26,12.3,True,中国交建,False
2018-11-21,13.5,13.87,13.47,13.63,173570.0,213143960.0,12.15,12.52,12.12,12.28,True,中国交建,False
2018-11-22,13.7,13.7,13.46,13.57,90263.0,110301386.0,12.35,12.35,12.11,12.22,True,中国交建,False
2018-11-23,13.56,13.85,13.35,13.39,177780.0,214047120.0,12.21,12.5,12.0,12.04,True,中国交建,False
2018-11-26,13.3,13.46,13.18,13.26,104878.0,124909698.0,11.95,12.11,11.83,11.91,True,中国交建,False
2018-11-27,13.33,13.42,13.13,13.18,97066.0,114829078.0,11.98,12.07,11.78,11.83,True,中国交建,False
2018-11-28,13.18,13.3,13.13,13.27,113400.0,135172800.0,11.83,11.95,11.78,11.92,True,中国交建,False
2018-11-29,13.35,13.53,13.15,13.16,147588.0,174301428.0,12.0,12.18,11.8,11.81,True,中国交建,False
2018-11-30,13.06,13.24,13.03,13.18,114171.0,135064293.0,11.71,11.89,11.68,11.83,True,中国交建,False
2018-12-03,13.43,13.46,13.16,13.33,242508.0,290524584.0,12.08,12.11,11.81,11.98,True,中国交建,False
2018-12-04,13.29,13.48,13.25,13.4,191934.0,231280470.0,11.94,12.13,11.9,12.05,True,中国交建,False
2018-12-05,13.25,13.37,13.16,13.28,126309.0,150686637.0,11.9,12.02,11.81,11.93,True,中国交建,False
2018-12-06,13.13,13.26,13.06,13.09,115456.0,135545344.0,11.78,11.91,11.71,11.74,True,中国交建,False
2018-12-07,13.15,13.3,13.03,13.18,149910.0,177343530.0,11.8,11.95,11.68,11.83,True,中国交建,False
2018-12-10,13.05,13.31,13.05,13.12,127214.0,149730878.0,11.7,11.96,11.7,11.77,True,中国交建,False
2018-12-11,13.22,13.22,13.07,13.12,84435.0,99379995.0,11.87,11.87,11.72,11.77,True,中国交建,False
2018-12-12,13.2,13.32,13.13,13.25,133486.0,158848340.0,11.85,11.97,11.78,11.9,True,中国交建,False
2018-12-13,13.32,14.0,13.26,13.74,446174.0,552809586.0,11.97,12.65,11.91,12.39,True,中国交建,False
2018-12-14,13.7,13.92,13.61,13.72,392495.0,485516315.0,12.35,12.57,12.26,12.37,True,中国交建,False
2018-12-17,13.78,14.0,13.75,13.91,265052.0,332905312.0,12.43,12.65,12.4,12.56,True,中国交建,False
2018-12-18,13.88,14.02,13.62,13.74,174401.0,216082839.0,12.53,12.67,12.27,12.39,True,中国交建,False
2018-12-19,13.79,13.85,13.63,13.69,131708.0,162527672.0,12.44,12.5,12.28,12.34,True,中国交建,False
2018-12-20,13.68,13.89,13.12,13.22,237111.0,281450757.0,12.33,12.54,11.77,11.87,True,中国交建,False
2018-12-21,13.14,13.26,13.07,13.16,121383.0,143353323.0,11.79,11.91,11.72,11.81,True,中国交建,False
2018-12-24,13.17,13.17,12.95,13.06,131105.0,153523955.0,11.82,11.82,11.6,11.71,True,中国交建,False
2018-12-25,12.93,12.93,12.34,12.75,197581.0,225242340.0,11.58,11.58,10.99,11.4,True,中国交建,False
2018-12-26,12.73,12.77,12.54,12.61,83812.0,94372312.0,11.38,11.42,11.19,11.26,True,中国交建,False
2018-12-27,12.76,12.83,12.5,12.54,131568.0,147224592.0,11.41,11.48,11.15,11.19,True,中国交建,False
2018-12-28,12.53,12.68,12.52,12.61,182623.0,205633498.0,11.18,11.33,11.17,11.26,True,中国交建,False
2019-01-02,12.61,12.65,12.33,12.45,126849.0,140802390.0,11.26,11.3,10.98,11.1,True,中国交建,False
2019-01-03,12.48,12.58,12.37,12.41,126333.0,139724298.0,11.13,11.23,11.02,11.06,True,中国交建,False
2019-01-04,12.29,12.65,12.18,12.65,210825.0,238232250.00000003,10.94,11.3,10.83,11.3,True,中国交建,False
2019-01-07,12.74,12.93,12.69,12.74,212181.0,241674159.0,11.39,11.58,11.34,11.39,True,中国交建,False
2019-01-08,12.7,12.78,12.67,12.73,122252.0,139122776.0,11.35,11.43,11.32,11.38,True,中国交建,False
2019-01-09,12.81,12.83,12.62,12.67,170021.0,192463772.0,11.46,11.48,11.27,11.32,True,中国交建,False
2019-01-10,12.64,12.67,12.47,12.49,120063.0,133750182.0,11.29,11.32,11.12,11.14,True,中国交建,False
2019-01-11,12.49,12.57,12.42,12.51,123527.0,137856132.0,11.14,11.22,11.07,11.16,True,中国交建,False
2019-01-14,12.52,12.53,12.37,12.39,113502.0,125306208.0,11.17,11.18,11.02,11.04,True,中国交建,False
2019-01-15,12.41,12.51,12.37,12.49,198029.0,220604306.0,11.06,11.16,11.02,11.14,True,中国交建,False
2019-01-16,12.48,12.48,12.28,12.31,233733.0,256171368.00000003,11.13,11.13,10.93,10.96,True,中国交建,False
2019-01-17,12.34,12.36,12.22,12.24,139555.0,151975395.0,10.99,11.01,10.87,10.89,True,中国交建,False
2019-01-18,12.28,12.58,12.25,12.52,417404.0,466240268.0,10.93,11.23,10.9,11.17,True,中国交建,False
2019-01-21,12.53,12.57,12.4,12.46,254052.0,282251772.0,11.18,11.22,11.05,11.11,True,中国交建,False
2019-01-22,12.44,12.47,12.18,12.21,231755.0,251685930.0,11.09,11.12,10.83,10.86,True,中国交建,False
2019-01-23,12.21,12.26,12.1,12.12,176534.0,190127118.0,10.86,10.91,10.75,10.77,True,中国交建,False
2019-01-24,12.12,12.16,11.88,11.95,245224.0,259937440.0,10.77,10.81,10.53,10.6,True,中国交建,False
2019-01-25,11.97,12.04,11.93,12.0,167843.0,178752795.0,10.62,10.69,10.58,10.65,True,中国交建,False
2019-01-28,12.05,12.28,11.99,12.06,218671.0,234196641.00000003,10.7,10.93,10.64,10.71,True,中国交建,False
2019-01-29,11.99,12.06,11.79,12.06,134025.0,143540775.0,10.64,10.71,10.44,10.71,True,中国交建,False
2019-01-30,11.97,12.02,11.91,11.94,128253.0,135819927.0,10.62,10.67,10.56,10.59,True,中国交建,False
2019-01-31,12.0,12.1,11.94,11.98,161977.0,172181551.0,10.65,10.75,10.59,10.63,True,中国交建,False
2019-02-01,12.08,12.09,11.98,12.07,165211.0,177106192.0,10.73,10.74,10.63,10.72,True,中国交建,False
2019-02-11,12.06,12.33,12.06,12.32,268637.0,294694789.0,10.71,10.98,10.71,10.97,True,中国交建,False
2019-02-12,12.3,12.55,12.27,12.53,310312.0,346928816.0,10.95,11.2,10.92,11.18,True,中国交建,False
2019-02-13,12.54,12.7,12.42,12.63,333315.0,375979320.0,11.19,11.35,11.07,11.28,True,中国交建,False
2019-02-14,12.65,12.78,12.54,12.58,233893.0,262661839.0,11.3,11.43,11.19,11.23,True,中国交建,False
2019-02-15,12.51,12.62,12.47,12.47,177439.0,197312168.0,11.16,11.27,11.12,11.12,True,中国交建,False
2019-02-18,12.54,12.85,12.54,12.78,304220.0,347723460.0,11.19,11.5,11.19,11.43,True,中国交建,False
2019-02-19,12.87,12.9,12.61,12.74,260626.0,296853014.0,11.52,11.55,11.26,11.39,True,中国交建,False
2019-02-20,12.78,12.8,12.63,12.74,147119.0,167568541.0,11.43,11.45,11.28,11.39,True,中国交建,False
2019-02-21,12.74,12.82,12.59,12.61,263158.0,296315908.0,11.39,11.47,11.24,11.26,True,中国交建,False
2019-02-22,12.61,12.73,12.47,12.72,243414.0,276761718.0,11.26,11.38,11.12,11.37,True,中国交建,False
2019-02-25,12.82,13.59,12.68,13.58,853170.0,1043426910.0,11.47,12.24,11.33,12.23,True,中国交建,False
2019-02-26,13.57,14.53,13.35,13.83,976878.0,1219143744.0,12.22,13.18,12.0,12.48,True,中国交建,False
2019-02-27,13.81,14.32,13.81,14.02,539481.0,683522427.0,12.46,12.97,12.46,12.67,True,中国交建,False
2019-02-28,13.95,14.02,13.59,13.7,311660.0,384900100.0,12.6,12.67,12.24,12.35,True,中国交建,False
2019-03-01,13.77,13.97,13.65,13.84,322063.0,402256687.0,12.42,12.62,12.3,12.49,True,中国交建,False
2019-03-04,13.97,14.33,13.85,13.92,696348.0,875309436.0,12.62,12.98,12.5,12.57,True,中国交建,False
2019-03-05,13.9,14.32,13.69,14.1,563862.0,718924050.0,12.55,12.97,12.34,12.75,True,中国交建,False
2019-03-06,13.99,14.23,13.93,14.14,565429.0,723183691.0,12.64,12.88,12.58,12.79,True,中国交建,False
2019-03-07,14.1,14.44,13.97,14.2,657285.0,844611225.0,12.75,13.09,12.62,12.85,True,中国交建,False
2019-03-08,13.85,13.94,13.42,13.43,488569.0,590191352.0,12.5,12.59,12.07,12.08,True,中国交建,False
2019-03-11,13.42,13.67,13.37,13.59,378069.0,462756456.0,12.07,12.32,12.02,12.24,True,中国交建,False
2019-03-12,13.65,13.81,13.46,13.6,435555.0,533554875.0,12.3,12.46,12.11,12.25,True,中国交建,False
2019-03-13,13.6,13.79,13.4,13.69,440404.0,543458536.0,12.25,12.44,12.05,12.34,True,中国交建,False
2019-03-14,13.55,13.73,13.48,13.7,337293.0,416556855.0,12.2,12.38,12.13,12.35,True,中国交建,False
2019-03-15,13.67,13.97,13.61,13.84,413385.0,516317865.0,12.32,12.62,12.26,12.49,True,中国交建,False
2019-03-18,13.88,14.42,13.83,14.31,766347.0,993185712.0,12.53,13.07,12.48,12.96,True,中国交建,False
2019-03-19,14.4,14.55,14.01,14.1,577086.0,735784650.0,13.05,13.2,12.66,12.75,True,中国交建,False
2019-03-20,14.05,14.21,13.85,14.01,336646.0,426193836.0,12.7,12.86,12.5,12.66,True,中国交建,False
2019-03-21,14.2,14.33,14.0,14.03,368642.0,467438056.0,12.85,12.98,12.65,12.68,True,中国交建,False
2019-03-22,14.03,14.19,13.89,14.15,268574.0,343774720.0,12.68,12.84,12.54,12.8,True,中国交建,False
2019-03-25,14.11,14.31,14.01,14.18,469479.0,602341557.0,12.76,12.96,12.66,12.83,True,中国交建,False
2019-03-26,14.28,14.3,13.64,13.67,367667.0,452965744.0,12.93,12.95,12.29,12.32,True,中国交建,False
2019-03-27,13.76,13.79,13.45,13.57,264123.0,322758306.0,12.41,12.44,12.1,12.22,True,中国交建,False
2019-03-28,13.45,13.8,13.4,13.52,245607.0,298903719.0,12.1,12.45,12.05,12.17,True,中国交建,False
2019-03-29,13.55,13.86,13.46,13.86,389186.0,486871686.0,12.2,12.51,12.11,12.51,True,中国交建,False
2019-04-01,13.86,14.12,13.85,14.05,593802.0,754128540.0,12.51,12.77,12.5,12.7,True,中国交建,False
2019-04-02,14.09,14.14,13.95,14.0,444399.0,562164735.0,12.74,12.79,12.6,12.65,True,中国交建,False
2019-04-03,13.97,15.03,13.92,14.7,959035.0,1280311725.0,12.62,13.68,12.57,13.35,True,中国交建,False
2019-04-04,14.75,15.32,14.65,15.03,1171617.0,1602772056.0,13.4,13.97,13.3,13.68,True,中国交建,False
2019-04-08,15.13,15.86,14.95,15.47,1058800.0,1495025600.0,13.78,14.51,13.6,14.12,True,中国交建,False
2019-04-09,15.4,15.68,15.11,15.27,582230.0,810464160.0,14.05,14.33,13.76,13.92,True,中国交建,False
2019-04-10,15.12,15.55,15.1,15.47,656820.0,927429840.0,13.77,14.2,13.75,14.12,True,中国交建,False
2019-04-11,15.35,15.45,14.87,15.0,441731.0,602962815.0,14.0,14.1,13.52,13.65,True,中国交建,False
2019-04-12,15.0,16.03,14.75,15.55,679333.0,964652860.0,13.65,14.68,13.4,14.2,True,中国交建,False
2019-04-15,15.85,15.85,15.25,15.25,705449.0,980574110.0,14.5,14.5,13.9,13.9,True,中国交建,False
2019-04-16,15.15,15.55,15.05,15.54,541244.0,768025236.0,13.8,14.2,13.7,14.19,True,中国交建,False
2019-04-17,15.45,15.59,15.25,15.27,431842.0,601124064.0,14.1,14.24,13.9,13.92,True,中国交建,False
2019-04-18,15.28,15.43,15.1,15.26,337642.0,469660022.0,13.93,14.08,13.75,13.91,True,中国交建,False
2019-04-19,15.37,15.62,15.19,15.5,480331.0,679668365.0,14.02,14.27,13.84,14.15,True,中国交建,False
2019-04-22,15.68,15.75,15.06,15.14,443690.0,611848510.0,14.33,14.4,13.71,13.79,True,中国交建,False
2019-04-23,15.09,15.1,14.58,14.66,521668.0,694340108.0,13.74,13.75,13.23,13.31,True,中国交建,False
2019-04-24,14.75,14.79,14.52,14.76,268692.0,360315972.0,13.4,13.44,13.17,13.41,True,中国交建,False
2019-04-25,14.74,14.74,14.06,14.07,466318.0,593156496.0,13.39,13.39,12.71,12.72,True,中国交建,False
2019-04-26,14.0,14.2,13.78,13.79,330653.0,411332332.0,12.65,12.85,12.43,12.44,True,中国交建,False
2019-04-29,13.8,13.91,13.59,13.64,274144.0,336922976.0,12.45,12.56,12.24,12.29,True,中国交建,False
2019-04-30,13.7,13.75,13.58,13.67,234751.0,289213232.0,12.35,12.4,12.23,12.32,True,中国交建,False
2019-05-06,13.15,13.3,12.44,12.46,551960.0,613227560.0,11.8,11.95,11.09,11.11,True,中国交建,False
2019-05-07,12.56,12.82,12.45,12.77,378456.0,432196752.0,11.21,11.47,11.1,11.42,True,中国交建,False
2019-05-08,12.51,12.92,12.46,12.78,262687.0,300251241.0,11.16,11.57,11.11,11.43,True,中国交建,False
2019-05-09,12.65,12.9,12.6,12.68,220239.0,249530787.0,11.3,11.55,11.25,11.33,True,中国交建,False
2019-05-10,12.83,12.94,12.49,12.89,303703.0,350473262.0,11.48,11.59,11.14,11.54,True,中国交建,False
2019-05-13,12.88,12.89,12.7,12.75,157497.0,179546580.0,11.53,11.54,11.35,11.4,True,中国交建,False
2019-05-14,12.58,12.83,12.58,12.67,202912.0,229696384.0,11.23,11.48,11.23,11.32,True,中国交建,False
2019-05-15,12.73,12.82,12.7,12.78,191297.0,218652471.0,11.38,11.47,11.35,11.43,True,中国交建,False
2019-05-16,12.8,12.87,12.69,12.82,222575.0,255293525.0,11.45,11.52,11.34,11.47,True,中国交建,False
2019-05-17,12.82,12.82,12.43,12.51,267587.0,298627092.0,11.47,11.47,11.08,11.16,True,中国交建,False
2019-05-20,12.5,12.6,12.38,12.46,147420.0,163783620.0,11.15,11.25,11.03,11.11,True,中国交建,False
2019-05-21,12.49,12.6,12.45,12.53,142261.0,159047798.0,11.14,11.25,11.1,11.18,True,中国交建,False
2019-05-22,12.54,12.54,12.25,12.28,242419.0,264963967.0,11.19,11.19,10.9,10.93,True,中国交建,False
2019-05-23,12.24,12.44,12.11,12.31,190671.0,208975416.00000003,10.89,11.09,10.76,10.96,True,中国交建,False
2019-05-24,12.25,12.4,12.21,12.3,99647.0,109113465.0,10.9,11.05,10.86,10.95,True,中国交建,False
2019-05-27,12.29,12.48,12.24,12.43,130855.0,144987340.0,10.94,11.13,10.89,11.08,True,中国交建,False
2019-05-28,12.43,12.51,12.36,12.48,164185.0,182737905.0,11.08,11.16,11.01,11.13,True,中国交建,False
2019-05-29,12.42,12.46,12.36,12.39,115658.0,127686432.0,11.07,11.11,11.01,11.04,True,中国交建,False
2019-05-30,12.35,12.35,12.21,12.28,128600.0,140559800.0,11.0,11.0,10.86,10.93,True,中国交建,False
2019-05-31,12.27,12.36,12.25,12.27,96865.0,105776580.0,10.92,11.01,10.9,10.92,True,中国交建,False
2019-06-03,12.31,12.4,12.18,12.26,111960.0,122148360.0,10.96,11.05,10.83,10.91,True,中国交建,False
2019-06-04,12.3,12.31,12.16,12.22,92442.0,100484454.0,10.95,10.96,10.81,10.87,True,中国交建,False
2019-06-05,12.29,12.4,12.24,12.3,130029.0,142381755.0,10.94,11.05,10.89,10.95,True,中国交建,False
2019-06-06,12.29,12.32,12.15,12.18,122999.0,133207917.0,10.94,10.97,10.8,10.83,True,中国交建,False
2019-06-10,12.24,12.32,12.19,12.28,108681.0,118788333.0,10.89,10.97,10.84,10.93,True,中国交建,False
2019-06-11,12.85,13.13,12.74,12.85,498391.0,573149650.0,11.5,11.78,11.39,11.5,True,中国交建,False
2019-06-12,12.78,12.95,12.66,12.67,295114.0,334069048.0,11.43,11.6,11.31,11.32,True,中国交建,False
2019-06-13,12.65,12.68,12.41,12.55,224766.0,251737920.0,11.3,11.33,11.06,11.2,True,中国交建,False
2019-06-14,12.54,12.58,12.36,12.4,199256.0,220177880.0,11.19,11.23,11.01,11.05,True,中国交建,False
2019-06-17,12.35,12.5,12.35,12.45,119322.0,132447420.0,11.0,11.15,11.0,11.1,True,中国交建,False
2019-06-18,12.42,12.45,12.33,12.38,104278.0,115018634.0,11.07,11.1,10.98,11.03,True,中国交建,False
2019-06-19,12.61,12.67,12.45,12.48,216762.0,241256106.00000003,11.26,11.32,11.1,11.13,True,中国交建,False
2019-06-20,12.47,12.76,12.42,12.71,321871.0,365645456.0,11.12,11.41,11.07,11.36,True,中国交建,False
2019-06-21,12.71,12.76,12.62,12.71,266831.0,303120016.0,11.36,11.41,11.27,11.36,True,中国交建,False
2019-06-24,12.68,12.72,12.58,12.62,153875.0,173417125.0,11.33,11.37,11.23,11.27,True,中国交建,False
2019-06-25,12.59,12.66,12.46,12.51,150616.0,168087456.0,11.24,11.31,11.11,11.16,True,中国交建,False
2019-06-26,12.49,12.57,12.44,12.56,86419.0,96875699.0,11.14,11.22,11.09,11.21,True,中国交建,False
2019-06-27,12.57,12.67,12.56,12.64,139392.0,157373568.0,11.22,11.32,11.21,11.29,True,中国交建,False
2019-06-28,12.62,12.69,12.51,12.67,109842.0,124341144.0,11.27,11.34,11.16,11.32,True,中国交建,False
2019-07-01,12.84,12.89,12.7,12.82,313919.0,360065093.0,11.49,11.54,11.35,11.47,True,中国交建,False
2019-07-02,12.8,12.8,12.7,12.74,167039.0,190257421.0,11.45,11.45,11.35,11.39,True,中国交建,False
2019-07-03,12.71,12.85,12.65,12.78,157367.0,179870481.0,11.36,11.5,11.3,11.43,True,中国交建,False
2019-07-04,12.79,13.08,12.78,12.91,369850.0,427546600.0,11.44,11.73,11.43,11.56,True,中国交建,False
2019-07-05,12.901,12.901,12.771,12.831,140797.0,158396625.0,11.32,11.32,11.19,11.25,True,中国交建,False
2019-07-08,12.771,12.771,12.501,12.541,188875.0,207007000.00000003,11.19,11.19,10.92,10.96,True,中国交建,False
2019-07-09,12.511,12.581,12.441,12.521,92508.0,101203752.0,10.93,11.0,10.86,10.94,True,中国交建,False
2019-07-10,12.541,12.551,12.401,12.441,95213.0,103401318.0,10.96,10.97,10.82,10.86,True,中国交建,False
2019-07-11,12.491,12.541,12.401,12.421,69336.0,75160224.0,10.91,10.96,10.82,10.84,True,中国交建,False
2019-07-12,12.421,12.591,12.411,12.511,103898.0,113560514.0,10.84,11.01,10.83,10.93,True,中国交建,False
2019-07-15,12.431,12.671,12.321,12.651,144899.0,160403193.0,10.85,11.09,10.74,11.07,True,中国交建,False
2019-07-16,12.631,12.711,12.581,12.671,78769.0,87354821.0,11.05,11.13,11.0,11.09,True,中国交建,False
2019-07-17,12.661,12.751,12.591,12.661,81561.0,90369588.0,11.08,11.17,11.01,11.08,True,中国交建,False
2019-07-18,12.631,12.661,12.511,12.551,73686.0,80833542.0,11.05,11.08,10.93,10.97,True,中国交建,False
2019-07-19,12.571,12.711,12.571,12.651,128957.0,142755399.0,10.99,11.13,10.99,11.07,True,中国交建,False
2019-07-22,12.631,12.731,12.441,12.581,107830.0,118613000.0,11.05,11.15,10.86,11.0,True,中国交建,False
2019-07-23,12.581,12.841,12.561,12.791,252881.0,283479601.0,11.0,11.26,10.98,11.21,True,中国交建,False
2019-07-24,12.821,12.941,12.781,12.821,153342.0,172356408.0,11.24,11.36,11.2,11.24,True,中国交建,False
2019-07-25,12.811,12.861,12.741,12.791,112609.0,126234689.0,11.23,11.28,11.16,11.21,True,中国交建,False
2019-07-26,12.741,12.841,12.711,12.791,98610.0,110541810.0,11.16,11.26,11.13,11.21,True,中国交建,False
2019-07-29,12.781,12.801,12.681,12.701,88325.0,98217400.0,11.2,11.22,11.1,11.12,True,中国交建,False
2019-07-30,12.701,12.781,12.691,12.771,97253.0,108826107.0,11.12,11.2,11.11,11.19,True,中国交建,False
2019-07-31,12.701,12.721,12.501,12.541,152561.0,167206856.0,11.12,11.14,10.92,10.96,True,中国交建,False
2019-08-01,12.411,12.511,12.401,12.461,88478.0,96264064.0,10.83,10.93,10.82,10.88,True,中国交建,False
2019-08-02,12.361,12.371,12.221,12.291,113067.0,121094757.0,10.78,10.79,10.64,10.71,True,中国交建,False
2019-08-05,12.301,12.301,12.191,12.191,89390.0,94842790.0,10.72,10.72,10.61,10.61,True,中国交建,False
2019-08-06,12.031,12.051,11.791,11.931,151421.0,156720735.0,10.45,10.47,10.21,10.35,True,中国交建,False
2019-08-07,11.981,12.021,11.811,11.821,95686.0,97982464.0,10.4,10.44,10.23,10.24,True,中国交建,False
2019-08-08,11.861,11.931,11.841,11.871,66457.0,68384253.0,10.28,10.35,10.26,10.29,True,中国交建,False
2019-08-09,11.931,11.961,11.791,11.821,66963.0,68570112.0,10.35,10.38,10.21,10.24,True,中国交建,False
2019-08-12,11.841,11.891,11.801,11.881,58146.0,59890380.00000001,10.26,10.31,10.22,10.3,True,中国交建,False
2019-08-13,11.791,11.841,11.721,11.741,75856.0,77069696.0,10.21,10.26,10.14,10.16,True,中国交建,False
2019-08-14,11.841,11.861,11.741,11.751,91602.0,93159234.0,10.26,10.28,10.16,10.17,True,中国交建,False
2019-08-15,11.481,11.581,11.441,11.581,195936.0,195936000.0,9.9,10.0,9.86,10.0,True,中国交建,False
2019-08-16,11.551,11.651,11.501,11.551,142839.0,142410483.0,9.97,10.07,9.92,9.97,True,中国交建,False
2019-08-19,11.581,11.751,11.581,11.751,175386.0,178367562.0,10.0,10.17,10.0,10.17,True,中国交建,False
2019-08-20,11.751,11.951,11.711,11.781,197937.0,201895740.0,10.17,10.37,10.13,10.2,True,中国交建,False
2019-08-21,11.781,11.791,11.711,11.721,76316.0,77384424.0,10.2,10.21,10.13,10.14,True,中国交建,False
2019-08-22,11.761,11.761,11.641,11.691,81797.0,82696767.0,10.18,10.18,10.06,10.11,True,中国交建,False
2019-08-23,11.681,11.711,11.621,11.641,76997.0,77458982.0,10.1,10.13,10.04,10.06,True,中国交建,False
2019-08-26,11.471,11.581,11.431,11.551,92334.0,92056998.0,9.89,10.0,9.85,9.97,True,中国交建,False
2019-08-27,11.591,11.751,11.591,11.751,139212.0,141578604.0,10.01,10.17,10.01,10.17,True,中国交建,False
2019-08-28,11.741,11.751,11.641,11.651,90479.0,91112353.0,10.16,10.17,10.06,10.07,True,中国交建,False
2019-08-29,11.631,11.671,11.531,11.561,98491.0,98294018.0,10.05,10.09,9.95,9.98,True,中国交建,False
2019-08-30,11.621,11.661,11.511,11.561,90117.0,89936766.0,10.04,10.08,9.93,9.98,True,中国交建,False
2019-09-02,11.571,11.851,11.571,11.801,196293.0,200611446.0,9.99,10.27,9.99,10.22,True,中国交建,False
2019-09-03,11.851,12.131,11.741,12.131,298352.0,314761360.0,10.27,10.55,10.16,10.55,True,中国交建,False
2019-09-04,12.111,12.771,12.061,12.561,658669.0,723218562.0,10.53,11.19,10.48,10.98,True,中国交建,False
2019-09-05,12.791,12.811,12.381,12.401,556917.0,602584194.0,11.21,11.23,10.8,10.82,True,中国交建,False
2019-09-06,12.391,12.441,12.191,12.281,290479.0,310812530.0,10.81,10.86,10.61,10.7,True,中国交建,False
2019-09-09,12.361,12.421,12.261,12.331,192372.0,206799900.0,10.78,10.84,10.68,10.75,True,中国交建,False
2019-09-10,12.351,12.351,12.231,12.271,133315.0,142513735.0,10.77,10.77,10.65,10.69,True,中国交建,False
2019-09-11,12.321,12.361,12.241,12.291,162543.0,174083553.0,10.74,10.78,10.66,10.71,True,中国交建,False
2019-09-12,12.321,12.411,12.261,12.381,175771.0,189832680.0,10.74,10.83,10.68,10.8,True,中国交建,False
2019-09-16,12.381,12.391,12.111,12.151,249278.0,263486846.0,10.8,10.81,10.53,10.57,True,中国交建,False
2019-09-17,12.101,12.141,11.911,11.921,161586.0,167079924.0,10.52,10.56,10.33,10.34,True,中国交建,False
2019-09-18,11.971,12.151,11.931,12.121,189583.0,199820482.0,10.39,10.57,10.35,10.54,True,中国交建,False
2019-09-19,12.131,12.281,12.041,12.271,175729.0,187854301.0,10.55,10.7,10.46,10.69,True,中国交建,False
2019-09-20,12.551,12.551,12.231,12.281,309137.0,330776590.0,10.97,10.97,10.65,10.7,True,中国交建,False
2019-09-23,12.171,12.271,11.851,11.921,219403.0,226862702.0,10.59,10.69,10.27,10.34,True,中国交建,False
2019-09-24,11.911,11.951,11.821,11.861,122281.0,125704868.0,10.33,10.37,10.24,10.28,True,中国交建,False
2019-09-25,11.791,11.831,11.751,11.771,98489.0,100360291.0,10.21,10.25,10.17,10.19,True,中国交建,False
2019-09-26,11.781,11.831,11.681,11.681,118566.0,119751660.0,10.2,10.25,10.1,10.1,True,中国交建,False
2019-09-27,11.721,11.751,11.641,11.721,89928.0,91186992.0,10.14,10.17,10.06,10.14,True,中国交建,False
2019-09-30,11.691,11.781,11.681,11.691,78094.0,78953034.0,10.11,10.2,10.1,10.11,True,中国交建,False
2019-10-08,11.691,11.811,11.681,11.681,104545.0,105590450.0,10.11,10.23,10.1,10.1,True,中国交建,False
2019-10-09,11.611,11.731,11.601,11.701,79607.0,80562284.0,10.03,10.15,10.02,10.12,True,中国交建,False
2019-10-10,11.711,11.731,11.651,11.711,105310.0,106679030.0,10.13,10.15,10.07,10.13,True,中国交建,False
2019-10-11,11.681,11.801,11.651,11.761,142043.0,144599774.0,10.1,10.22,10.07,10.18,True,中国交建,False
2019-10-14,11.811,11.941,11.761,11.821,230992.0,236535808.0,10.23,10.36,10.18,10.24,True,中国交建,False
2019-10-15,11.821,11.881,11.681,11.701,150387.0,152191644.0,10.24,10.3,10.1,10.12,True,中国交建,False
2019-10-16,11.751,11.911,11.651,11.721,164206.0,166504884.0,10.17,10.33,10.07,10.14,True,中国交建,False
2019-10-17,11.721,11.811,11.661,11.711,133444.0,135178772.0,10.14,10.23,10.08,10.13,True,中国交建,False
2019-10-18,11.701,11.711,11.511,11.531,185209.0,184282955.0,10.12,10.13,9.93,9.95,True,中国交建,False
2019-10-21,11.521,11.561,11.461,11.521,125535.0,124781790.0,9.94,9.98,9.88,9.94,True,中国交建,False
2019-10-22,11.531,11.541,11.451,11.511,134200.0,133260600.0,9.95,9.96,9.87,9.93,True,中国交建,False
2019-10-23,11.511,11.571,11.471,11.501,128422.0,127394624.0,9.93,9.99,9.89,9.92,True,中国交建,False
2019-10-24,11.511,11.531,11.461,11.471,97838.0,96761782.0,9.93,9.95,9.88,9.89,True,中国交建,False
2019-10-25,11.491,11.501,11.421,11.481,128121.0,126839790.0,9.91,9.92,9.84,9.9,True,中国交建,False
2019-10-28,11.491,11.531,11.461,11.521,146522.0,145642868.0,9.91,9.95,9.88,9.94,True,中国交建,False
2019-10-29,11.521,11.521,11.331,11.351,211162.0,206305274.0,9.94,9.94,9.75,9.77,True,中国交建,False
2019-10-30,11.341,11.371,11.061,11.101,235701.0,224387352.0,9.76,9.79,9.48,9.52,True,中国交建,False
2019-10-31,11.101,11.141,10.931,10.991,176604.0,166184364.0,9.52,9.56,9.35,9.41,True,中国交建,False
2019-11-01,10.991,11.081,10.911,11.041,186293.0,176233178.00000003,9.41,9.5,9.33,9.46,True,中国交建,False
2019-11-04,11.061,11.071,10.941,11.031,246121.0,232584345.0,9.48,9.49,9.36,9.45,True,中国交建,False
2019-11-05,11.031,11.181,10.971,11.061,343186.0,325340328.0,9.45,9.6,9.39,9.48,True,中国交建,False
2019-11-06,11.071,11.071,10.851,10.901,295605.0,275503860.0,9.49,9.49,9.27,9.32,True,中国交建,False
2019-11-07,10.891,10.891,10.711,10.741,267842.0,245343272.0,9.31,9.31,9.13,9.16,True,中国交建,False
2019-11-08,10.771,10.791,10.601,10.701,293274.0,267465888.0,9.19,9.21,9.02,9.12,True,中国交建,False
2019-11-11,10.631,10.641,10.391,10.401,251492.0,221815944.0,9.05,9.06,8.81,8.82,True,中国交建,False
2019-11-12,10.401,10.421,10.261,10.391,217629.0,191731149.0,8.82,8.84,8.68,8.81,True,中国交建,False
2019-11-13,10.351,10.351,10.191,10.191,230521.0,198478581.0,8.77,8.77,8.61,8.61,True,中国交建,False
2019-11-14,10.251,10.361,10.171,10.191,319504.0,275092944.0,8.67,8.78,8.59,8.61,True,中国交建,False
2019-11-15,10.111,10.121,9.871,9.971,440081.0,369227959.0,8.53,8.54,8.29,8.39,True,中国交建,False
2019-11-18,9.911,10.121,9.841,10.051,409090.0,346499230.0,8.33,8.54,8.26,8.47,True,中国交建,False
2019-11-19,10.051,10.151,10.001,10.151,256002.0,219393714.0,8.47,8.57,8.42,8.57,True,中国交建,False
2019-11-20,10.131,10.131,9.941,9.951,210162.0,175905593.99999997,8.55,8.55,8.36,8.37,True,中国交建,False
2019-11-21,9.911,10.001,9.871,10.001,174584.0,146999728.0,8.33,8.42,8.29,8.42,True,中国交建,False
2019-11-22,10.001,10.551,9.921,10.281,676891.0,588895170.0,8.42,8.97,8.34,8.7,True,中国交建,False
2019-11-25,10.261,10.951,10.251,10.841,1171228.0,1084557128.0,8.68,9.37,8.67,9.26,True,中国交建,False
2019-11-26,10.781,10.781,10.611,10.631,506225.0,458133625.00000006,9.2,9.2,9.03,9.05,True,中国交建,False
2019-11-27,10.611,10.711,10.491,10.521,456917.0,408483798.0,9.03,9.13,8.91,8.94,True,中国交建,False
2019-11-28,10.561,10.941,10.541,10.691,747437.0,680915107.0,8.98,9.36,8.96,9.11,True,中国交建,False
2019-11-29,10.591,10.701,10.501,10.581,356733.0,321059700.0,9.01,9.12,8.92,9.0,True,中国交建,False
2019-12-02,10.561,10.631,10.411,10.481,296198.0,263616220.0,8.98,9.05,8.83,8.9,True,中国交建,False
2019-12-03,10.401,10.551,10.281,10.451,309668.0,274675516.0,8.82,8.97,8.7,8.87,True,中国交建,False
2019-12-04,10.381,10.461,10.301,10.421,221616.0,195908544.0,8.8,8.88,8.72,8.84,True,中国交建,False
2019-12-05,10.381,10.491,10.341,10.401,229685.0,202582170.0,8.8,8.91,8.76,8.82,True,中国交建,False
2019-12-06,10.381,10.411,10.351,10.411,179468.0,158470244.0,8.8,8.83,8.77,8.83,True,中国交建,False
2019-12-09,10.451,10.721,10.381,10.691,460813.0,419800643.0,8.87,9.14,8.8,9.11,True,中国交建,False
2019-12-10,10.661,10.681,10.541,10.571,260057.0,233791243.0,9.08,9.1,8.96,8.99,True,中国交建,False
2019-12-11,10.581,10.661,10.511,10.541,238219.0,213444224.00000003,9.0,9.08,8.93,8.96,True,中国交建,False
2019-12-12,10.541,10.561,10.421,10.461,250855.0,222759240.00000003,8.96,8.98,8.84,8.88,True,中国交建,False
2019-12-13,10.531,10.581,10.471,10.561,401294.0,360362012.0,8.95,9.0,8.89,8.98,True,中国交建,False
2019-12-16,10.561,10.651,10.511,10.641,341337.0,309251322.0,8.98,9.07,8.93,9.06,True,中国交建,False
2019-12-17,10.631,10.921,10.601,10.811,581506.0,536730038.0,9.05,9.34,9.02,9.23,True,中国交建,False
2019-12-18,10.801,10.831,10.671,10.691,392742.0,357787962.0,9.22,9.25,9.09,9.11,True,中国交建,False
2019-12-19,10.741,10.831,10.701,10.751,362137.0,332079629.0,9.16,9.25,9.12,9.17,True,中国交建,False
2019-12-20,10.741,10.801,10.571,10.571,405740.0,364760260.0,9.16,9.22,8.99,8.99,True,中国交建,False
2019-12-23,10.591,10.611,10.321,10.331,390319.0,341529125.0,9.01,9.03,8.74,8.75,True,中国交建,False
2019-12-24,10.331,10.371,10.281,10.341,235589.0,206375964.0,8.75,8.79,8.7,8.76,True,中国交建,False
2019-12-25,10.311,10.361,10.191,10.251,351309.0,304584903.0,8.73,8.78,8.61,8.67,True,中国交建,False
2019-12-26,10.241,10.411,10.221,10.321,316209.0,276366666.0,8.66,8.83,8.64,8.74,True,中国交建,False
2019-12-27,10.341,10.411,10.231,10.231,410569.0,355142185.0,8.76,8.83,8.65,8.65,True,中国交建,False
2019-12-30,10.241,10.431,10.231,10.431,358067.0,316889295.0,8.66,8.85,8.65,8.85,True,中国交建,False
2019-12-31,10.431,10.741,10.431,10.741,650601.0,595950516.0,8.85,9.16,8.85,9.16,True,中国交建,False
2020-01-02,10.811,11.261,10.791,10.951,1416953.0,1327684961.0,9.23,9.68,9.21,9.37,True,中国交建,False
2020-01-03,10.981,11.101,10.851,10.921,868372.0,811059448.0,9.4,9.52,9.27,9.34,True,中国交建,False
2020-01-06,10.861,10.921,10.761,10.781,913893.0,840781559.9999999,9.28,9.34,9.18,9.2,True,中国交建,False
2020-01-07,10.801,10.821,10.731,10.791,549200.0,505813200.00000006,9.22,9.24,9.15,9.21,True,中国交建,False
2020-01-08,10.741,10.761,10.601,10.641,529010.0,479283060.0,9.16,9.18,9.02,9.06,True,中国交建,False
2020-01-09,10.731,10.741,10.641,10.711,406869.0,371471397.00000006,9.15,9.16,9.06,9.13,True,中国交建,False
2020-01-10,10.731,10.731,10.601,10.641,315184.0,285556704.0,9.15,9.15,9.02,9.06,True,中国交建,False
2020-01-13,10.651,10.701,10.591,10.681,418479.0,380815890.0,9.07,9.12,9.01,9.1,True,中国交建,False
2020-01-14,10.691,10.741,10.641,10.661,450247.0,408824276.0,9.11,9.16,9.06,9.08,True,中国交建,False
2020-01-15,10.671,10.681,10.441,10.441,576349.0,510645214.0,9.09,9.1,8.86,8.86,True,中国交建,False
2020-01-16,10.421,10.471,10.341,10.351,410331.0,359860287.0,8.84,8.89,8.76,8.77,True,中国交建,False
2020-01-17,10.361,10.431,10.331,10.361,256808.0,225477424.0,8.78,8.85,8.75,8.78,True,中国交建,False
2020-01-20,10.371,10.511,10.321,10.511,263925.0,235685025.0,8.79,8.93,8.74,8.93,True,中国交建,False
2020-01-21,10.511,10.521,10.281,10.311,348187.0,303967251.0,8.93,8.94,8.7,8.73,True,中国交建,False
2020-01-22,10.281,10.311,10.151,10.261,269847.0,234227196.0,8.7,8.73,8.57,8.68,True,中国交建,False
2020-01-23,10.201,10.241,9.931,9.981,430019.0,361215960.0,8.62,8.66,8.35,8.4,True,中国交建,False
2020-02-03,9.141,9.241,9.141,9.141,378915.0,286459740.0,7.56,7.66,7.56,7.56,True,中国交建,False
2020-02-04,8.891,9.191,8.891,9.071,435863.0,326461387.0,7.31,7.61,7.31,7.49,True,中国交建,False
2020-02-05,9.101,9.281,9.071,9.141,396406.0,299682936.0,7.52,7.7,7.49,7.56,True,中国交建,False
2020-02-06,9.181,9.271,9.091,9.221,394521.0,301414044.0,7.6,7.69,7.51,7.64,True,中国交建,False
2020-02-07,9.171,9.191,9.091,9.181,349369.0,265520440.0,7.59,7.61,7.51,7.6,True,中国交建,False
2020-02-10,9.131,9.441,9.121,9.391,436492.0,340900252.0,7.55,7.86,7.54,7.81,True,中国交建,False
2020-02-11,9.441,9.601,9.391,9.401,510643.0,399322826.0,7.86,8.02,7.81,7.82,True,中国交建,False
2020-02-12,9.381,9.481,9.351,9.461,301648.0,237698624.0,7.8,7.9,7.77,7.88,True,中国交建,False
2020-02-13,9.481,9.621,9.431,9.481,420530.0,332218700.0,7.9,8.04,7.85,7.9,True,中国交建,False
2020-02-14,9.471,9.551,9.421,9.541,326335.0,259762660.0,7.89,7.97,7.84,7.96,True,中国交建,False
2020-02-17,9.541,9.681,9.531,9.671,404177.0,326979193.0,7.96,8.1,7.95,8.09,True,中国交建,False
2020-02-18,9.681,9.721,9.551,9.581,507522.0,406017600.0,8.1,8.14,7.97,8.0,True,中国交建,False
2020-02-19,9.571,9.731,9.521,9.581,548848.0,439078400.0,7.99,8.15,7.94,8.0,True,中国交建,False
2020-02-20,9.541,9.661,9.471,9.651,673803.0,543759021.0,7.96,8.08,7.89,8.07,True,中国交建,False
2020-02-21,9.641,9.681,9.581,9.611,530202.0,425752206.0,8.06,8.1,8.0,8.03,True,中国交建,False
2020-02-24,9.631,9.641,9.491,9.541,504284.0,401410064.0,8.05,8.06,7.91,7.96,True,中国交建,False
2020-02-25,9.381,9.421,9.211,9.331,607780.0,471029500.0,7.8,7.84,7.63,7.75,True,中国交建,False
2020-02-26,9.231,10.111,9.211,10.101,2496097.0,2126674644.0,7.65,8.53,7.63,8.52,True,中国交建,False
2020-02-27,10.081,10.121,9.821,9.961,1670600.0,1399962800.0000002,8.5,8.54,8.24,8.38,True,中国交建,False
2020-02-28,9.781,10.561,9.691,10.311,2222989.0,1940669397.0,8.2,8.98,8.11,8.73,True,中国交建,False
2020-03-02,10.541,11.181,10.531,11.181,1837825.0,1764312000.0,8.96,9.6,8.95,9.6,True,中国交建,False
2020-03-03,11.811,11.831,11.111,11.631,3297439.0,3313926195.0,10.23,10.25,9.53,10.05,True,中国交建,False
2020-03-04,11.431,11.951,11.381,11.881,2092324.0,2155093720.0,9.85,10.37,9.8,10.3,True,中国交建,False
2020-03-05,11.841,11.841,11.541,11.591,1643190.0,1644833190.0,10.26,10.26,9.96,10.01,True,中国交建,False
2020-03-06,11.411,11.481,11.031,11.071,1683515.0,1597655735.0,9.83,9.9,9.45,9.49,True,中国交建,False
2020-03-09,10.801,10.931,10.631,10.791,1202027.0,1107066867.0,9.22,9.35,9.05,9.21,True,中国交建,False
2020-03-10,10.731,11.121,10.701,11.091,1244179.0,1183214229.0,9.15,9.54,9.12,9.51,True,中国交建,False
2020-03-11,10.981,11.071,10.741,10.761,918139.0,842851602.0,9.4,9.49,9.16,9.18,True,中国交建,False
2020-03-12,10.611,10.891,10.471,10.741,826010.0,756625160.0,9.03,9.31,8.89,9.16,True,中国交建,False
2020-03-13,10.291,10.731,10.291,10.571,781512.0,702579288.0,8.71,9.15,8.71,8.99,True,中国交建,False
2020-03-16,10.591,10.861,10.381,10.381,905734.0,797045920.0000001,9.01,9.28,8.8,8.8,True,中国交建,False
2020-03-17,10.631,10.681,10.161,10.511,708422.0,632620846.0,9.05,9.1,8.58,8.93,True,中国交建,False
2020-03-18,10.561,10.831,10.291,10.341,860797.0,754058172.0,8.98,9.25,8.71,8.76,True,中国交建,False
2020-03-19,10.381,10.431,9.771,10.041,952048.0,805432608.0000001,8.8,8.85,8.19,8.46,True,中国交建,False
2020-03-20,10.111,10.221,9.961,10.161,709730.0,608948340.0,8.53,8.64,8.38,8.58,True,中国交建,False
2020-03-23,9.831,9.951,9.641,9.691,676143.0,548351973.0,8.25,8.37,8.06,8.11,True,中国交建,False
2020-03-24,9.831,9.871,9.581,9.771,662502.0,542589138.0,8.25,8.29,8.0,8.19,True,中国交建,False
2020-03-25,9.941,9.971,9.761,9.951,1030843.0,862815590.9999999,8.36,8.39,8.18,8.37,True,中国交建,False
2020-03-26,9.831,9.851,9.701,9.731,559307.0,455835205.0,8.25,8.27,8.12,8.15,True,中国交建,False
2020-03-27,9.841,10.211,9.731,9.971,1542829.0,1294433531.0,8.26,8.63,8.15,8.39,True,中国交建,False
2020-03-30,9.851,10.121,9.811,10.011,1255898.0,1058722014.0,8.27,8.54,8.23,8.43,True,中国交建,False
2020-03-31,10.061,10.061,9.781,9.841,947037.0,782252562.0,8.48,8.48,8.2,8.26,True,中国交建,False
2020-04-01,9.781,9.901,9.661,9.681,666206.0,539626860.0,8.2,8.32,8.08,8.1,True,中国交建,False
2020-04-02,9.601,9.771,9.581,9.771,645251.0,528460569.0,8.02,8.19,8.0,8.19,True,中国交建,False
2020-04-03,9.721,9.731,9.561,9.591,632093.0,506306493.0,8.14,8.15,7.98,8.01,True,中国交建,False
2020-04-07,9.741,9.861,9.641,9.831,904214.0,745976550.0,8.16,8.28,8.06,8.25,True,中国交建,False
2020-04-08,9.781,9.821,9.721,9.821,443958.0,365821392.0,8.2,8.24,8.14,8.24,True,中国交建,False
2020-04-09,9.851,9.971,9.781,9.781,608860.0,499265200.0,8.27,8.39,8.2,8.2,True,中国交建,False
2020-04-10,9.831,9.831,9.651,9.691,459495.0,372650445.0,8.25,8.25,8.07,8.11,True,中国交建,False
2020-04-13,9.631,9.771,9.611,9.681,351504.0,284718240.0,8.05,8.19,8.03,8.1,True,中国交建,False
2020-04-14,9.701,9.761,9.651,9.761,353354.0,289043572.0,8.12,8.18,8.07,8.18,True,中国交建,False
2020-04-15,9.751,9.771,9.661,9.661,386044.0,311923552.0,8.17,8.19,8.08,8.08,True,中国交建,False
2020-04-16,9.661,9.691,9.601,9.651,321387.0,259359309.0,8.08,8.11,8.02,8.07,True,中国交建,False
2020-04-17,9.681,10.081,9.671,9.931,1284086.0,1072211810.0,8.1,8.5,8.09,8.35,True,中国交建,False
2020-04-20,9.971,10.121,9.841,9.911,899815.0,749545895.0,8.39,8.54,8.26,8.33,True,中国交建,False
2020-04-21,9.841,9.901,9.701,9.871,674329.0,559018741.0,8.26,8.32,8.12,8.29,True,中国交建,False
2020-04-22,9.771,9.821,9.701,9.801,415993.0,341946246.0,8.19,8.24,8.12,8.22,True,中国交建,False
2020-04-23,9.811,9.821,9.701,9.701,392307.0,318553283.99999994,8.23,8.24,8.12,8.12,True,中国交建,False
2020-04-24,9.681,9.721,9.621,9.651,330358.0,266598906.0,8.1,8.14,8.04,8.07,True,中国交建,False
2020-04-27,9.661,9.731,9.641,9.661,236598.0,191171184.0,8.08,8.15,8.06,8.08,True,中国交建,False
2020-04-28,9.651,9.651,9.321,9.481,489749.0,386901710.0,8.07,8.07,7.74,7.9,True,中国交建,False
2020-04-29,9.431,9.511,9.381,9.471,233593.0,184304877.0,7.85,7.93,7.8,7.89,True,中国交建,False
2020-04-30,9.501,9.681,9.491,9.641,371585.0,299497510.0,7.92,8.1,7.91,8.06,True,中国交建,False
2020-05-06,9.881,10.131,9.881,9.971,1319099.0,1106724061.0,8.3,8.55,8.3,8.39,True,中国交建,False
2020-05-07,9.901,9.931,9.781,9.791,578245.0,474739145.00000006,8.32,8.35,8.2,8.21,True,中国交建,False
2020-05-08,9.811,9.841,9.731,9.781,509484.0,417776880.0,8.23,8.26,8.15,8.2,True,中国交建,False
2020-05-11,9.801,9.961,9.751,9.841,669531.0,553032606.0,8.22,8.38,8.17,8.26,True,中国交建,False
2020-05-12,9.821,9.821,9.681,9.741,411066.0,335429856.0,8.24,8.24,8.1,8.16,True,中国交建,False
2020-05-13,9.691,9.771,9.661,9.721,223339.0,181797946.0,8.11,8.19,8.08,8.14,True,中国交建,False
2020-05-14,9.691,9.691,9.601,9.611,355229.0,285248887.0,8.11,8.11,8.02,8.03,True,中国交建,False
2020-05-15,9.631,9.641,9.591,9.601,280530.0,224985060.0,8.05,8.06,8.01,8.02,True,中国交建,False
2020-05-18,9.731,9.751,9.641,9.651,342713.0,276569391.0,8.15,8.17,8.06,8.07,True,中国交建,False
2020-05-19,9.721,9.761,9.661,9.701,305566.0,248119592.0,8.14,8.18,8.08,8.12,True,中国交建,False
2020-05-20,9.671,9.691,9.601,9.611,295310.0,237133930.0,8.09,8.11,8.02,8.03,True,中国交建,False
2020-05-21,9.651,9.661,9.501,9.521,362573.0,287882962.0,8.07,8.08,7.92,7.94,True,中国交建,False
2020-05-22,9.521,9.551,9.331,9.351,450941.0,350381157.0,7.94,7.97,7.75,7.77,True,中国交建,False
2020-05-25,9.351,9.351,9.241,9.261,281466.0,216165888.0,7.77,7.77,7.66,7.68,True,中国交建,False
2020-05-26,9.281,9.341,9.271,9.331,216546.0,167823150.0,7.7,7.76,7.69,7.75,True,中国交建,False
2020-05-27,9.331,9.331,9.231,9.261,263445.0,202325760.0,7.75,7.75,7.65,7.68,True,中国交建,False
2020-05-28,9.281,9.331,9.211,9.281,212661.0,163748970.0,7.7,7.75,7.63,7.7,True,中国交建,False
2020-05-29,9.291,9.291,9.191,9.251,310371.0,238054557.0,7.71,7.71,7.61,7.67,True,中国交建,False
2020-06-01,9.251,9.371,9.231,9.361,460696.0,358421488.0,7.67,7.79,7.65,7.78,True,中国交建,False
2020-06-02,9.361,9.441,9.331,9.421,395252.0,309877568.0,7.78,7.86,7.75,7.84,True,中国交建,False
2020-06-03,9.441,9.451,9.341,9.351,339083.0,263467491.0,7.86,7.87,7.76,7.77,True,中国交建,False
2020-06-04,9.351,9.381,9.251,9.261,274364.0,210711552.0,7.77,7.8,7.67,7.68,True,中国交建,False
2020-06-05,9.271,9.321,9.211,9.311,193513.0,149585549.0,7.69,7.74,7.63,7.73,True,中国交建,False
2020-06-08,9.331,9.361,9.291,9.311,218381.0,168808513.0,7.75,7.78,7.71,7.73,True,中国交建,False
2020-06-09,9.321,9.361,9.291,9.351,216477.0,168202629.0,7.74,7.78,7.71,7.77,True,中国交建,False
2020-06-10,9.341,9.351,9.251,9.281,235159.0,181072430.0,7.76,7.77,7.67,7.7,True,中国交建,False
2020-06-11,9.291,9.301,9.231,9.231,257349.0,196871985.0,7.71,7.72,7.65,7.65,True,中国交建,False
2020-06-12,9.141,9.311,9.091,9.231,503292.0,385018380.0,7.56,7.73,7.51,7.65,True,中国交建,False
2020-06-15,9.211,9.311,9.201,9.241,288534.0,221017044.0,7.63,7.73,7.62,7.66,True,中国交建,False
2020-06-16,9.281,9.421,9.231,9.361,388425.0,302194650.0,7.7,7.84,7.65,7.78,True,中国交建,False
2020-06-17,9.351,9.411,9.311,9.351,214131.0,166379787.0,7.77,7.83,7.73,7.77,True,中国交建,False
2020-06-18,9.361,9.511,9.311,9.411,378197.0,296128251.0,7.78,7.93,7.73,7.83,True,中国交建,False
2020-06-19,9.411,9.431,9.361,9.411,278418.0,218001294.0,7.83,7.85,7.78,7.83,True,中国交建,False
2020-06-22,9.411,9.431,9.361,9.371,272923.0,212607017.0,7.83,7.85,7.78,7.79,True,中国交建,False
2020-06-23,9.384,9.384,9.304,9.314,216619.0,162464250.0,7.57,7.57,7.49,7.5,True,中国交建,False
2020-06-24,9.344,9.354,9.264,9.274,182389.0,136062194.0,7.53,7.54,7.45,7.46,True,中国交建,False
2020-06-29,9.214,9.244,9.124,9.144,283615.0,207889795.0,7.4,7.43,7.31,7.33,True,中国交建,False
2020-06-30,9.174,9.204,9.144,9.154,255902.0,187832068.0,7.36,7.39,7.33,7.34,True,中国交建,False
2020-07-01,9.174,9.384,9.134,9.374,606458.0,458482248.0,7.36,7.57,7.32,7.56,True,中国交建,False
2020-07-02,9.344,9.654,9.324,9.634,1030592.0,805922944.0,7.53,7.84,7.51,7.82,True,中国交建,False
2020-07-03,9.674,9.964,9.654,9.794,1215381.0,969874038.0,7.86,8.15,7.84,7.98,True,中国交建,False
2020-07-06,9.994,10.594,9.914,10.564,2094605.0,1832779375.0,8.18,8.78,8.1,8.75,True,中国交建,False
2020-07-07,10.714,11.004,10.364,10.384,1915648.0,1641710336.0,8.9,9.19,8.55,8.57,True,中国交建,False
2020-07-08,10.294,10.574,10.234,10.504,1643703.0,1428377907.0,8.48,8.76,8.42,8.69,True,中国交建,False
2020-07-09,10.514,10.644,10.364,10.584,1388166.0,1217421582.0,8.7,8.83,8.55,8.77,True,中国交建,False
2020-07-10,10.514,10.684,10.244,10.254,1251610.0,1056358840.0,8.7,8.87,8.43,8.44,True,中国交建,False
2020-07-13,10.214,10.564,10.164,10.444,1197185.0,1033170655.0,8.4,8.75,8.35,8.63,True,中国交建,False
2020-07-14,10.444,10.514,10.204,10.304,884825.0,751216425.0,8.63,8.7,8.39,8.49,True,中国交建,False
2020-07-15,10.344,10.384,9.994,10.014,896482.0,735115239.9999999,8.53,8.57,8.18,8.2,True,中国交建,False
2020-07-16,10.014,10.204,9.824,9.834,879447.0,705316494.0,8.2,8.39,8.01,8.02,True,中国交建,False
2020-07-17,9.894,9.924,9.804,9.854,529636.0,425827344.0,8.08,8.11,7.99,8.04,True,中国交建,False
2020-07-20,9.924,10.194,9.884,10.164,760215.0,634779525.0,8.11,8.38,8.07,8.35,True,中国交建,False
2020-07-21,10.154,10.214,10.054,10.084,512966.0,424222882.0,8.34,8.4,8.24,8.27,True,中国交建,False
2020-07-22,10.084,10.184,10.014,10.034,562295.0,462206490.00000006,8.27,8.37,8.2,8.22,True,中国交建,False
2020-07-23,9.974,10.034,9.804,10.014,616471.0,505506220.0,8.16,8.22,7.99,8.2,True,中国交建,False
2020-07-24,9.964,10.044,9.714,9.754,537427.0,426717038.0,8.15,8.23,7.9,7.94,True,中国交建,False
2020-07-27,9.784,9.804,9.624,9.664,314514.0,246893490.0,7.97,7.99,7.81,7.85,True,中国交建,False
2020-07-28,9.714,9.744,9.634,9.674,242654.0,190726044.0,7.9,7.93,7.82,7.86,True,中国交建,False
2020-07-29,9.644,9.774,9.584,9.764,356474.0,283396830.0,7.83,7.96,7.77,7.95,True,中国交建,False
2020-07-30,9.774,9.884,9.714,9.734,293141.0,232167672.0,7.96,8.07,7.9,7.92,True,中国交建,False
2020-07-31,9.714,9.824,9.664,9.714,343480.0,271349200.0,7.9,8.01,7.85,7.9,True,中国交建,False
2020-08-03,9.754,9.824,9.704,9.804,526674.0,420812526.0,7.94,8.01,7.89,7.99,True,中国交建,False
2020-08-04,9.834,10.064,9.754,9.974,880352.0,718367232.0,8.02,8.25,7.94,8.16,True,中国交建,False
2020-08-05,9.914,9.924,9.784,9.834,492725.0,395165450.0,8.1,8.11,7.97,8.02,True,中国交建,False
2020-08-06,9.834,9.874,9.714,9.784,407604.0,324860388.0,8.02,8.06,7.9,7.97,True,中国交建,False
2020-08-07,9.764,9.824,9.684,9.744,354039.0,280752927.0,7.95,8.01,7.87,7.93,True,中国交建,False
2020-08-10,9.794,10.384,9.764,10.274,1757947.0,1487223162.0000002,7.98,8.57,7.95,8.46,True,中国交建,False
2020-08-11,10.274,10.274,9.994,10.014,995938.0,816669159.9999999,8.46,8.46,8.18,8.2,True,中国交建,False
2020-08-12,10.014,10.264,9.984,10.134,943250.0,784784000.0,8.2,8.45,8.17,8.32,True,中国交建,False
2020-08-13,10.174,10.204,10.024,10.064,440587.0,363484275.0,8.36,8.39,8.21,8.25,True,中国交建,False
2020-08-14,10.064,10.104,9.914,10.074,561975.0,464191350.0,8.25,8.29,8.1,8.26,True,中国交建,False
2020-08-17,10.094,10.344,10.014,10.304,1154049.0,979787601.0,8.28,8.53,8.2,8.49,True,中国交建,False
2020-08-18,10.274,10.284,10.104,10.154,877765.0,732056010.0,8.46,8.47,8.29,8.34,True,中国交建,False
2020-08-19,10.114,10.244,10.014,10.104,676989.0,561223881.0,8.3,8.43,8.2,8.29,True,中国交建,False
2020-08-20,10.064,10.144,9.974,9.994,397854.0,325444572.0,8.25,8.33,8.16,8.18,True,中国交建,False
2020-08-21,10.024,10.064,9.954,10.004,276207.0,226213533.0,8.21,8.25,8.14,8.19,True,中国交建,False
2020-08-24,10.014,10.074,9.974,9.994,269216.0,220218688.0,8.2,8.26,8.16,8.18,True,中国交建,False
2020-08-25,10.014,10.044,9.924,9.944,266902.0,216991326.00000003,8.2,8.23,8.11,8.13,True,中国交建,False
2020-08-26,9.924,9.924,9.764,9.794,384182.0,306577236.0,8.11,8.11,7.95,7.98,True,中国交建,False
2020-08-27,9.734,9.804,9.714,9.764,231445.0,183998775.0,7.92,7.99,7.9,7.95,True,中国交建,False
2020-08-28,9.784,9.854,9.754,9.854,274449.0,220656996.0,7.97,8.04,7.94,8.04,True,中国交建,False
2020-08-31,9.864,9.934,9.764,9.764,443978.0,352962510.0,8.05,8.12,7.95,7.95,True,中国交建,False
2020-09-01,9.754,9.774,9.694,9.724,263794.0,208661054.0,7.94,7.96,7.88,7.91,True,中国交建,False
2020-09-02,9.714,9.734,9.624,9.694,288788.0,227564944.0,7.9,7.92,7.81,7.88,True,中国交建,False
2020-09-03,9.704,9.744,9.634,9.674,203660.0,160076760.0,7.89,7.93,7.82,7.86,True,中国交建,False
2020-09-04,9.604,9.634,9.574,9.624,197777.0,154463837.0,7.79,7.82,7.76,7.81,True,中国交建,False
2020-09-07,9.614,9.684,9.554,9.574,246304.0,191131904.0,7.8,7.87,7.74,7.76,True,中国交建,False
2020-09-08,9.574,9.664,9.574,9.654,208249.0,163267216.0,7.76,7.85,7.76,7.84,True,中国交建,False
2020-09-09,9.594,9.684,9.584,9.604,238149.0,185518071.0,7.78,7.87,7.77,7.79,True,中国交建,False
2020-09-10,9.644,9.684,9.364,9.404,296313.0,224901567.0,7.83,7.87,7.55,7.59,True,中国交建,False
2020-09-11,9.414,9.444,9.354,9.414,180879.0,137468040.0,7.6,7.63,7.54,7.6,True,中国交建,False
2020-09-14,9.464,9.484,9.384,9.414,148314.0,112718640.0,7.65,7.67,7.57,7.6,True,中国交建,False
2020-09-15,9.424,9.444,9.374,9.444,126450.0,96481350.0,7.61,7.63,7.56,7.63,True,中国交建,False
2020-09-16,9.434,9.544,9.394,9.494,206408.0,158521344.0,7.62,7.73,7.58,7.68,True,中国交建,False
2020-09-17,9.474,9.504,9.434,9.464,123031.0,94118715.0,7.66,7.69,7.62,7.65,True,中国交建,False
2020-09-18,9.484,9.654,9.454,9.624,295623.0,230881563.0,7.67,7.84,7.64,7.81,True,中国交建,False
2020-09-21,9.634,9.644,9.534,9.544,182201.0,140841373.0,7.82,7.83,7.72,7.73,True,中国交建,False
2020-09-22,9.484,9.534,9.424,9.434,180753.0,137733786.0,7.67,7.72,7.61,7.62,True,中国交建,False
2020-09-23,9.464,9.484,9.404,9.424,97178.0,73952458.0,7.65,7.67,7.59,7.61,True,中国交建,False
2020-09-24,9.394,9.414,9.304,9.304,182392.0,136611608.0,7.58,7.6,7.49,7.49,True,中国交建,False
2020-09-25,9.344,9.354,9.274,9.304,103898.0,77819602.0,7.53,7.54,7.46,7.49,True,中国交建,False
2020-09-28,9.344,9.344,9.284,9.314,100964.0,75723000.0,7.53,7.53,7.47,7.5,True,中国交建,False
2020-09-29,9.324,9.354,9.274,9.294,102351.0,76558548.0,7.51,7.54,7.46,7.48,True,中国交建,False
2020-09-30,9.334,9.334,9.234,9.244,116521.0,86575103.0,7.52,7.52,7.42,7.43,True,中国交建,False
2020-10-09,9.314,9.354,9.304,9.334,149273.0,112253296.0,7.5,7.54,7.49,7.52,True,中国交建,False
2020-10-12,9.334,9.504,9.334,9.484,251352.0,192786984.0,7.52,7.69,7.52,7.67,True,中国交建,False
2020-10-13,9.464,9.484,9.394,9.434,134479.0,102472998.0,7.65,7.67,7.58,7.62,True,中国交建,False
2020-10-14,9.434,9.454,9.344,9.364,147081.0,111046155.0,7.62,7.64,7.53,7.55,True,中国交建,False
2020-10-15,9.364,9.394,9.324,9.354,113358.0,85471932.0,7.55,7.58,7.51,7.54,True,中国交建,False
2020-10-16,9.344,9.394,9.334,9.344,101329.0,76300737.0,7.53,7.58,7.52,7.53,True,中国交建,False
2020-10-19,9.384,9.464,9.334,9.334,162432.0,122148864.0,7.57,7.65,7.52,7.52,True,中国交建,False
2020-10-20,9.314,9.344,9.264,9.334,131958.0,99232416.0,7.5,7.53,7.45,7.52,True,中国交建,False
2020-10-21,9.344,9.374,9.274,9.374,131523.0,99431388.0,7.53,7.56,7.46,7.56,True,中国交建,False
2020-10-22,9.404,9.404,9.314,9.344,125945.0,94836585.0,7.59,7.59,7.5,7.53,True,中国交建,False
2020-10-23,9.344,9.584,9.324,9.464,378930.0,289881450.0,7.53,7.77,7.51,7.65,True,中国交建,False
2020-10-26,9.564,9.604,9.374,9.414,263822.0,200504720.0,7.75,7.79,7.56,7.6,True,中国交建,False
2020-10-27,9.374,9.484,9.294,9.374,185978.0,140599368.0,7.56,7.67,7.48,7.56,True,中国交建,False
2020-10-28,9.324,9.354,9.294,9.344,117083.0,88163499.0,7.51,7.54,7.48,7.53,True,中国交建,False
2020-10-29,9.284,9.334,9.264,9.334,117284.0,88197568.0,7.47,7.52,7.45,7.52,True,中国交建,False
2020-10-30,9.344,9.364,9.194,9.204,195820.0,144710980.0,7.53,7.55,7.38,7.39,True,中国交建,False
2020-11-02,9.244,9.244,9.164,9.194,110149.0,81289962.0,7.43,7.43,7.35,7.38,True,中国交建,False
2020-11-03,9.214,9.304,9.204,9.294,127458.0,95338584.0,7.4,7.49,7.39,7.48,True,中国交建,False
2020-11-04,9.294,9.304,9.214,9.254,119691.0,89050104.0,7.48,7.49,7.4,7.44,True,中国交建,False
2020-11-05,9.274,9.344,9.264,9.344,186562.0,140481186.0,7.46,7.53,7.45,7.53,True,中国交建,False
2020-11-06,9.344,9.424,9.264,9.374,254510.0,192409560.0,7.53,7.61,7.45,7.56,True,中国交建,False
2020-11-09,9.414,9.474,9.384,9.454,310069.0,236892716.0,7.6,7.66,7.57,7.64,True,中国交建,False
2020-11-10,9.454,9.514,9.324,9.344,325786.0,245316858.0,7.64,7.7,7.51,7.53,True,中国交建,False
2020-11-11,9.344,9.854,9.314,9.764,1224752.0,973677840.0,7.53,8.04,7.5,7.95,True,中国交建,False
2020-11-12,9.654,9.654,9.494,9.564,610678.0,473275450.0,7.84,7.84,7.68,7.75,True,中国交建,False
2020-11-13,9.494,9.504,9.364,9.414,353912.0,268973120.0,7.68,7.69,7.55,7.6,True,中国交建,False
2020-11-16,9.424,9.604,9.384,9.584,500618.0,388980186.0,7.61,7.79,7.57,7.77,True,中国交建,False
2020-11-17,9.564,9.584,9.464,9.514,328325.0,252810250.0,7.75,7.77,7.65,7.7,True,中国交建,False
2020-11-18,9.504,9.724,9.434,9.604,554839.0,432219581.0,7.69,7.91,7.62,7.79,True,中国交建,False
2020-11-19,9.564,9.734,9.534,9.584,311127.0,241745679.0,7.75,7.92,7.72,7.77,True,中国交建,False
2020-11-20,9.534,9.584,9.474,9.554,244122.0,188950428.0,7.72,7.77,7.66,7.74,True,中国交建,False
2020-11-23,9.554,9.764,9.544,9.704,585107.0,461649423.0,7.74,7.95,7.73,7.89,True,中国交建,False
2020-11-24,9.704,9.744,9.634,9.714,347984.0,274907360.0,7.89,7.93,7.82,7.9,True,中国交建,False
2020-11-25,9.814,9.844,9.534,9.534,490216.0,378446752.0,8.0,8.03,7.72,7.72,True,中国交建,False
2020-11-26,9.514,9.574,9.494,9.534,229834.0,177431848.0,7.7,7.76,7.68,7.72,True,中国交建,False
2020-11-27,9.544,9.654,9.464,9.654,327691.0,256909744.0,7.73,7.84,7.65,7.84,True,中国交建,False
2020-11-30,9.674,9.904,9.674,9.734,888577.0,703752984.0,7.86,8.09,7.86,7.92,True,中国交建,False
2020-12-01,9.674,9.794,9.624,9.784,517638.0,412557486.0,7.86,7.98,7.81,7.97,True,中国交建,False
2020-12-02,9.774,9.864,9.704,9.804,506920.0,405029080.0,7.96,8.05,7.89,7.99,True,中国交建,False
2020-12-03,9.784,9.794,9.694,9.714,323735.0,255750650.0,7.97,7.98,7.88,7.9,True,中国交建,False
2020-12-04,9.714,9.714,9.574,9.604,331485.0,258226815.0,7.9,7.9,7.76,7.79,True,中国交建,False
2020-12-07,9.574,9.594,9.474,9.484,273037.0,209419379.0,7.76,7.78,7.66,7.67,True,中国交建,False
2020-12-08,9.484,9.504,9.434,9.454,183646.0,140305544.0,7.67,7.69,7.62,7.64,True,中国交建,False
2020-12-09,9.454,9.484,9.354,9.354,186141.0,140350314.0,7.64,7.67,7.54,7.54,True,中国交建,False
2020-12-10,9.384,9.414,9.334,9.394,133212.0,100974696.0,7.57,7.6,7.52,7.58,True,中国交建,False
2020-12-11,9.374,9.394,9.244,9.284,257752.0,192540744.0,7.56,7.58,7.43,7.47,True,中国交建,False
2020-12-14,9.304,9.324,9.244,9.294,116238.0,86946024.0,7.49,7.51,7.43,7.48,True,中国交建,False
2020-12-15,9.294,9.304,9.204,9.264,142079.0,105848855.0,7.48,7.49,7.39,7.45,True,中国交建,False
2020-12-16,9.234,9.274,9.194,9.204,190432.0,140729248.0,7.42,7.46,7.38,7.39,True,中国交建,False
2020-12-17,9.184,9.264,9.094,9.244,252926.0,187924018.0,7.37,7.45,7.28,7.43,True,中国交建,False
2020-12-18,9.224,9.414,9.204,9.224,369325.0,273669825.0,7.41,7.6,7.39,7.41,True,中国交建,False
2020-12-21,9.194,9.244,9.144,9.194,187026.0,138025188.0,7.38,7.43,7.33,7.38,True,中国交建,False
2020-12-22,9.174,9.184,8.984,8.994,403007.0,289359026.0,7.36,7.37,7.17,7.18,True,中国交建,False
2020-12-23,8.984,9.034,8.974,8.984,176206.0,126339702.0,7.17,7.22,7.16,7.17,True,中国交建,False
2020-12-24,8.984,9.044,8.934,9.004,173450.0,124710550.0,7.17,7.23,7.12,7.19,True,中国交建,False
2020-12-25,8.994,9.094,8.964,9.044,150204.0,108597492.0,7.18,7.28,7.15,7.23,True,中国交建,False
2020-12-28,9.004,9.024,8.954,8.964,156567.0,111945405.0,7.19,7.21,7.14,7.15,True,中国交建,False
2020-12-29,8.964,9.124,8.954,9.074,226092.0,164142792.0,7.15,7.31,7.14,7.26,True,中国交建,False
2020-12-30,9.074,9.074,8.994,9.024,137510.0,99144710.0,7.26,7.26,7.18,7.21,True,中国交建,False
2020-12-31,9.004,9.124,9.004,9.074,192768.0,139949568.0,7.19,7.31,7.19,7.26,True,中国交建,False
2021-01-04,9.044,9.064,8.974,9.014,286262.0,206108640.0,7.23,7.25,7.16,7.2,True,中国交建,False
2021-01-05,8.974,9.184,8.944,8.994,583160.0,418708880.0,7.16,7.37,7.13,7.18,True,中国交建,False
2021-01-06,8.994,9.324,8.984,9.224,701628.0,519906348.0,7.18,7.51,7.17,7.41,True,中国交建,False
2021-01-07,9.174,9.244,9.064,9.134,434598.0,318125736.0,7.36,7.43,7.25,7.32,True,中国交建,False
2021-01-08,9.114,9.204,9.044,9.094,249691.0,181775048.0,7.3,7.39,7.23,7.28,True,中国交建,False
2021-01-11,9.114,9.144,8.914,8.924,428198.0,304448778.0,7.3,7.33,7.1,7.11,True,中国交建,False
2021-01-12,8.934,9.094,8.924,9.034,328332.0,237055704.0,7.12,7.28,7.11,7.22,True,中国交建,False
2021-01-13,9.034,9.374,8.944,9.254,1001021.0,744759624.0,7.22,7.56,7.13,7.44,True,中国交建,False
2021-01-14,9.194,9.674,9.184,9.444,1090831.0,832304053.0,7.38,7.86,7.37,7.63,True,中国交建,False
2021-01-15,9.364,9.394,9.204,9.254,517660.0,385139040.0,7.55,7.58,7.39,7.44,True,中国交建,False
2021-01-18,9.214,9.304,9.174,9.234,345200.0,256138400.0,7.4,7.49,7.36,7.42,True,中国交建,False
2021-01-19,9.234,9.254,9.154,9.174,300551.0,221205536.0,7.42,7.44,7.34,7.36,True,中国交建,False
2021-01-20,9.174,9.214,9.114,9.134,272678.0,199600296.0,7.36,7.4,7.3,7.32,True,中国交建,False
2021-01-21,9.154,9.154,9.074,9.094,280329.0,204079512.0,7.34,7.34,7.26,7.28,True,中国交建,False
2021-01-22,9.104,9.104,8.964,8.974,331536.0,237379776.0,7.29,7.29,7.15,7.16,True,中国交建,False
2021-01-25,8.974,9.034,8.924,8.944,315370.0,224858810.0,7.16,7.22,7.11,7.13,True,中国交建,False
2021-01-26,8.944,9.024,8.924,8.964,186870.0,133612050.0,7.13,7.21,7.11,7.15,True,中国交建,False
2021-01-27,8.954,9.034,8.944,8.954,189651.0,135410814.0,7.14,7.22,7.13,7.14,True,中国交建,False
2021-01-28,8.924,8.924,8.814,8.834,275534.0,193424868.0,7.11,7.11,7.0,7.02,True,中国交建,False
2021-01-29,8.854,8.864,8.664,8.704,276125.0,190250125.0,7.04,7.05,6.85,6.89,True,中国交建,False
2021-02-01,8.724,8.754,8.664,8.704,166900.0,114994100.0,6.91,6.94,6.85,6.89,True,中国交建,False
2021-02-02,8.704,8.814,8.704,8.724,152455.0,105346405.0,6.89,7.0,6.89,6.91,True,中国交建,False
2021-02-03,8.724,8.734,8.544,8.564,216570.0,146184750.0,6.91,6.92,6.73,6.75,True,中国交建,False
2021-02-04,8.544,8.544,8.314,8.364,275816.0,180659480.0,6.73,6.73,6.5,6.55,True,中国交建,False
2021-02-05,8.344,8.434,8.334,8.354,150247.0,98261538.0,6.53,6.62,6.52,6.54,True,中国交建,False
2021-02-08,8.364,8.454,8.344,8.404,126353.0,83266627.0,6.55,6.64,6.53,6.59,True,中国交建,False
2021-02-09,8.404,8.504,8.394,8.474,125231.0,83403846.0,6.59,6.69,6.58,6.66,True,中国交建,False
2021-02-10,8.474,8.514,8.444,8.474,125997.0,83914002.0,6.66,6.7,6.63,6.66,True,中国交建,False
2021-02-18,8.584,8.644,8.544,8.604,190709.0,129491411.0,6.77,6.83,6.73,6.79,True,中国交建,False
2021-02-19,8.594,8.854,8.584,8.824,356772.0,250097172.0,6.78,7.04,6.77,7.01,True,中国交建,False
2021-02-22,8.864,9.014,8.814,8.854,467310.0,328986240.0,7.05,7.2,7.0,7.04,True,中国交建,False
2021-02-23,8.844,8.904,8.724,8.744,257994.0,178789842.0,7.03,7.09,6.91,6.93,True,中国交建,False
2021-02-24,8.754,8.794,8.634,8.734,237949.0,164660708.0,6.94,6.98,6.82,6.92,True,中国交建,False
2021-02-25,8.814,8.994,8.774,8.944,485793.0,346370409.0,7.0,7.18,6.96,7.13,True,中国交建,False
2021-02-26,8.824,8.904,8.754,8.824,329878.0,231244478.0,7.01,7.09,6.94,7.01,True,中国交建,False
2021-03-01,8.864,8.894,8.804,8.864,201073.0,141756465.0,7.05,7.08,6.99,7.05,True,中国交建,False
2021-03-02,8.874,8.874,8.764,8.784,175079.0,122030063.0,7.06,7.06,6.95,6.97,True,中国交建,False
2021-03-03,8.784,8.864,8.764,8.864,150450.0,106067250.0,6.97,7.05,6.95,7.05,True,中国交建,False
2021-03-04,8.834,8.934,8.824,8.854,186725.0,131454400.0,7.02,7.12,7.01,7.04,True,中国交建,False
2021-03-05,8.834,8.964,8.804,8.904,228067.0,161699503.0,7.02,7.15,6.99,7.09,True,中国交建,False
2021-03-08,8.904,8.934,8.814,8.814,204082.0,142857400.0,7.09,7.12,7.0,7.0,True,中国交建,False
2021-03-09,8.824,8.904,8.684,8.844,256299.0,180178197.0,7.01,7.09,6.87,7.03,True,中国交建,False
2021-03-10,8.844,8.864,8.714,8.714,200686.0,138473340.0,7.03,7.05,6.9,6.9,True,中国交建,False
2021-03-11,8.724,8.784,8.714,8.774,154195.0,107319720.0,6.91,6.97,6.9,6.96,True,中国交建,False
2021-03-12,8.784,9.044,8.744,8.954,481337.0,343674618.0,6.97,7.23,6.93,7.14,True,中国交建,False
2021-03-15,8.914,9.084,8.894,9.014,427606.0,307876320.0,7.1,7.27,7.08,7.2,True,中国交建,False
2021-03-16,9.054,9.094,8.954,9.044,249518.0,180401514.0,7.24,7.28,7.14,7.23,True,中国交建,False
2021-03-17,9.034,9.134,8.974,9.064,235942.0,171057950.0,7.22,7.32,7.16,7.25,True,中国交建,False
2021-03-18,9.024,9.104,9.004,9.004,206994.0,148828686.0,7.21,7.29,7.19,7.19,True,中国交建,False
2021-03-19,8.964,9.064,8.894,8.944,239245.0,170581685.0,7.15,7.25,7.08,7.13,True,中国交建,False
2021-03-22,8.914,9.084,8.894,9.004,237558.0,170804202.0,7.1,7.27,7.08,7.19,True,中国交建,False
2021-03-23,9.004,9.004,8.904,8.964,199998.0,142998570.0,7.19,7.19,7.09,7.15,True,中国交建,False
2021-03-24,8.934,8.954,8.814,8.844,199359.0,140149377.0,7.12,7.14,7.0,7.03,True,中国交建,False
2021-03-25,8.844,8.914,8.794,8.794,176406.0,123131388.0,7.03,7.1,6.98,6.98,True,中国交建,False
2021-03-26,8.794,8.854,8.774,8.794,200190.0,139732620.0,6.98,7.04,6.96,6.98,True,中国交建,False
2021-03-29,8.834,8.834,8.774,8.784,173276.0,120773372.0,7.02,7.02,6.96,6.97,True,中国交建,False
2021-03-30,8.774,8.794,8.674,8.704,223816.0,154209224.0,6.96,6.98,6.86,6.89,True,中国交建,False
2021-03-31,8.704,8.994,8.684,8.924,508531.0,361565541.0,6.89,7.18,6.87,7.11,True,中国交建,False
2021-04-01,8.884,9.064,8.874,9.054,511200.0,370108800.0,7.07,7.25,7.06,7.24,True,中国交建,False
2021-04-02,9.034,9.054,8.934,8.944,249156.0,177648228.0,7.22,7.24,7.12,7.13,True,中国交建,False
2021-04-06,8.954,9.004,8.914,8.954,177012.0,126386568.0,7.14,7.19,7.1,7.14,True,中国交建,False
2021-04-07,8.954,8.984,8.894,8.924,218489.0,155345679.0,7.14,7.17,7.08,7.11,True,中国交建,False
2021-04-08,8.924,8.924,8.814,8.814,221876.0,155313200.0,7.11,7.11,7.0,7.0,True,中国交建,False
2021-04-09,8.814,8.834,8.734,8.764,201211.0,139841645.0,7.0,7.02,6.92,6.95,True,中国交建,False
2021-04-12,8.754,8.804,8.724,8.744,186224.0,129053232.0,6.94,6.99,6.91,6.93,True,中国交建,False
2021-04-13,8.754,8.754,8.664,8.664,184888.0,126648280.0,6.94,6.94,6.85,6.85,True,中国交建,False
2021-04-14,8.654,8.684,8.564,8.624,256997.0,175014957.0,6.84,6.87,6.75,6.81,True,中国交建,False
2021-04-15,8.604,8.614,8.574,8.604,131837.0,89517323.0,6.79,6.8,6.76,6.79,True,中国交建,False
2021-04-16,8.614,8.674,8.594,8.654,139700.0,95554800.0,6.8,6.86,6.78,6.84,True,中国交建,False
2021-04-19,8.664,8.724,8.644,8.714,164552.0,113540880.0,6.85,6.91,6.83,6.9,True,中国交建,False
2021-04-20,8.704,8.704,8.624,8.634,151310.0,103193420.0,6.89,6.89,6.81,6.82,True,中国交建,False
2021-04-21,8.634,8.634,8.584,8.594,98897.0,67052166.0,6.82,6.82,6.77,6.78,True,中国交建,False
2021-04-22,8.614,8.634,8.584,8.594,88812.0,60214536.0,6.8,6.82,6.77,6.78,True,中国交建,False
2021-04-23,8.584,8.634,8.534,8.544,127658.0,85913834.0,6.77,6.82,6.72,6.73,True,中国交建,False
2021-04-26,8.524,8.564,8.494,8.494,120803.0,80696404.0,6.71,6.75,6.68,6.68,True,中国交建,False
2021-04-27,8.514,8.604,8.494,8.564,139143.0,93921525.0,6.7,6.79,6.68,6.75,True,中国交建,False
2021-04-28,8.574,8.644,8.544,8.604,146244.0,99299676.0,6.76,6.83,6.73,6.79,True,中国交建,False
2021-04-29,8.624,8.704,8.584,8.654,150458.0,102913272.0,6.81,6.89,6.77,6.84,True,中国交建,False
2021-04-30,8.674,8.704,8.554,8.584,136812.0,92621724.0,6.86,6.89,6.74,6.77,True,中国交建,False
2021-05-06,8.584,8.664,8.584,8.624,129333.0,88075773.0,6.77,6.85,6.77,6.81,True,中国交建,False
2021-05-07,8.634,8.724,8.624,8.674,176263.0,120916418.0,6.82,6.91,6.81,6.86,True,中国交建,False
2021-05-10,8.684,8.714,8.584,8.614,148125.0,100725000.0,6.87,6.9,6.77,6.8,True,中国交建,False
2021-05-11,8.604,8.664,8.574,8.664,130304.0,89258240.0,6.79,6.85,6.76,6.85,True,中国交建,False
2021-05-12,8.644,8.664,8.614,8.644,96051.0,65602833.0,6.83,6.85,6.8,6.83,True,中国交建,False
2021-05-13,8.624,8.664,8.604,8.634,120024.0,81856368.0,6.81,6.85,6.79,6.82,True,中国交建,False
2021-05-14,8.634,8.694,8.614,8.694,171314.0,117864032.0,6.82,6.88,6.8,6.88,True,中国交建,False
2021-05-17,8.694,8.714,8.654,8.684,145068.0,99661716.0,6.88,6.9,6.84,6.87,True,中国交建,False
2021-05-18,8.684,8.694,8.634,8.664,103332.0,70782420.0,6.87,6.88,6.82,6.85,True,中国交建,False
2021-05-19,8.654,8.654,8.584,8.594,146512.0,99335136.0,6.84,6.84,6.77,6.78,True,中国交建,False
2021-05-20,8.574,8.604,8.544,8.584,115987.0,78523199.0,6.76,6.79,6.73,6.77,True,中国交建,False
2021-05-21,8.584,8.614,8.584,8.584,81665.0,55287205.0,6.77,6.8,6.77,6.77,True,中国交建,False
2021-05-24,8.594,8.604,8.574,8.574,98705.0,66724580.0,6.78,6.79,6.76,6.76,True,中国交建,False
2021-05-25,8.594,8.644,8.544,8.634,210784.0,143754688.0,6.78,6.83,6.73,6.82,True,中国交建,False
2021-05-26,8.634,8.694,8.614,8.674,192243.0,131878698.0,6.82,6.88,6.8,6.86,True,中国交建,False
2021-05-27,8.664,8.684,8.644,8.664,126223.0,86462755.0,6.85,6.87,6.83,6.85,True,中国交建,False
2021-05-28,8.674,8.684,8.604,8.614,148459.0,100952120.0,6.86,6.87,6.79,6.8,True,中国交建,False
2021-05-31,8.614,8.614,8.574,8.584,116291.0,78729007.0,6.8,6.8,6.76,6.77,True,中国交建,False
2021-06-01,8.584,8.594,8.564,8.584,141500.0,95795500.0,6.77,6.78,6.75,6.77,True,中国交建,False
2021-06-02,8.594,8.594,8.534,8.544,158919.0,106952487.0,6.78,6.78,6.72,6.73,True,中国交建,False
2021-06-03,8.554,8.574,8.534,8.534,112623.0,75682656.0,6.74,6.76,6.72,6.72,True,中国交建,False
2021-06-04,8.534,8.564,8.504,8.534,135220.0,90867840.0,6.72,6.75,6.69,6.72,True,中国交建,False
2021-06-07,8.534,8.534,8.494,8.514,146054.0,97856180.0,6.72,6.72,6.68,6.7,True,中国交建,False
2021-06-08,8.524,8.524,8.494,8.524,128674.0,86340254.0,6.71,6.71,6.68,6.71,True,中国交建,False
2021-06-09,8.514,8.514,8.474,8.484,152837.0,101942279.0,6.7,6.7,6.66,6.67,True,中国交建,False
2021-06-10,8.484,8.514,8.484,8.484,122630.0,81794210.0,6.67,6.7,6.67,6.67,True,中国交建,False
2021-06-11,8.504,8.544,8.484,8.494,189130.0,126338840.0,6.69,6.73,6.67,6.68,True,中国交建,False
2021-06-15,8.494,8.504,8.414,8.424,181280.0,119826080.0,6.68,6.69,6.6,6.61,True,中国交建,False
2021-06-16,8.404,8.554,8.404,8.514,229889.0,154025630.0,6.59,6.74,6.59,6.7,True,中国交建,False
2021-06-17,8.494,8.514,8.424,8.434,149219.0,98782978.0,6.68,6.7,6.61,6.62,True,中国交建,False
2021-06-18,8.434,8.464,8.404,8.454,131041.0,87011224.0,6.62,6.65,6.59,6.64,True,中国交建,False
2021-06-21,8.464,8.504,8.444,8.504,118881.0,79531389.0,6.65,6.69,6.63,6.69,True,中国交建,False
2021-06-22,8.504,8.564,8.474,8.514,152963.0,102485210.0,6.69,6.75,6.66,6.7,True,中国交建,False
2021-06-23,8.514,8.514,8.444,8.504,132615.0,88719435.0,6.7,6.7,6.63,6.69,True,中国交建,False
2021-06-24,8.494,8.544,8.484,8.504,143473.0,95983437.0,6.68,6.73,6.67,6.69,True,中国交建,False
2021-06-25,8.525,8.545,8.495,8.525,181560.0,118558680.0,6.53,6.55,6.5,6.53,True,中国交建,False
2021-06-28,8.535,8.545,8.505,8.515,125292.0,81690384.0,6.54,6.55,6.51,6.52,True,中国交建,False
2021-06-29,8.525,8.535,8.495,8.515,119467.0,77892484.0,6.53,6.54,6.5,6.52,True,中国交建,False
2021-06-30,8.525,8.525,8.455,8.475,132697.0,85987656.0,6.53,6.53,6.46,6.48,True,中国交建,False
2021-07-01,8.475,8.615,8.455,8.515,271307.0,176892164.0,6.48,6.62,6.46,6.52,True,中国交建,False
2021-07-02,8.525,8.575,8.445,8.465,196419.0,127083093.0,6.53,6.58,6.45,6.47,True,中国交建,False
2021-07-05,8.455,8.475,8.395,8.405,170376.0,109211016.0,6.46,6.48,6.4,6.41,True,中国交建,False
2021-07-06,8.405,8.455,8.395,8.445,119357.0,76985265.0,6.41,6.46,6.4,6.45,True,中国交建,False
2021-07-07,8.425,8.445,8.405,8.425,101005.0,64946215.0,6.43,6.45,6.41,6.43,True,中国交建,False
2021-07-08,8.425,8.435,8.365,8.375,139492.0,88995896.0,6.43,6.44,6.37,6.38,True,中国交建,False
2021-07-09,8.355,8.385,8.345,8.375,119040.0,75947520.0,6.36,6.39,6.35,6.38,True,中国交建,False
2021-07-12,8.385,8.415,8.365,8.375,135632.0,86533216.0,6.39,6.42,6.37,6.38,True,中国交建,False
2021-07-13,8.385,8.475,8.365,8.415,213194.0,136870548.0,6.39,6.48,6.37,6.42,True,中国交建,False
2021-07-14,8.405,8.415,8.315,8.325,260755.0,165057915.0,6.41,6.42,6.32,6.33,True,中国交建,False
2021-07-15,8.295,8.355,8.255,8.315,197097.0,124565304.0,6.3,6.36,6.26,6.32,True,中国交建,False
2021-07-16,8.315,8.335,8.265,8.265,160525.0,100649175.0,6.32,6.34,6.27,6.27,True,中国交建,False
2021-07-19,8.265,8.275,8.155,8.185,218512.0,135258928.0,6.27,6.28,6.16,6.19,True,中国交建,False
2021-07-20,8.155,8.305,8.105,8.255,290522.0,181866772.0,6.16,6.31,6.11,6.26,True,中国交建,False
2021-07-21,8.235,8.315,8.185,8.195,187540.0,116274800.0,6.24,6.32,6.19,6.2,True,中国交建,False
2021-07-22,8.175,8.305,8.165,8.265,226690.0,142134630.0,6.18,6.31,6.17,6.27,True,中国交建,False
2021-07-23,8.265,8.465,8.245,8.365,405983.0,258611171.0,6.27,6.47,6.25,6.37,True,中国交建,False
2021-07-26,8.455,8.485,8.365,8.415,347911.0,223358862.0,6.46,6.49,6.37,6.42,True,中国交建,False
2021-07-27,8.415,8.435,8.265,8.275,275577.0,173062356.0,6.42,6.44,6.27,6.28,True,中国交建,False
2021-07-28,8.225,8.545,8.185,8.545,548008.0,358945240.0,6.23,6.55,6.19,6.55,True,中国交建,False
2021-07-29,8.525,8.575,8.435,8.495,378850.0,246252500.0,6.53,6.58,6.44,6.5,True,中国交建,False
2021-07-30,8.475,8.655,8.365,8.555,545356.0,357753536.0,6.48,6.66,6.37,6.56,True,中国交建,False
2021-08-02,8.555,8.735,8.475,8.675,612650.0,409250200.0,6.56,6.74,6.48,6.68,True,中国交建,False
2021-08-03,8.655,9.085,8.635,8.895,1189625.0,820841250.0,6.66,7.09,6.64,6.9,True,中国交建,False
2021-08-04,8.845,8.915,8.745,8.795,501874.0,341274320.0,6.85,6.92,6.75,6.8,True,中国交建,False
2021-08-05,8.795,8.845,8.595,8.705,508840.0,341431640.0,6.8,6.85,6.6,6.71,True,中国交建,False
2021-08-06,8.685,8.765,8.625,8.695,306082.0,205074940.0,6.69,6.77,6.63,6.7,True,中国交建,False
2021-08-09,8.695,8.835,8.675,8.775,381780.0,258846840.0,6.7,6.84,6.68,6.78,True,中国交建,False
2021-08-10,8.755,8.835,8.705,8.735,286761.0,193276914.0,6.76,6.84,6.71,6.74,True,中国交建,False
2021-08-11,8.735,8.905,8.705,8.785,391663.0,265939177.0,6.74,6.91,6.71,6.79,True,中国交建,False
2021-08-12,8.755,8.785,8.655,8.695,312672.0,209490240.0,6.76,6.79,6.66,6.7,True,中国交建,False
2021-08-13,8.665,8.715,8.635,8.655,224313.0,149392458.0,6.67,6.72,6.64,6.66,True,中国交建,False
2021-08-16,8.665,8.845,8.665,8.825,398009.0,271840147.0,6.67,6.85,6.67,6.83,True,中国交建,False
2021-08-17,8.835,9.135,8.825,8.915,893949.0,618612708.0,6.84,7.14,6.83,6.92,True,中国交建,False
2021-08-18,8.905,9.115,8.835,9.045,650727.0,458762535.0,6.91,7.12,6.84,7.05,True,中国交建,False
2021-08-19,8.995,9.005,8.875,8.915,415593.0,287590356.0,7.0,7.01,6.88,6.92,True,中国交建,False
2021-08-20,8.885,8.915,8.775,8.845,325069.0,222672265.0,6.89,6.92,6.78,6.85,True,中国交建,False
2021-08-23,8.855,8.875,8.815,8.855,239132.0,164044552.0,6.86,6.88,6.82,6.86,True,中国交建,False
2021-08-24,8.845,8.895,8.725,8.775,360746.0,244585788.0,6.85,6.9,6.73,6.78,True,中国交建,False
2021-08-25,8.755,8.995,8.735,8.985,623937.0,436131963.0,6.76,7.0,6.74,6.99,True,中国交建,False
2021-08-26,8.955,9.145,8.945,9.045,646889.0,456056745.0,6.96,7.15,6.95,7.05,True,中国交建,False
2021-08-27,9.015,9.155,8.975,9.115,559143.0,398109816.0,7.02,7.16,6.98,7.12,True,中国交建,False
2021-08-30,9.135,9.155,8.995,9.065,461844.0,326523708.0,7.14,7.16,7.0,7.07,True,中国交建,False
2021-08-31,9.065,9.305,9.005,9.295,885864.0,646680720.0,7.07,7.31,7.01,7.3,True,中国交建,False
2021-09-01,9.375,10.025,9.335,10.025,1218411.0,978384033.0,7.38,8.03,7.34,8.03,True,中国交建,False
2021-09-02,10.335,10.825,10.235,10.825,3753636.0,3314460588.0,8.34,8.83,8.24,8.83,True,中国交建,False
2021-09-03,11.095,11.105,10.615,10.655,3246396.0,2811378936.0,9.1,9.11,8.62,8.66,True,中国交建,False
2021-09-06,10.655,11.525,10.565,11.115,3399359.0,3100215407.9999995,8.66,9.53,8.57,9.12,True,中国交建,False
2021-09-07,10.975,11.705,10.845,11.355,2812191.0,2632210776.0,8.98,9.71,8.85,9.36,True,中国交建,False
2021-09-08,11.175,11.395,11.045,11.235,2013994.0,1860930456.0,9.18,9.4,9.05,9.24,True,中国交建,False
2021-09-09,11.145,11.975,11.045,11.955,2840528.0,2829165888.0000005,9.15,9.98,9.05,9.96,True,中国交建,False
2021-09-10,11.955,12.405,11.645,11.665,2677113.0,2588768271.0,9.96,10.41,9.65,9.67,True,中国交建,False
2021-09-13,11.535,11.845,11.525,11.705,1583958.0,1538023218.0000002,9.54,9.85,9.53,9.71,True,中国交建,False
2021-09-14,11.675,11.685,11.155,11.345,1797597.0,1680753195.0,9.68,9.69,9.16,9.35,True,中国交建,False
2021-09-15,11.195,11.375,10.955,11.065,1509066.0,1368722862.0,9.2,9.38,8.96,9.07,True,中国交建,False
2021-09-16,11.095,11.295,10.995,11.045,1206725.0,1092086125.0,9.1,9.3,9.0,9.05,True,中国交建,False
2021-09-17,11.015,11.135,10.675,10.955,1227855.0,1100158080.0,9.02,9.14,8.68,8.96,True,中国交建,False
2021-09-22,10.725,11.375,10.725,11.215,1589377.0,1465405594.0,8.73,9.38,8.73,9.22,True,中国交建,False
2021-09-23,11.325,11.505,11.075,11.285,1533663.0,1424772926.9999998,9.33,9.51,9.08,9.29,True,中国交建,False
2021-09-24,11.245,11.355,10.805,10.845,1143320.0,1011838200.0,9.25,9.36,8.81,8.85,True,中国交建,False
2021-09-27,10.965,11.025,10.185,10.295,1510197.0,1253463510.0,8.97,9.03,8.19,8.3,True,中国交建,False
2021-09-28,10.235,10.545,10.235,10.495,863646.0,734099100.0,8.24,8.55,8.24,8.5,True,中国交建,False
2021-09-29,10.455,10.685,10.155,10.265,1054738.0,872268326.0,8.46,8.69,8.16,8.27,True,中国交建,False
2021-09-30,10.225,10.305,10.045,10.235,876470.0,722211280.0,8.23,8.31,8.05,8.24,True,中国交建,False
2021-10-08,10.465,10.595,10.155,10.305,734785.0,610606335.0,8.47,8.6,8.16,8.31,True,中国交建,False
2021-10-11,10.295,10.315,9.985,10.105,733299.0,594705489.0,8.3,8.32,7.99,8.11,True,中国交建,False
2021-10-12,10.015,10.085,9.645,9.725,998907.0,772155111.0,8.02,8.09,7.65,7.73,True,中国交建,False
2021-10-13,9.725,9.795,9.545,9.745,677947.0,525408925.0,7.73,7.8,7.55,7.75,True,中国交建,False
2021-10-14,9.745,9.785,9.605,9.685,565531.0,434893339.0,7.75,7.79,7.61,7.69,True,中国交建,False
2021-10-15,9.675,9.775,9.555,9.585,552675.0,419480325.0,7.68,7.78,7.56,7.59,True,中国交建,False
2021-10-18,9.615,9.735,9.595,9.675,587954.0,451548672.0,7.62,7.74,7.6,7.68,True,中国交建,False
2021-10-19,9.685,9.815,9.605,9.715,601296.0,464200512.0,7.69,7.82,7.61,7.72,True,中国交建,False
2021-10-20,9.695,9.755,9.625,9.645,443425.0,339220125.0,7.7,7.76,7.63,7.65,True,中国交建,False
2021-10-21,9.655,9.695,9.525,9.645,592770.0,453469050.0,7.66,7.7,7.53,7.65,True,中国交建,False
2021-10-22,9.595,9.695,9.435,9.445,618250.0,460596250.0,7.6,7.7,7.44,7.45,True,中国交建,False
2021-10-25,9.405,9.735,9.365,9.695,852545.0,656459650.0,7.41,7.74,7.37,7.7,True,中国交建,False
2021-10-26,9.695,9.975,9.615,9.625,898128.0,685271664.0,7.7,7.98,7.62,7.63,True,中国交建,False
2021-10-27,9.565,9.745,9.455,9.475,548270.0,410105960.0,7.57,7.75,7.46,7.48,True,中国交建,False
2021-10-28,9.465,9.535,9.325,9.355,496048.0,365091328.0,7.47,7.54,7.33,7.36,True,中国交建,False
2021-10-29,9.345,9.415,9.275,9.395,394597.0,292001780.0,7.35,7.42,7.28,7.4,True,中国交建,False
2021-11-01,9.375,9.415,9.305,9.405,451724.0,334727484.0,7.38,7.42,7.31,7.41,True,中国交建,False
2021-11-02,9.375,9.385,9.095,9.195,705918.0,508260960.0,7.38,7.39,7.1,7.2,True,中国交建,False
2021-11-03,9.165,9.235,9.125,9.225,320299.0,231576177.0,7.17,7.24,7.13,7.23,True,中国交建,False
2021-11-04,9.205,9.225,9.155,9.195,320738.0,230931360.0,7.21,7.23,7.16,7.2,True,中国交建,False
2021-11-05,9.195,9.205,9.025,9.025,455968.0,320545504.0,7.2,7.21,7.03,7.03,True,中国交建,False
2021-11-08,9.075,9.155,9.025,9.035,313484.0,220692736.0,7.08,7.16,7.03,7.04,True,中国交建,False
2021-11-09,9.065,9.085,8.995,9.075,279782.0,198085656.0,7.07,7.09,7.0,7.08,True,中国交建,False
2021-11-10,9.055,9.065,8.925,9.045,402627.0,283852035.0,7.06,7.07,6.93,7.05,True,中国交建,False
2021-11-11,9.025,9.355,9.025,9.275,820280.0,597163840.0,7.03,7.36,7.03,7.28,True,中国交建,False
2021-11-12,9.245,9.255,9.105,9.175,495755.0,355952090.0,7.25,7.26,7.11,7.18,True,中国交建,False
2021-11-15,9.175,9.235,9.135,9.195,287360.0,206899200.0,7.18,7.24,7.14,7.2,True,中国交建,False
2021-11-16,9.225,9.265,9.105,9.115,303534.0,216116208.0,7.23,7.27,7.11,7.12,True,中国交建,False
2021-11-17,9.135,9.165,9.065,9.125,216952.0,154686776.0,7.14,7.17,7.07,7.13,True,中国交建,False
2021-11-18,9.105,9.175,9.075,9.075,271180.0,191995440.0,7.11,7.18,7.08,7.08,True,中国交建,False
2021-11-19,9.065,9.135,8.975,9.125,447625.0,319156625.0,7.07,7.14,6.98,7.13,True,中国交建,False
2021-11-22,9.095,9.125,9.045,9.075,338914.0,239951112.0,7.1,7.13,7.05,7.08,True,中国交建,False
2021-11-23,9.065,9.215,9.035,9.195,510392.0,367482240.0,7.07,7.22,7.04,7.2,True,中国交建,False
2021-11-24,9.175,9.195,9.135,9.155,308924.0,221189584.0,7.18,7.2,7.14,7.16,True,中国交建,False
2021-11-25,9.155,9.215,9.125,9.185,292584.0,210367896.0,7.16,7.22,7.13,7.19,True,中国交建,False
2021-11-26,9.165,9.175,9.065,9.065,285565.0,201894455.0,7.17,7.18,7.07,7.07,True,中国交建,False
2021-11-29,8.975,9.125,8.945,9.035,309623.0,217974592.0,6.98,7.13,6.95,7.04,True,中国交建,False
2021-11-30,9.045,9.145,9.015,9.045,256068.0,180527940.0,7.05,7.15,7.02,7.05,True,中国交建,False
2021-12-01,9.005,9.105,8.995,9.095,189018.0,134202780.0,7.01,7.11,7.0,7.1,True,中国交建,False
2021-12-02,9.075,9.545,9.065,9.435,1071043.0,796855992.0,7.08,7.55,7.07,7.44,True,中国交建,False
2021-12-03,9.445,9.805,9.325,9.715,1299283.0,1003046476.0,7.45,7.81,7.33,7.72,True,中国交建,False
2021-12-06,9.725,9.775,9.545,9.575,906080.0,686808640.0,7.73,7.78,7.55,7.58,True,中国交建,False
2021-12-07,9.655,10.025,9.615,10.015,1438801.0,1153918402.0,7.66,8.03,7.62,8.02,True,中国交建,False
2021-12-08,9.945,10.085,9.815,10.005,1015482.0,813401082.0,7.95,8.09,7.82,8.01,True,中国交建,False
2021-12-09,9.915,10.035,9.905,9.985,716294.0,572318906.0,7.92,8.04,7.91,7.99,True,中国交建,False
2021-12-10,9.985,10.195,9.825,9.825,932440.0,730100520.0,7.99,8.2,7.83,7.83,True,中国交建,False
2021-12-13,9.985,10.405,9.895,10.035,1536441.0,1235298563.9999998,7.99,8.41,7.9,8.04,True,中国交建,False
2021-12-14,9.925,9.955,9.765,9.795,656360.0,511960800.0,7.93,7.96,7.77,7.8,True,中国交建,False
2021-12-15,9.785,10.055,9.785,9.915,692978.0,548838576.0,7.79,8.06,7.79,7.92,True,中国交建,False
2021-12-16,9.965,10.235,9.935,10.115,700986.0,569200632.0,7.97,8.24,7.94,8.12,True,中国交建,False
2021-12-17,10.165,10.385,10.105,10.135,801510.0,652429140.0,8.17,8.39,8.11,8.14,True,中国交建,False
2021-12-20,10.045,10.595,10.015,10.465,1354666.0,1147402102.0,8.05,8.6,8.02,8.47,True,中国交建,False
2021-12-21,10.375,10.745,10.275,10.665,1113543.0,965441781.0,8.38,8.75,8.28,8.67,True,中国交建,False
2021-12-22,10.645,10.685,10.455,10.565,666587.0,571265059.0,8.65,8.69,8.46,8.57,True,中国交建,False
2021-12-23,10.535,10.645,10.485,10.595,491173.0,422408780.0,8.54,8.65,8.49,8.6,True,中国交建,False
2021-12-24,10.585,10.585,10.325,10.355,645382.0,539539352.0,8.59,8.59,8.33,8.36,True,中国交建,False
2021-12-27,10.325,10.495,10.295,10.465,533921.0,452231087.00000006,8.33,8.5,8.3,8.47,True,中国交建,False
2021-12-28,10.475,10.535,10.165,10.375,782578.0,655800364.0000001,8.48,8.54,8.17,8.38,True,中国交建,False
2021-12-29,10.385,10.425,10.205,10.205,452779.0,371731559.00000006,8.39,8.43,8.21,8.21,True,中国交建,False
2021-12-30,10.215,10.375,10.195,10.355,485835.0,406158060.0,8.22,8.38,8.2,8.36,True,中国交建,False
2021-12-31,10.315,10.645,10.305,10.575,610688.0,523970304.0,8.32,8.65,8.31,8.58,True,中国交建,False
2022-01-04,10.595,10.695,10.465,10.585,582029.0,499962911.0,8.6,8.7,8.47,8.59,True,中国交建,False
2022-01-05,10.585,10.615,10.395,10.505,453394.0,385838294.0,8.59,8.62,8.4,8.51,True,中国交建,False
2022-01-06,10.475,11.165,10.445,11.095,1260208.0,1146789280.0,8.48,9.17,8.45,9.1,True,中国交建,False
2022-01-07,10.995,11.375,10.935,11.085,1105081.0,1004518629.0,9.0,9.38,8.94,9.09,True,中国交建,False
2022-01-10,11.045,11.245,10.875,11.225,871600.0,804486800.0,9.05,9.25,8.88,9.23,True,中国交建,False
2022-01-11,11.155,11.335,11.065,11.115,574229.0,523696848.0,9.16,9.34,9.07,9.12,True,中国交建,False
2022-01-12,11.085,11.105,10.835,10.925,586077.0,523366761.0,9.09,9.11,8.84,8.93,True,中国交建,False
2022-01-13,10.895,11.075,10.745,10.785,489559.0,430322361.0,8.9,9.08,8.75,8.79,True,中国交建,False
2022-01-14,10.775,10.805,10.255,10.405,922029.0,775426389.0,8.78,8.81,8.26,8.41,True,中国交建,False
2022-01-17,10.345,10.445,10.175,10.395,536603.0,450746520.0,8.35,8.45,8.18,8.4,True,中国交建,False
2022-01-18,10.415,11.235,10.375,11.235,1757629.0,1624049196.0,8.42,9.24,8.38,9.24,True,中国交建,False
2022-01-19,11.245,11.675,11.185,11.535,1873770.0,1787576579.9999998,9.25,9.68,9.19,9.54,True,中国交建,False
2022-01-20,11.495,12.145,11.335,11.645,1628932.0,1571919380.0,9.5,10.15,9.34,9.65,True,中国交建,False
2022-01-21,11.645,11.685,11.335,11.375,838497.0,786510186.0000001,9.65,9.69,9.34,9.38,True,中国交建,False
2022-01-24,11.345,12.035,11.205,11.555,1065067.0,1018204052.0,9.35,10.04,9.21,9.56,True,中国交建,False
2022-01-25,11.415,11.585,11.175,11.185,677986.0,623069134.0,9.42,9.59,9.18,9.19,True,中国交建,False
2022-01-26,11.295,11.415,11.125,11.305,591836.0,550999316.0,9.3,9.42,9.13,9.31,True,中国交建,False
2022-01-27,11.205,11.725,11.205,11.385,761633.0,715173387.0,9.21,9.73,9.21,9.39,True,中国交建,False
2022-01-28,11.375,11.385,10.925,11.025,793150.0,716214450.0,9.38,9.39,8.93,9.03,True,中国交建,False
2022-02-07,11.275,11.925,11.245,11.925,1036599.0,1029342807.0,9.28,9.93,9.25,9.93,True,中国交建,False
2022-02-08,12.095,12.505,11.885,12.445,2018009.0,2108819405.0,10.1,10.51,9.89,10.45,True,中国交建,False
2022-02-09,12.295,12.515,12.065,12.445,1407549.0,1470888705.0,10.3,10.52,10.07,10.45,True,中国交建,False
2022-02-10,12.265,13.045,12.125,12.865,1463873.0,1591229951.0,10.27,11.05,10.13,10.87,True,中国交建,False
2022-02-11,12.705,13.295,12.475,12.565,1358232.0,1435651224.0,10.71,11.3,10.48,10.57,True,中国交建,False
2022-02-14,12.235,12.615,12.055,12.275,1287992.0,1324055776.0,10.24,10.62,10.06,10.28,True,中国交建,False
2022-02-15,12.185,12.375,12.075,12.275,1027233.0,1055995524.0,10.19,10.38,10.08,10.28,True,中国交建,False
2022-02-16,12.385,12.945,12.315,12.835,1582319.0,1715233796.0,10.39,10.95,10.32,10.84,True,中国交建,False
2022-02-17,12.635,12.815,12.425,12.665,1005144.0,1072488648.0,10.64,10.82,10.43,10.67,True,中国交建,False
2022-02-18,12.495,12.955,12.365,12.945,1142377.0,1250902815.0,10.5,10.96,10.37,10.95,True,中国交建,False
2022-02-21,12.835,12.945,12.605,12.925,1000119.0,1093130067.0,10.84,10.95,10.61,10.93,True,中国交建,False
2022-02-22,12.745,12.815,12.165,12.315,1328468.0,1370978976.0,10.75,10.82,10.17,10.32,True,中国交建,False
2022-02-23,12.225,12.465,11.955,12.425,1051651.0,1096871993.0,10.23,10.47,9.96,10.43,True,中国交建,False
2022-02-24,12.215,12.265,11.645,11.895,1428996.0,1414706040.0,10.22,10.27,9.65,9.9,True,中国交建,False
2022-02-25,11.985,12.135,11.325,11.415,1662186.0,1565779212.0,9.99,10.14,9.33,9.42,True,中国交建,False
2022-02-28,11.265,11.475,11.145,11.335,1018333.0,951123022.0,9.27,9.48,9.15,9.34,True,中国交建,False
2022-03-01,11.415,11.935,11.345,11.895,1396824.0,1382855760.0,9.42,9.94,9.35,9.9,True,中国交建,False
2022-03-02,11.725,12.005,11.655,11.805,764718.0,750188358.0,9.73,10.01,9.66,9.81,True,中国交建,False
2022-03-03,11.845,12.085,11.775,11.945,866680.0,862346599.9999999,9.85,10.09,9.78,9.95,True,中国交建,False
2022-03-04,11.915,11.925,11.575,11.625,770405.0,741900015.0000001,9.92,9.93,9.58,9.63,True,中国交建,False
2022-03-07,11.575,12.425,11.515,12.185,1533986.0,1563131734.0,9.58,10.43,9.52,10.19,True,中国交建,False
2022-03-08,12.185,12.425,11.785,11.925,1320713.0,1311468009.0,10.19,10.43,9.79,9.93,True,中国交建,False
2022-03-09,11.915,11.995,11.275,11.775,1142100.0,1116973800.0,9.92,10.0,9.28,9.78,True,中国交建,False
2022-03-10,11.945,11.995,11.625,11.785,811612.0,794568147.9999999,9.95,10.0,9.63,9.79,True,中国交建,False
2022-03-11,11.615,11.625,11.125,11.405,1038678.0,977395998.0,9.62,9.63,9.13,9.41,True,中国交建,False
2022-03-14,11.205,11.495,11.045,11.065,596877.0,541367439.0,9.21,9.5,9.05,9.07,True,中国交建,False
2022-03-15,10.895,11.015,10.325,10.365,1186262.0,992901294.0,8.9,9.02,8.33,8.37,True,中国交建,False
2022-03-16,10.515,10.705,10.235,10.635,951112.0,821760768.0,8.52,8.71,8.24,8.64,True,中国交建,False
2022-03-17,10.795,10.855,10.505,10.575,942545.0,808703610.0,8.8,8.86,8.51,8.58,True,中国交建,False
2022-03-18,10.485,11.295,10.415,11.105,1287678.0,1173074658.0,8.49,9.3,8.42,9.11,True,中国交建,False
2022-03-21,10.995,11.085,10.805,10.945,791187.0,708112365.0,9.0,9.09,8.81,8.95,True,中国交建,False
2022-03-22,10.915,11.165,10.865,11.095,687790.0,625888900.0,8.92,9.17,8.87,9.1,True,中国交建,False
2022-03-23,11.055,11.245,10.925,11.135,754178.0,689318692.0,9.06,9.25,8.93,9.14,True,中国交建,False
2022-03-24,11.045,11.245,10.995,11.025,433563.0,391507389.0,9.05,9.25,9.0,9.03,True,中国交建,False
2022-03-25,11.005,11.135,10.885,10.975,579084.0,520017432.0,9.01,9.14,8.89,8.98,True,中国交建,False
2022-03-28,10.815,11.445,10.795,11.385,843859.0,792383601.0,8.82,9.45,8.8,9.39,True,中国交建,False
2022-03-29,11.325,11.445,11.225,11.405,499596.0,470119836.0,9.33,9.45,9.23,9.41,True,中国交建,False
2022-03-30,11.465,11.785,11.395,11.635,833668.0,803655952.0,9.47,9.79,9.4,9.64,True,中国交建,False
2022-03-31,11.465,11.765,11.335,11.445,679959.0,642561255.0,9.47,9.77,9.34,9.45,True,中国交建,False
2022-04-01,11.345,11.435,11.055,11.145,969099.0,886725585.0,9.35,9.44,9.06,9.15,True,中国交建,False
2022-04-06,10.995,11.735,10.895,11.655,1159752.0,1120320432.0,9.0,9.74,8.9,9.66,True,中国交建,False
2022-04-07,11.545,11.735,11.425,11.565,737953.0,706221021.0,9.55,9.74,9.43,9.57,True,中国交建,False
2022-04-08,11.775,12.165,11.775,12.035,1344539.0,1349917156.0,9.78,10.17,9.78,10.04,True,中国交建,False
2022-04-11,12.215,12.365,11.995,12.085,975875.0,984657875.0,10.22,10.37,10.0,10.09,True,中国交建,False
2022-04-12,11.895,12.375,11.795,11.975,1100246.0,1098045508.0,9.9,10.38,9.8,9.98,True,中国交建,False
2022-04-13,11.845,12.065,11.745,11.815,575097.0,564745254.0,9.85,10.07,9.75,9.82,True,中国交建,False
2022-04-14,11.865,12.295,11.735,12.125,767531.0,777508903.0000001,9.87,10.3,9.74,10.13,True,中国交建,False
2022-04-15,12.015,12.195,11.825,11.915,586104.0,581415168.0,10.02,10.2,9.83,9.92,True,中国交建,False
2022-04-18,11.805,11.975,11.515,11.575,556836.0,533448888.0,9.81,9.98,9.52,9.58,True,中国交建,False
2022-04-19,11.525,11.915,11.395,11.775,558877.0,546581706.0,9.53,9.92,9.4,9.78,True,中国交建,False
2022-04-20,11.755,11.775,11.085,11.135,835135.0,763313390.0,9.76,9.78,9.09,9.14,True,中国交建,False
2022-04-21,11.075,11.235,10.845,10.895,569056.0,506459840.0,9.08,9.24,8.85,8.9,True,中国交建,False
2022-04-22,10.805,11.295,10.785,11.195,586480.0,539561600.0,8.81,9.3,8.79,9.2,True,中国交建,False
2022-04-25,11.045,11.765,11.025,11.225,1038299.0,958349977.0,9.05,9.77,9.03,9.23,True,中国交建,False
2022-04-26,11.445,11.975,11.145,11.815,1193478.0,1171995396.0,9.45,9.98,9.15,9.82,True,中国交建,False
2022-04-27,12.095,12.495,11.595,11.985,1953658.0,1951704342.0,10.1,10.5,9.6,9.99,True,中国交建,False
2022-04-28,11.705,12.675,11.655,12.675,1636455.0,1747733940.0,9.71,10.68,9.66,10.68,True,中国交建,False
2022-04-29,12.595,13.005,12.405,12.855,1710337.0,1857425982.0,10.6,11.01,10.41,10.86,True,中国交建,False
2022-05-05,12.785,13.045,12.575,12.715,872709.0,935544048.0,10.79,11.05,10.58,10.72,True,中国交建,False
2022-05-06,12.395,12.665,12.115,12.285,928045.0,954958305.0,10.4,10.67,10.12,10.29,True,中国交建,False
2022-05-09,12.265,12.515,12.105,12.375,749671.0,778158498.0,10.27,10.52,10.11,10.38,True,中国交建,False
2022-05-10,12.175,13.155,12.145,12.915,1312769.0,1433543748.0,10.18,11.16,10.15,10.92,True,中国交建,False
2022-05-11,12.835,12.965,12.535,12.575,969853.0,1026104474.0,10.84,10.97,10.54,10.58,True,中国交建,False
2022-05-12,12.595,12.805,12.265,12.645,729804.0,777241260.0,10.6,10.81,10.27,10.65,True,中国交建,False
2022-05-13,12.575,12.615,12.375,12.445,484939.0,506761255.0,10.58,10.62,10.38,10.45,True,中国交建,False
2022-05-16,12.475,12.505,12.145,12.375,554973.0,576061974.0,10.48,10.51,10.15,10.38,True,中国交建,False
2022-05-17,12.305,12.325,11.935,12.125,806871.0,817360323.0000001,10.31,10.33,9.94,10.13,True,中国交建,False
2022-05-18,12.065,12.215,11.905,11.925,631995.0,627571035.0,10.07,10.22,9.91,9.93,True,中国交建,False
2022-05-19,11.785,12.305,11.775,12.265,934080.0,959300160.0,9.79,10.31,9.78,10.27,True,中国交建,False
2022-05-20,12.225,12.285,12.095,12.255,692222.0,710219772.0,10.23,10.29,10.1,10.26,True,中国交建,False
2022-05-23,12.185,12.205,11.995,12.035,463519.0,465373076.0,10.19,10.21,10.0,10.04,True,中国交建,False
2022-05-24,12.065,12.075,11.565,11.585,699966.0,671267394.0,10.07,10.08,9.57,9.59,True,中国交建,False
2022-05-25,11.585,11.915,11.535,11.855,543763.0,536150318.0,9.59,9.92,9.54,9.86,True,中国交建,False
2022-05-26,11.895,12.145,11.815,11.965,719244.0,717086268.0,9.9,10.15,9.82,9.97,True,中国交建,False
2022-05-27,11.985,12.085,11.795,12.015,533855.0,534922710.0,9.99,10.09,9.8,10.02,True,中国交建,False
2022-05-30,12.025,12.095,11.775,11.845,509577.0,501933345.0,10.03,10.1,9.78,9.85,True,中国交建,False
2022-05-31,11.785,11.835,11.455,11.605,850183.0,817025863.0,9.79,9.84,9.46,9.61,True,中国交建,False
2022-06-01,11.575,11.695,11.455,11.625,591387.0,569505681.0,9.58,9.7,9.46,9.63,True,中国交建,False
2022-06-02,11.605,11.805,11.515,11.585,629043.0,603252237.0,9.61,9.81,9.52,9.59,True,中国交建,False
2022-06-06,11.495,11.525,11.265,11.375,1038794.0,974388772.0,9.5,9.53,9.27,9.38,True,中国交建,False
2022-06-07,11.365,11.465,11.285,11.425,593829.0,559980747.0,9.37,9.47,9.29,9.43,True,中国交建,False
2022-06-08,11.485,11.525,11.095,11.255,998533.0,924641558.0,9.49,9.53,9.1,9.26,True,中国交建,False
2022-06-09,11.195,11.465,11.185,11.355,820377.0,767872872.0,9.2,9.47,9.19,9.36,True,中国交建,False
2022-06-10,11.295,11.345,11.145,11.235,751626.0,694502424.0,9.3,9.35,9.15,9.24,True,中国交建,False
2022-06-13,11.165,11.165,10.895,10.965,1027482.0,921651354.0,9.17,9.17,8.9,8.97,True,中国交建,False
2022-06-14,10.895,11.045,10.815,11.005,639787.0,576448087.0,8.9,9.05,8.82,9.01,True,中国交建,False
2022-06-15,10.975,11.445,10.895,11.285,1419451.0,1318669978.9999998,8.98,9.45,8.9,9.29,True,中国交建,False
2022-06-16,11.255,11.365,11.105,11.135,673436.0,615520504.0,9.26,9.37,9.11,9.14,True,中国交建,False
2022-06-17,11.105,11.135,10.975,11.115,494051.0,450574512.0,9.11,9.14,8.98,9.12,True,中国交建,False
2022-06-20,11.075,11.255,10.995,11.125,563003.0,514021739.00000006,9.08,9.26,9.0,9.13,True,中国交建,False
2022-06-21,11.135,11.345,11.115,11.275,641997.0,595773216.0,9.14,9.35,9.12,9.28,True,中国交建,False
2022-06-22,11.285,11.295,11.005,11.055,495004.0,448473624.0,9.29,9.3,9.01,9.06,True,中国交建,False
2022-06-23,11.045,11.115,10.905,11.095,450221.0,409701110.0,9.05,9.12,8.91,9.1,True,中国交建,False
2022-06-24,11.115,11.135,10.955,11.015,508411.0,458586722.0,9.12,9.14,8.96,9.02,True,中国交建,False
2022-06-27,11.015,11.175,10.965,11.065,548574.0,497556618.0,9.02,9.18,8.97,9.07,True,中国交建,False
2022-06-28,11.085,11.165,11.035,11.165,540033.0,495210261.0,9.09,9.17,9.04,9.17,True,中国交建,False
2022-06-29,11.195,11.545,11.185,11.495,1280376.0,1216357200.0,9.2,9.55,9.19,9.5,True,中国交建,False
2022-06-30,11.498,11.508,11.288,11.478,795606.0,738322368.0,9.3,9.31,9.09,9.28,True,中国交建,False
2022-07-01,11.528,11.618,11.378,11.438,860053.0,794688972.0,9.33,9.42,9.18,9.24,True,中国交建,False
2022-07-04,11.408,11.408,11.218,11.288,732577.0,665912493.0,9.21,9.21,9.02,9.09,True,中国交建,False
2022-07-05,11.298,11.438,11.228,11.398,708936.0,652221120.0,9.1,9.24,9.03,9.2,True,中国交建,False
2022-07-06,11.368,11.378,11.038,11.088,783420.0,696460380.0,9.17,9.18,8.84,8.89,True,中国交建,False
2022-07-07,11.088,11.098,10.858,10.968,514285.0,451027945.0,8.89,8.9,8.66,8.77,True,中国交建,False
2022-07-08,10.978,11.128,10.978,11.038,348126.0,307743384.0,8.78,8.93,8.78,8.84,True,中国交建,False
2022-07-11,11.008,11.118,10.928,11.068,348797.0,309382939.0,8.81,8.92,8.73,8.87,True,中国交建,False
2022-07-12,11.058,11.438,11.018,11.298,1100913.0,1001830830.0,8.86,9.24,8.82,9.1,True,中国交建,False
2022-07-13,11.408,11.488,11.338,11.448,977252.0,903958100.0,9.21,9.29,9.14,9.25,True,中国交建,False
2022-07-14,11.408,11.438,11.218,11.278,565371.0,513356868.0,9.21,9.24,9.02,9.08,True,中国交建,False
2022-07-15,11.238,11.258,10.948,10.948,629202.0,550551750.0,9.04,9.06,8.75,8.75,True,中国交建,False
2022-07-18,10.898,11.228,10.888,11.218,522236.0,471056872.0,8.7,9.03,8.69,9.02,True,中国交建,False
2022-07-19,11.198,11.198,11.078,11.128,302647.0,270263771.0,9.0,9.0,8.88,8.93,True,中国交建,False
2022-07-20,11.148,11.168,11.008,11.058,394475.0,349504850.0,8.95,8.97,8.81,8.86,True,中国交建,False
2022-07-21,10.998,11.038,10.798,10.818,721032.0,621529584.0,8.8,8.84,8.6,8.62,True,中国交建,False
2022-07-22,10.798,10.858,10.628,10.758,468174.0,400756944.0,8.6,8.66,8.43,8.56,True,中国交建,False
2022-07-25,10.778,10.818,10.678,10.738,209887.0,179243497.99999997,8.58,8.62,8.48,8.54,True,中国交建,False
2022-07-26,10.738,10.818,10.698,10.798,244454.0,210230440.0,8.54,8.62,8.5,8.6,True,中国交建,False
2022-07-27,10.768,10.798,10.668,10.708,286466.0,243782566.0,8.57,8.6,8.47,8.51,True,中国交建,False
2022-07-28,10.758,10.758,10.648,10.658,330697.0,279769662.0,8.56,8.56,8.45,8.46,True,中国交建,False
2022-07-29,10.658,10.668,10.298,10.308,948787.0,769466257.0,8.46,8.47,8.1,8.11,True,中国交建,False
2022-08-01,10.318,10.338,10.048,10.268,672453.0,542669571.0,8.12,8.14,7.85,8.07,True,中国交建,False
2022-08-02,10.148,10.148,9.818,9.968,594059.0,461583843.0,7.95,7.95,7.62,7.77,True,中国交建,False
2022-08-03,9.968,10.108,9.928,9.948,376620.0,291880500.0,7.77,7.91,7.73,7.75,True,中国交建,False
2022-08-04,10.028,10.048,9.848,9.948,364020.0,282115500.0,7.83,7.85,7.65,7.75,True,中国交建,False
2022-08-05,9.958,10.058,9.918,10.058,333513.0,262141218.0,7.76,7.86,7.72,7.86,True,中国交建,False
2022-08-08,10.038,10.128,9.978,10.008,290375.0,226782875.0,7.84,7.93,7.78,7.81,True,中国交建,False
2022-08-09,9.988,9.988,9.908,9.938,308928.0,239110272.0,7.79,7.79,7.71,7.74,True,中国交建,False
2022-08-10,9.918,9.928,9.798,9.858,378800.0,290160800.0,7.72,7.73,7.6,7.66,True,中国交建,False
2022-08-11,9.908,10.018,9.898,10.008,418801.0,327083581.0,7.71,7.82,7.7,7.81,True,中国交建,False
2022-08-12,10.008,10.098,9.948,10.068,361541.0,284532767.0,7.81,7.9,7.75,7.87,True,中国交建,False
2022-08-15,10.038,10.138,9.988,10.118,376957.0,298549944.0,7.84,7.94,7.79,7.92,True,中国交建,False
2022-08-16,10.098,10.178,10.048,10.078,271770.0,214154760.0,7.9,7.98,7.85,7.88,True,中国交建,False
2022-08-17,10.078,10.128,10.038,10.128,271820.0,215553260.0,7.88,7.93,7.84,7.93,True,中国交建,False
2022-08-18,10.118,10.118,9.948,9.968,332606.0,258434862.0,7.92,7.92,7.75,7.77,True,中国交建,False
2022-08-19,9.978,10.108,9.968,10.058,379452.0,298249272.0,7.78,7.91,7.77,7.86,True,中国交建,False
2022-08-22,10.048,10.238,10.008,10.218,511288.0,410052976.0,7.85,8.04,7.81,8.02,True,中国交建,False
2022-08-23,10.198,10.198,10.078,10.098,315713.0,249413270.0,8.0,8.0,7.88,7.9,True,中国交建,False
2022-08-24,10.098,10.148,9.968,9.968,357347.0,277658619.0,7.9,7.95,7.77,7.77,True,中国交建,False
2022-08-25,9.988,10.138,9.988,10.128,390547.0,309703771.0,7.79,7.94,7.79,7.93,True,中国交建,False
2022-08-26,10.148,10.178,10.068,10.088,268121.0,211547469.0,7.95,7.98,7.87,7.89,True,中国交建,False
2022-08-29,9.998,10.128,9.958,10.128,251991.0,199828863.0,7.8,7.93,7.76,7.93,True,中国交建,False
2022-08-30,10.108,10.238,10.108,10.208,366997.0,293964597.0,7.91,8.04,7.91,8.01,True,中国交建,False
2022-08-31,10.188,10.288,10.138,10.238,423323.0,340351691.99999994,7.99,8.09,7.94,8.04,True,中国交建,False
2022-09-01,10.238,10.498,10.198,10.368,608668.0,497281756.0,8.04,8.3,8.0,8.17,True,中国交建,False
2022-09-02,10.358,10.408,10.218,10.278,372328.0,300841024.0,8.16,8.21,8.02,8.08,True,中国交建,False
2022-09-05,10.278,10.408,10.258,10.398,366244.0,300320080.0,8.08,8.21,8.06,8.2,True,中国交建,False
2022-09-06,10.398,10.478,10.378,10.468,406059.0,335810793.0,8.2,8.28,8.18,8.27,True,中国交建,False
2022-09-07,10.428,10.558,10.388,10.418,401266.0,329840652.0,8.23,8.36,8.19,8.22,True,中国交建,False
2022-09-08,10.418,10.468,10.318,10.358,294610.0,240401760.0,8.22,8.27,8.12,8.16,True,中国交建,False
2022-09-09,10.388,10.578,10.368,10.508,496100.0,412259100.0,8.19,8.38,8.17,8.31,True,中国交建,False
2022-09-13,10.498,10.548,10.418,10.438,344796.0,284111904.0,8.3,8.35,8.22,8.24,True,中国交建,False
2022-09-14,10.348,10.408,10.268,10.298,315920.0,255895200.0,8.15,8.21,8.07,8.1,True,中国交建,False
2022-09-15,10.338,10.408,10.238,10.348,314504.0,256320760.0,8.14,8.21,8.04,8.15,True,中国交建,False
2022-09-16,10.348,10.348,9.958,9.958,494532.0,383756832.0,8.15,8.15,7.76,7.76,True,中国交建,False
2022-09-19,9.928,10.038,9.828,9.948,247976.0,192181400.0,7.73,7.84,7.63,7.75,True,中国交建,False
2022-09-20,9.988,10.018,9.818,9.838,270697.0,206812508.0,7.79,7.82,7.62,7.64,True,中国交建,False
2022-09-21,9.828,9.918,9.618,9.848,265773.0,203316345.0,7.63,7.72,7.42,7.65,True,中国交建,False
2022-09-22,9.808,9.858,9.698,9.728,250489.0,188618217.0,7.61,7.66,7.5,7.53,True,中国交建,False
2022-09-23,9.698,9.828,9.668,9.758,271484.0,205241904.0,7.5,7.63,7.47,7.56,True,中国交建,False
2022-09-26,9.688,9.748,9.468,9.488,294751.0,214873479.0,7.49,7.55,7.27,7.29,True,中国交建,False
2022-09-27,9.488,9.568,9.398,9.538,242188.0,177765992.0,7.29,7.37,7.2,7.34,True,中国交建,False
2022-09-28,9.518,9.548,9.408,9.408,209464.0,151023544.0,7.32,7.35,7.21,7.21,True,中国交建,False
2022-09-29,9.458,9.508,9.258,9.318,258767.0,184242104.0,7.26,7.31,7.06,7.12,True,中国交建,False
2022-09-30,9.298,9.378,9.268,9.308,184561.0,131222871.0,7.1,7.18,7.07,7.11,True,中国交建,False
2022-10-10,9.318,9.458,9.248,9.268,243705.0,172299435.0,7.12,7.26,7.05,7.07,True,中国交建,False
2022-10-11,9.278,9.328,9.138,9.298,212613.0,150955230.0,7.08,7.13,6.94,7.1,True,中国交建,False
2022-10-12,9.278,9.378,9.208,9.378,223393.0,160396174.0,7.08,7.18,7.01,7.18,True,中国交建,False
2022-10-13,9.348,9.368,9.268,9.278,268121.0,189829668.0,7.15,7.17,7.07,7.08,True,中国交建,False
2022-10-14,9.308,9.418,9.308,9.378,293333.0,210613094.0,7.11,7.22,7.11,7.18,True,中国交建,False
2022-10-17,9.378,9.428,9.308,9.418,259886.0,187637692.0,7.18,7.23,7.11,7.22,True,中国交建,False
2022-10-18,9.418,9.478,9.358,9.378,238304.0,171102272.0,7.22,7.28,7.16,7.18,True,中国交建,False
2022-10-19,9.338,9.398,9.278,9.288,254778.0,180637602.0,7.14,7.2,7.08,7.09,True,中国交建,False
2022-10-20,9.248,9.338,9.218,9.268,226783.0,160335581.0,7.05,7.14,7.02,7.07,True,中国交建,False
2022-10-21,9.348,9.728,9.348,9.558,843633.0,620913888.0,7.15,7.53,7.15,7.36,True,中国交建,False
2022-10-24,9.558,9.558,9.248,9.248,594964.0,419449620.0,7.36,7.36,7.05,7.05,True,中国交建,False
2022-10-25,9.208,9.338,9.178,9.278,249831.0,176880348.0,7.01,7.14,6.98,7.08,True,中国交建,False
2022-10-26,9.298,9.328,9.238,9.268,278172.0,196667604.0,7.1,7.13,7.04,7.07,True,中国交建,False
2022-10-27,9.278,9.328,9.258,9.288,251840.0,178554560.0,7.08,7.13,7.06,7.09,True,中国交建,False
2022-10-28,9.268,9.298,9.068,9.078,338383.0,232807504.0,7.07,7.1,6.87,6.88,True,中国交建,False
2022-10-31,9.038,9.038,8.768,8.888,434415.0,290623635.0,6.84,6.84,6.57,6.69,True,中国交建,False
2022-11-01,8.888,9.168,8.888,9.148,377616.0,262443120.0,6.69,6.97,6.69,6.95,True,中国交建,False
2022-11-02,9.148,9.188,9.108,9.158,231680.0,161249280.0,6.95,6.99,6.91,6.96,True,中国交建,False
2022-11-03,9.128,9.128,9.058,9.098,217391.0,149999790.0,6.93,6.93,6.86,6.9,True,中国交建,False
2022-11-04,9.098,9.238,9.088,9.208,286935.0,201141435.0,6.9,7.04,6.89,7.01,True,中国交建,False
2022-11-07,9.198,9.348,9.188,9.308,347859.0,247327749.0,7.0,7.15,6.99,7.11,True,中国交建,False
2022-11-08,9.308,9.378,9.248,9.318,284677.0,202690024.0,7.11,7.18,7.05,7.12,True,中国交建,False
2022-11-09,9.308,9.388,9.238,9.248,331879.0,233974695.0,7.11,7.19,7.04,7.05,True,中国交建,False
2022-11-10,9.178,9.308,9.168,9.268,229209.0,162050763.0,6.98,7.11,6.97,7.07,True,中国交建,False
2022-11-11,9.378,9.498,9.308,9.438,513129.0,371505396.0,7.18,7.3,7.11,7.24,True,中国交建,False
2022-11-14,9.508,9.538,9.408,9.428,409207.0,295856661.0,7.31,7.34,7.21,7.23,True,中国交建,False
2022-11-15,9.418,9.478,9.378,9.468,300965.0,218801555.0,7.22,7.28,7.18,7.27,True,中国交建,False
2022-11-16,9.448,9.478,9.358,9.378,242388.0,174034584.0,7.25,7.28,7.16,7.18,True,中国交建,False
2022-11-17,9.358,9.428,9.308,9.418,235653.0,170141466.0,7.16,7.23,7.11,7.22,True,中国交建,False
2022-11-18,9.408,9.428,9.308,9.308,264886.0,188333946.0,7.21,7.23,7.11,7.11,True,中国交建,False
2022-11-21,9.288,9.298,9.208,9.288,234386.0,166179674.0,7.09,7.1,7.01,7.09,True,中国交建,False
2022-11-22,9.308,9.998,9.268,9.998,1068963.0,833791140.0,7.11,7.8,7.07,7.8,True,中国交建,False
2022-11-23,10.168,10.778,10.098,10.778,2626211.0,2253289038.0,7.97,8.58,7.9,8.58,True,中国交建,False
2022-11-24,10.778,10.788,10.268,10.478,3087252.0,2556244656.0,8.58,8.59,8.07,8.28,True,中国交建,False
2022-11-25,10.408,11.178,10.378,10.978,3467892.0,3044809176.0,8.21,8.98,8.18,8.78,True,中国交建,False
2022-11-28,10.698,11.498,10.668,10.958,2846362.0,2493413112.0,8.5,9.3,8.47,8.76,True,中国交建,False
2022-11-29,11.008,11.418,10.818,11.318,2854066.0,2602908192.0,8.81,9.22,8.62,9.12,True,中国交建,False
2022-11-30,11.138,11.468,11.008,11.258,1869009.0,1693322154.0,8.94,9.27,8.81,9.06,True,中国交建,False
2022-12-01,11.148,11.288,10.978,11.048,1663756.0,1472424060.0,8.95,9.09,8.78,8.85,True,中国交建,False
2022-12-02,10.968,11.328,10.858,11.168,1564248.0,1403130456.0,8.77,9.13,8.66,8.97,True,中国交建,False
2022-12-05,11.508,12.068,11.228,12.068,3359762.0,3316085093.9999995,9.31,9.87,9.03,9.87,True,中国交建,False
2022-12-06,11.748,11.838,11.548,11.648,1951257.0,1843937865.0,9.55,9.64,9.35,9.45,True,中国交建,False
2022-12-07,11.558,11.728,11.318,11.578,1788853.0,1677944114.0000002,9.36,9.53,9.12,9.38,True,中国交建,False
2022-12-08,11.418,11.538,11.348,11.458,1067006.0,988047556.0,9.22,9.34,9.15,9.26,True,中国交建,False
2022-12-09,11.478,11.508,11.168,11.248,1175284.0,1063632020.0,9.28,9.31,8.97,9.05,True,中国交建,False
2022-12-12,11.198,11.328,11.028,11.078,1103614.0,980009232.0,9.0,9.13,8.83,8.88,True,中国交建,False
2022-12-13,11.078,11.248,10.978,11.198,1115642.0,1004077800.0,8.88,9.05,8.78,9.0,True,中国交建,False
2022-12-14,11.098,11.258,10.938,11.168,790792.0,709340424.0,8.9,9.06,8.74,8.97,True,中国交建,False
2022-12-15,11.118,11.248,10.998,11.098,691298.0,615255220.0,8.92,9.05,8.8,8.9,True,中国交建,False
2022-12-16,11.048,11.348,11.018,11.248,1133708.0,1026005740.0,8.85,9.15,8.82,9.05,True,中国交建,False
2022-12-19,11.168,11.168,10.458,10.508,1796805.0,1493144955.0,8.97,8.97,8.26,8.31,True,中国交建,False
2022-12-20,10.508,10.648,10.458,10.458,820487.0,677722262.0,8.31,8.45,8.26,8.26,True,中国交建,False
2022-12-21,10.458,10.528,10.368,10.468,571759.0,472844693.0,8.26,8.33,8.17,8.27,True,中国交建,False
2022-12-22,10.518,10.588,10.248,10.328,799464.0,649964232.0000001,8.32,8.39,8.05,8.13,True,中国交建,False
2022-12-23,10.268,10.468,10.258,10.388,488327.0,399939813.0,8.07,8.27,8.06,8.19,True,中国交建,False
2022-12-26,10.358,10.428,10.218,10.388,446992.0,366086448.0,8.16,8.23,8.02,8.19,True,中国交建,False
2022-12-27,10.418,10.548,10.328,10.438,734200.0,604980800.0,8.22,8.35,8.13,8.24,True,中国交建,False
2022-12-28,10.378,10.488,10.278,10.308,571778.0,463711958.0,8.18,8.29,8.08,8.11,True,中国交建,False
2022-12-29,10.328,10.358,10.108,10.178,643884.0,513819432.0,8.13,8.16,7.91,7.98,True,中国交建,False
2022-12-30,10.208,10.288,10.118,10.248,448578.0,361105290.00000006,8.01,8.09,7.92,8.05,True,中国交建,False
2023-01-03,10.228,10.518,10.168,10.478,779561.0,645476508.0,8.03,8.32,7.97,8.28,True,中国交建,False
2023-01-04,10.448,10.578,10.378,10.438,671942.0,553680208.0,8.25,8.38,8.18,8.24,True,中国交建,False
2023-01-05,10.438,10.558,10.418,10.498,640747.0,531820010.00000006,8.24,8.36,8.22,8.3,True,中国交建,False
2023-01-06,10.468,10.478,10.278,10.358,685666.0,559503456.0,8.27,8.28,8.08,8.16,True,中国交建,False
2023-01-09,10.348,10.408,10.308,10.328,397973.0,323552049.00000006,8.15,8.21,8.11,8.13,True,中国交建,False
2023-01-10,10.348,10.358,10.248,10.268,321654.0,259574778.0,8.15,8.16,8.05,8.07,True,中国交建,False
2023-01-11,10.288,10.368,10.228,10.248,411489.0,331248645.0,8.09,8.17,8.03,8.05,True,中国交建,False
2023-01-12,10.218,10.258,10.138,10.158,402342.0,320264232.0,8.02,8.06,7.94,7.96,True,中国交建,False
2023-01-13,10.138,10.208,10.088,10.208,352829.0,282616029.0,7.94,8.01,7.89,8.01,True,中国交建,False
2023-01-16,10.218,10.618,10.148,10.478,1207980.0,1000207440.0,8.02,8.42,7.95,8.28,True,中国交建,False
2023-01-17,10.438,10.518,10.408,10.478,491826.0,407231928.0,8.24,8.32,8.21,8.28,True,中国交建,False
2023-01-18,10.438,10.538,10.438,10.478,325626.0,269618328.0,8.24,8.34,8.24,8.28,True,中国交建,False
2023-01-19,10.468,10.528,10.348,10.508,459716.0,382023996.0,8.27,8.33,8.15,8.31,True,中国交建,False
2023-01-20,10.508,10.968,10.478,10.878,1142081.0,991326308.0,8.31,8.77,8.28,8.68,True,中国交建,False
2023-01-30,11.078,11.078,10.668,10.688,1052424.0,893507976.0,8.88,8.88,8.47,8.49,True,中国交建,False
2023-01-31,10.678,10.768,10.648,10.748,528179.0,451593045.00000006,8.48,8.57,8.45,8.55,True,中国交建,False
2023-02-01,10.748,11.138,10.688,11.058,1100296.0,974862256.0,8.55,8.94,8.49,8.86,True,中国交建,False
2023-02-02,11.008,11.278,10.938,11.178,913411.0,820243078.0,8.81,9.08,8.74,8.98,True,中国交建,False
2023-02-03,11.128,11.138,10.958,11.008,765985.0,674832785.0,8.93,8.94,8.76,8.81,True,中国交建,False
2023-02-06,10.948,11.168,10.878,10.968,545558.0,478454366.0,8.75,8.97,8.68,8.77,True,中国交建,False
2023-02-07,10.978,11.318,10.928,11.308,957795.0,872551245.0,8.78,9.12,8.73,9.11,True,中国交建,False
2023-02-08,11.228,11.288,11.008,11.028,712594.0,629220502.0,9.03,9.09,8.81,8.83,True,中国交建,False
2023-02-09,11.018,11.228,10.998,11.098,593289.0,528027210.0,8.82,9.03,8.8,8.9,True,中国交建,False
2023-02-10,11.088,11.308,11.058,11.238,717303.0,648441911.9999999,8.89,9.11,8.86,9.04,True,中国交建,False
2023-02-13,11.248,11.538,11.178,11.448,943130.0,872395250.0,9.05,9.34,8.98,9.25,True,中国交建,False
2023-02-14,11.418,11.438,11.278,11.348,623251.0,570274665.0,9.22,9.24,9.08,9.15,True,中国交建,False
2023-02-15,11.308,11.378,11.198,11.268,465092.0,421838444.0,9.11,9.18,9.0,9.07,True,中国交建,False
2023-02-16,11.298,11.448,10.958,11.068,924488.0,820020855.9999999,9.1,9.25,8.76,8.87,True,中国交建,False
2023-02-17,11.058,11.118,10.988,10.988,434444.0,381876276.0,8.86,8.92,8.79,8.79,True,中国交建,False
2023-02-20,11.028,11.508,11.028,11.478,1225804.0,1137546112.0,8.83,9.31,8.83,9.28,True,中国交建,False
2023-02-21,11.468,11.578,11.348,11.498,792747.0,737254710.0,9.27,9.38,9.15,9.3,True,中国交建,False
2023-02-22,11.488,11.698,11.418,11.578,1001817.0,939704346.0,9.29,9.5,9.22,9.38,True,中国交建,False
2023-02-23,11.498,11.568,11.358,11.438,758982.0,701299368.0,9.3,9.37,9.16,9.24,True,中国交建,False
2023-02-24,11.418,11.428,11.288,11.328,412980.0,377050740.00000006,9.22,9.23,9.09,9.13,True,中国交建,False
2023-02-27,11.298,11.418,11.188,11.228,555864.0,501945192.0,9.1,9.22,8.99,9.03,True,中国交建,False
2023-02-28,11.208,11.428,11.188,11.428,624602.0,576507646.0,9.01,9.23,8.99,9.23,True,中国交建,False
2023-03-01,11.428,11.828,11.358,11.778,1321157.0,1265668406.0,9.23,9.63,9.16,9.58,True,中国交建,False
2023-03-02,11.798,12.648,11.738,12.348,2101846.0,2133373690.0,9.6,10.45,9.54,10.15,True,中国交建,False
2023-03-03,12.348,13.148,12.298,12.978,2397257.0,2584243046.0,10.15,10.95,10.1,10.78,True,中国交建,False
2023-03-06,13.068,13.208,12.658,12.878,1689143.0,1804004724.0,10.87,11.01,10.46,10.68,True,中国交建,False
2023-03-07,12.968,13.298,12.738,12.788,1921430.0,2034794370.0,10.77,11.1,10.54,10.59,True,中国交建,False
2023-03-08,12.578,12.928,12.578,12.908,1195664.0,1280556144.0,10.38,10.73,10.38,10.71,True,中国交建,False
2023-03-09,12.868,12.898,12.548,12.778,917071.0,970261118.0,10.67,10.7,10.35,10.58,True,中国交建,False
2023-03-10,12.708,12.948,12.548,12.768,989834.0,1046254538.0,10.51,10.75,10.35,10.57,True,中国交建,False
2023-03-13,13.098,13.398,12.868,13.258,1677289.0,1855081634.0,10.9,11.2,10.67,11.06,True,中国交建,False
2023-03-14,13.098,13.538,13.048,13.228,1265897.0,1396284391.0,10.9,11.34,10.85,11.03,True,中国交建,False
2023-03-15,13.188,14.088,12.858,13.788,1973167.0,2286900553.0,10.99,11.89,10.66,11.59,True,中国交建,False
2023-03-16,13.638,13.948,13.548,13.578,1058035.0,1204043830.0,11.44,11.75,11.35,11.38,True,中国交建,False
2023-03-17,13.648,14.198,13.518,14.058,1340953.0,1590370258.0,11.45,12.0,11.32,11.86,True,中国交建,False
2023-03-20,14.048,14.978,13.698,13.778,1918868.0,2222049144.0,11.85,12.78,11.5,11.58,True,中国交建,False
2023-03-21,13.758,14.008,13.318,13.548,1502433.0,1705261455.0,11.56,11.81,11.12,11.35,True,中国交建,False
2023-03-22,13.448,13.648,13.168,13.488,988484.0,1115998436.0,11.25,11.45,10.97,11.29,True,中国交建,False
2023-03-23,13.368,14.138,13.298,13.998,1419180.0,1674632400.0,11.17,11.94,11.1,11.8,True,中国交建,False
2023-03-24,13.858,13.868,13.208,13.308,1407201.0,1563400311.0,11.66,11.67,11.01,11.11,True,中国交建,False
2023-03-27,13.178,13.438,13.088,13.258,921054.0,1018685724.0,10.98,11.24,10.89,11.06,True,中国交建,False
2023-03-28,13.368,13.568,13.198,13.498,947808.0,1071023040.0,11.17,11.37,11.0,11.3,True,中国交建,False
2023-03-29,13.388,13.398,12.608,12.798,1598931.0,1694866860.0,11.19,11.2,10.41,10.6,True,中国交建,False
2023-03-30,12.628,12.878,12.378,12.758,1129577.0,1192833312.0,10.43,10.68,10.18,10.56,True,中国交建,False
2023-03-31,12.698,12.828,12.528,12.758,725873.0,766521888.0,10.5,10.63,10.33,10.56,True,中国交建,False
2023-04-03,12.748,12.978,12.668,12.858,781096.0,832648336.0,10.55,10.78,10.47,10.66,True,中国交建,False
2023-04-04,12.808,13.928,12.748,13.848,2045916.0,2383492140.0,10.61,11.73,10.55,11.65,True,中国交建,False
2023-04-06,13.838,14.018,13.468,13.788,1321704.0,1531854936.0,11.64,11.82,11.27,11.59,True,中国交建,False
2023-04-07,13.698,13.788,13.358,13.448,979491.0,1101927375.0,11.5,11.59,11.16,11.25,True,中国交建,False
2023-04-10,13.528,14.098,13.448,13.828,1208840.0,1405880920.0,11.33,11.9,11.25,11.63,True,中国交建,False
2023-04-11,13.808,13.998,13.528,13.998,910158.0,1073986440.0,11.61,11.8,11.33,11.8,True,中国交建,False
2023-04-12,13.998,14.478,13.688,14.178,1152404.0,1380579992.0,11.8,12.28,11.49,11.98,True,中国交建,False
2023-04-13,14.058,14.388,13.878,14.018,819887.0,969106434.0,11.86,12.19,11.68,11.82,True,中国交建,False
2023-04-14,13.998,14.388,13.828,14.248,1274093.0,1535282065.0,11.8,12.19,11.63,12.05,True,中国交建,False
2023-04-17,14.168,14.948,14.078,14.688,1358107.0,1696275643.0,11.97,12.75,11.88,12.49,True,中国交建,False
2023-04-18,14.618,14.838,14.398,14.648,804630.0,1001764350.0,12.42,12.64,12.2,12.45,True,中国交建,False
2023-04-19,14.538,14.718,14.088,14.188,955713.0,1145899887.0,12.34,12.52,11.89,11.99,True,中国交建,False
2023-04-20,14.068,14.928,13.958,14.818,1427188.0,1801111256.0,11.87,12.73,11.76,12.62,True,中国交建,False
2023-04-21,14.708,14.958,14.328,14.358,997947.0,1213503552.0,12.51,12.76,12.13,12.16,True,中国交建,False
2023-04-24,14.358,14.558,13.998,14.198,949171.0,1139005200.0,12.16,12.36,11.8,12.0,True,中国交建,False
2023-04-25,14.188,14.398,14.058,14.258,638094.0,769541364.0,11.99,12.2,11.86,12.06,True,中国交建,False
2023-04-26,14.208,14.228,13.568,13.608,991275.0,1131044775.0,12.01,12.03,11.37,11.41,True,中国交建,False
2023-04-27,13.588,14.098,13.568,13.948,858010.0,1008161750.0,11.39,11.9,11.37,11.75,True,中国交建,False
2023-04-28,13.958,14.708,13.828,14.548,996398.0,1230551530.0,11.76,12.51,11.63,12.35,True,中国交建,False
2023-05-04,14.548,15.168,14.318,14.938,1068760.0,1361600240.0,12.35,12.97,12.12,12.74,True,中国交建,False
2023-05-05,14.908,15.348,14.778,14.878,825104.0,1046231872.0,12.71,13.15,12.58,12.68,True,中国交建,False
2023-05-08,14.938,15.218,14.618,14.798,1027093.0,1294137180.0,12.74,13.02,12.42,12.6,True,中国交建,False
2023-05-09,14.798,15.048,14.148,14.208,1175249.0,1411474049.0,12.6,12.85,11.95,12.01,True,中国交建,False
2023-05-10,14.138,14.278,13.728,13.968,922688.0,1086003776.0,11.94,12.08,11.53,11.77,True,中国交建,False
2023-05-11,13.938,14.018,13.678,13.838,558829.0,650476956.0,11.74,11.82,11.48,11.64,True,中国交建,False
2023-05-12,13.718,13.908,13.318,13.428,746320.0,838117360.0,11.52,11.71,11.12,11.23,True,中国交建,False
2023-05-15,13.428,13.528,13.068,13.498,771229.0,871488770.0,11.23,11.33,10.87,11.3,True,中国交建,False
2023-05-16,13.548,13.548,13.058,13.118,566736.0,618875712.0,11.35,11.35,10.86,10.92,True,中国交建,False
2023-05-17,13.078,13.258,12.908,13.128,487626.0,532975218.0,10.88,11.06,10.71,10.93,True,中国交建,False
2023-05-18,13.148,13.378,12.998,13.238,589498.0,650805792.0,10.95,11.18,10.8,11.04,True,中国交建,False
2023-05-19,13.218,13.238,12.688,13.018,736775.0,797190550.0,11.02,11.04,10.49,10.82,True,中国交建,False
2023-05-22,12.948,13.028,12.788,12.818,422717.0,448925454.0,10.75,10.83,10.59,10.62,True,中国交建,False
2023-05-23,12.818,12.978,12.538,12.538,739832.0,764986288.0,10.62,10.78,10.34,10.34,True,中国交建,False
2023-05-24,12.548,12.548,12.188,12.208,803322.0,804125322.0,10.35,10.35,9.99,10.01,True,中国交建,False
2023-05-25,12.138,12.218,11.998,12.168,566399.0,564699803.0,9.94,10.02,9.8,9.97,True,中国交建,False
2023-05-26,12.188,12.248,12.018,12.158,532455.0,530325180.00000006,9.99,10.05,9.82,9.96,True,中国交建,False
2023-05-29,12.138,12.488,12.118,12.348,709876.0,720524140.0,9.94,10.29,9.92,10.15,True,中国交建,False
2023-05-30,12.348,13.078,12.308,12.768,1086153.0,1148063721.0,10.15,10.88,10.11,10.57,True,中国交建,False
2023-05-31,12.648,12.878,12.588,12.788,552844.0,585461796.0,10.45,10.68,10.39,10.59,True,中国交建,False
2023-06-01,12.788,12.998,12.708,12.848,501435.0,534028275.0,10.59,10.8,10.51,10.65,True,中国交建,False
2023-06-02,12.868,12.898,12.548,12.628,579374.0,604287082.0,10.67,10.7,10.35,10.43,True,中国交建,False
2023-06-05,12.658,12.818,12.608,12.668,323451.0,338653197.0,10.46,10.62,10.41,10.47,True,中国交建,False
2023-06-06,12.658,12.858,12.488,12.538,432231.0,446926854.0,10.46,10.66,10.29,10.34,True,中国交建,False
2023-06-07,12.528,12.648,12.418,12.558,308679.0,319791444.0,10.33,10.45,10.22,10.36,True,中国交建,False
2023-06-08,12.518,12.998,12.478,12.938,680772.0,731149128.0,10.32,10.8,10.28,10.74,True,中国交建,False
2023-06-09,12.908,13.178,12.888,12.928,481564.0,516718172.0,10.71,10.98,10.69,10.73,True,中国交建,False
2023-06-12,12.868,13.038,12.708,12.888,366837.0,392148753.0,10.67,10.84,10.51,10.69,True,中国交建,False
2023-06-13,12.838,12.888,12.638,12.778,471553.0,498903074.0,10.64,10.69,10.44,10.58,True,中国交建,False
2023-06-14,12.768,12.928,12.618,12.628,330397.0,344604071.0,10.57,10.73,10.42,10.43,True,中国交建,False
2023-06-15,12.628,12.688,12.458,12.688,470117.0,493152733.0,10.43,10.49,10.26,10.49,True,中国交建,False
2023-06-16,12.818,13.358,12.808,13.348,1187774.0,1324368010.0,10.62,11.16,10.61,11.15,True,中国交建,False
2023-06-19,13.348,13.348,12.848,13.178,850785.0,934161930.0,11.15,11.15,10.65,10.98,True,中国交建,False
2023-06-20,13.128,13.188,12.998,13.028,487363.0,527814129.0,10.93,10.99,10.8,10.83,True,中国交建,False
2023-06-21,12.998,13.218,12.958,12.958,440408.0,473879008.0,10.8,11.02,10.76,10.76,True,中国交建,False
2023-06-26,12.808,12.828,12.288,12.348,597975.0,606944625.0,10.61,10.63,10.09,10.15,True,中国交建,False
2023-06-27,12.328,12.988,12.328,12.938,655507.0,704014518.0,10.13,10.79,10.13,10.74,True,中国交建,False
2023-06-28,12.948,12.988,12.678,12.948,368634.0,396281550.0,10.75,10.79,10.48,10.75,True,中国交建,False
2023-06-29,12.908,13.318,12.828,13.138,534225.0,584442150.0,10.71,11.12,10.63,10.94,True,中国交建,False
2023-06-30,13.098,13.308,13.038,13.108,377581.0,411940871.0,10.9,11.11,10.84,10.91,True,中国交建,False
2023-07-03,13.058,13.538,13.048,13.348,534439.0,595899485.0,10.86,11.34,10.85,11.15,True,中国交建,False
2023-07-04,13.348,13.558,13.228,13.318,435570.0,484353840.0,11.15,11.36,11.03,11.12,True,中国交建,False
2023-07-05,13.308,13.748,13.308,13.428,681955.0,765835465.0,11.11,11.55,11.11,11.23,True,中国交建,False
2023-07-06,13.408,13.498,13.138,13.168,427821.0,469319637.0,11.21,11.3,10.94,10.97,True,中国交建,False
2023-07-07,13.148,13.338,13.018,13.158,376445.0,412583720.00000006,10.95,11.14,10.82,10.96,True,中国交建,False
2023-07-10,13.168,13.498,13.168,13.488,467448.0,527748792.0,10.97,11.3,10.97,11.29,True,中国交建,False
2023-07-11,13.458,13.568,13.368,13.498,380298.0,429736740.0,11.26,11.37,11.17,11.3,True,中国交建,False
2023-07-12,13.478,13.548,13.158,13.228,419137.0,462308111.0,11.28,11.35,10.96,11.03,True,中国交建,False
2023-07-13,13.298,13.528,13.238,13.428,363676.0,408408148.0,11.1,11.33,11.04,11.23,True,中国交建,False
2023-07-14,13.418,13.558,13.258,13.488,327178.0,369383962.0,11.22,11.36,11.06,11.29,True,中国交建,False
2023-07-17,13.478,13.478,13.248,13.398,256880.0,287705600.0,11.28,11.28,11.05,11.2,True,中国交建,False
2023-07-18,13.464,13.464,13.134,13.174,361378.0,388842728.0,11.05,11.05,10.72,10.76,True,中国交建,False
2023-07-19,13.184,13.324,13.124,13.314,294138.0,320610420.0,10.77,10.91,10.71,10.9,True,中国交建,False
2023-07-20,13.284,13.394,13.144,13.164,235739.0,253419425.0,10.87,10.98,10.73,10.75,True,中国交建,False
2023-07-21,13.144,13.174,12.914,13.074,253330.0,270049780.0,10.73,10.76,10.5,10.66,True,中国交建,False
2023-07-24,13.044,13.244,13.024,13.144,224982.0,241405686.0,10.63,10.83,10.61,10.73,True,中国交建,False
2023-07-25,13.294,13.554,13.294,13.494,447168.0,495462144.0,10.88,11.14,10.88,11.08,True,中国交建,False
2023-07-26,13.494,13.554,13.364,13.424,256403.0,282299703.0,11.08,11.14,10.95,11.01,True,中国交建,False
2023-07-27,13.434,13.504,13.304,13.374,224260.0,245788960.00000003,11.02,11.09,10.89,10.96,True,中国交建,False
2023-07-28,13.314,13.824,13.214,13.764,579880.0,658163800.0,10.9,11.41,10.8,11.35,True,中国交建,False
2023-07-31,13.764,14.384,13.764,14.084,750186.0,875467062.0,11.35,11.97,11.35,11.67,True,中国交建,False
2023-08-01,14.074,14.354,13.934,14.094,387774.0,452920032.0,11.66,11.94,11.52,11.68,True,中国交建,False
2023-08-02,14.104,14.194,13.904,13.964,289768.0,334682040.0,11.69,11.78,11.49,11.55,True,中国交建,False
2023-08-03,13.914,14.054,13.774,14.004,302181.0,350227779.0,11.5,11.64,11.36,11.59,True,中国交建,False
2023-08-04,14.004,14.124,13.854,13.914,477840.0,549516000.0,11.59,11.71,11.44,11.5,True,中国交建,False
2023-08-07,13.844,13.844,13.614,13.664,340540.0,383107500.0,11.43,11.43,11.2,11.25,True,中国交建,False
2023-08-08,13.644,13.774,13.614,13.704,186902.0,211012358.0,11.23,11.36,11.2,11.29,True,中国交建,False
2023-08-09,13.664,13.864,13.574,13.744,275705.0,312373765.0,11.25,11.45,11.16,11.33,True,中国交建,False
2023-08-10,13.744,13.864,13.664,13.784,219050.0,249059850.0,11.33,11.45,11.25,11.37,True,中国交建,False
2023-08-11,13.754,13.944,13.364,13.384,444622.0,487750334.0,11.34,11.53,10.95,10.97,True,中国交建,False
2023-08-14,13.174,13.964,13.174,13.834,586954.0,670301468.0,10.76,11.55,10.76,11.42,True,中国交建,False
2023-08-15,13.784,13.884,13.634,13.864,339707.0,388964515.0,11.37,11.47,11.22,11.45,True,中国交建,False
2023-08-16,13.774,13.854,13.524,13.654,314937.0,353989188.0,11.36,11.44,11.11,11.24,True,中国交建,False
2023-08-17,13.634,13.784,13.544,13.784,247049.0,280894713.0,11.22,11.37,11.13,11.37,True,中国交建,False
2023-08-18,13.754,13.844,13.384,13.394,394595.0,433265310.0,11.34,11.43,10.97,10.98,True,中国交建,False
2023-08-21,13.324,13.644,13.324,13.394,282507.0,310192686.0,10.91,11.23,10.91,10.98,True,中国交建,False
2023-08-22,13.404,13.754,13.404,13.694,422300.0,476354400.0,10.99,11.34,10.99,11.28,True,中国交建,False
2023-08-23,13.694,13.694,13.324,13.354,365221.0,399551774.0,11.28,11.28,10.91,10.94,True,中国交建,False
2023-08-24,13.344,13.414,12.264,12.264,1376690.0,1356039650.0,10.93,11.0,9.85,9.85,True,中国交建,False
2023-08-25,12.054,12.174,11.814,11.944,734229.0,699720237.0,9.64,9.76,9.4,9.53,True,中国交建,False
2023-08-28,12.514,12.514,11.904,12.014,709812.0,681419520.0,10.1,10.1,9.49,9.6,True,中国交建,False
2023-08-29,11.994,12.204,11.864,12.114,549539.0,533052830.0,9.58,9.79,9.45,9.7,True,中国交建,False
2023-08-30,12.094,12.144,11.734,11.794,654483.0,613905054.0,9.68,9.73,9.32,9.38,True,中国交建,False
2023-08-31,11.814,11.964,11.774,11.854,438792.0,414219648.0,9.4,9.55,9.36,9.44,True,中国交建,False
2023-09-01,11.904,12.094,11.894,11.984,506731.0,484941567.0,9.49,9.68,9.48,9.57,True,中国交建,False
2023-09-04,12.004,12.204,11.994,12.144,498853.0,485383969.0,9.59,9.79,9.58,9.73,True,中国交建,False
2023-09-05,12.124,12.144,11.904,11.964,359711.0,343524005.0,9.71,9.73,9.49,9.55,True,中国交建,False
2023-09-06,11.934,11.954,11.844,11.924,248543.0,236364393.0,9.52,9.54,9.43,9.51,True,中国交建,False
2023-09-07,11.904,11.984,11.764,11.794,267735.0,251135430.00000003,9.49,9.57,9.35,9.38,True,中国交建,False
2023-09-08,11.774,11.844,11.734,11.794,206414.0,193616332.00000003,9.36,9.43,9.32,9.38,True,中国交建,False
2023-09-11,11.864,11.914,11.754,11.874,312368.0,295500128.0,9.45,9.5,9.34,9.46,True,中国交建,False
2023-09-12,11.884,12.014,11.814,11.864,318943.0,301401135.0,9.47,9.6,9.4,9.45,True,中国交建,False
2023-09-13,11.874,11.914,11.754,11.794,293345.0,275157610.0,9.46,9.5,9.34,9.38,True,中国交建,False
2023-09-14,11.764,11.844,11.714,11.774,276974.0,259247664.0,9.35,9.43,9.3,9.36,True,中国交建,False
2023-09-15,11.794,11.814,11.424,11.484,718189.0,651397423.0,9.38,9.4,9.01,9.07,True,中国交建,False
2023-09-18,11.474,11.534,11.384,11.504,455693.0,414224937.0,9.06,9.12,8.97,9.09,True,中国交建,False
2023-09-19,11.514,11.584,11.444,11.504,306414.0,278530326.0,9.1,9.17,9.03,9.09,True,中国交建,False
2023-09-20,11.504,11.514,11.414,11.454,262305.0,237123720.0,9.09,9.1,9.0,9.04,True,中国交建,False
2023-09-21,11.464,11.484,11.294,11.304,373184.0,331760576.0,9.05,9.07,8.88,8.89,True,中国交建,False
2023-09-22,11.344,11.494,11.264,11.494,384929.0,349515532.0,8.93,9.08,8.85,9.08,True,中国交建,False
2023-09-25,11.484,11.484,11.274,11.314,334384.0,297601760.0,9.07,9.07,8.86,8.9,True,中国交建,False
2023-09-26,11.294,11.334,11.194,11.234,379926.0,335094732.0,8.88,8.92,8.78,8.82,True,中国交建,False
2023-09-27,11.294,11.514,11.274,11.494,621701.0,564504508.0,8.88,9.1,8.86,9.08,True,中国交建,False
2023-09-28,11.464,11.584,11.394,11.574,361207.0,330865612.0,9.05,9.17,8.98,9.16,True,中国交建,False
2023-10-09,11.574,11.614,11.424,11.474,338903.0,307046118.0,9.16,9.2,9.01,9.06,True,中国交建,False
2023-10-10,11.534,11.564,10.584,10.704,1601592.0,1327719767.9999998,9.12,9.15,8.17,8.29,True,中国交建,False
2023-10-11,10.714,10.934,10.714,10.794,671155.0,562427890.0,8.3,8.52,8.3,8.38,True,中国交建,False
2023-10-12,10.854,11.104,10.854,10.994,672693.0,577170594.0,8.44,8.69,8.44,8.58,True,中国交建,False
2023-10-13,10.914,10.964,10.814,10.834,314756.0,265024552.0,8.5,8.55,8.4,8.42,True,中国交建,False
2023-10-16,10.854,10.904,10.784,10.804,244909.0,205478651.0,8.44,8.49,8.37,8.39,True,中国交建,False
2023-10-17,10.864,10.974,10.794,10.904,322254.0,273593646.0,8.45,8.56,8.38,8.49,True,中国交建,False
2023-10-18,10.844,10.884,10.724,10.734,256910.0,213749120.0,8.43,8.47,8.31,8.32,True,中国交建,False
2023-10-19,10.714,10.744,10.584,10.584,280937.0,229525529.0,8.3,8.33,8.17,8.17,True,中国交建,False
2023-10-20,10.564,10.624,10.454,10.484,297294.0,239916258.0,8.15,8.21,8.04,8.07,True,中国交建,False
2023-10-23,10.504,10.514,10.234,10.334,349679.0,276945768.0,8.09,8.1,7.82,7.92,True,中国交建,False
2023-10-24,10.384,10.404,10.204,10.324,425140.0,336285740.0,7.97,7.99,7.79,7.91,True,中国交建,False
2023-10-25,10.614,10.704,10.434,10.484,645577.0,520980639.0,8.2,8.29,8.02,8.07,True,中国交建,False
2023-10-26,10.374,10.544,10.324,10.524,357893.0,290251223.0,7.96,8.13,7.91,8.11,True,中国交建,False
2023-10-27,10.504,10.654,10.404,10.624,367871.0,302022091.00000006,8.09,8.24,7.99,8.21,True,中国交建,False
2023-10-30,10.564,10.644,10.514,10.574,316808.0,258515328.0,8.15,8.23,8.1,8.16,True,中国交建,False
2023-10-31,10.594,10.604,10.474,10.534,258824.0,210165088.0,8.18,8.19,8.06,8.12,True,中国交建,False
2023-11-01,10.534,10.564,10.464,10.494,222112.0,179466496.0,8.12,8.15,8.05,8.08,True,中国交建,False
2023-11-02,10.494,10.554,10.414,10.424,218974.0,175398174.0,8.08,8.14,8.0,8.01,True,中国交建,False
2023-11-03,10.414,10.474,10.364,10.414,306088.0,244870400.0,8.0,8.06,7.95,8.0,True,中国交建,False
2023-11-06,10.424,10.564,10.424,10.544,381655.0,310285515.00000006,8.01,8.15,8.01,8.13,True,中国交建,False
2023-11-07,10.524,10.554,10.454,10.504,294039.0,237877551.0,8.11,8.14,8.04,8.09,True,中国交建,False
2023-11-08,10.464,10.484,10.334,10.434,458927.0,368059454.0,8.05,8.07,7.92,8.02,True,中国交建,False
2023-11-09,10.414,10.584,10.384,10.454,468823.0,376933692.0,8.0,8.17,7.97,8.04,True,中国交建,False
2023-11-10,10.414,10.424,10.254,10.344,397996.0,315610828.0,8.0,8.01,7.84,7.93,True,中国交建,False
2023-11-13,10.344,10.464,10.314,10.464,379954.0,305862970.0,7.93,8.05,7.9,8.05,True,中国交建,False
2023-11-14,10.464,10.534,10.394,10.424,314708.0,252081108.0,8.05,8.12,7.98,8.01,True,中国交建,False
2023-11-15,10.484,10.524,10.444,10.494,377214.0,304788912.0,8.07,8.11,8.03,8.08,True,中国交建,False
2023-11-16,10.474,10.484,10.394,10.404,245476.0,196135324.0,8.06,8.07,7.98,7.99,True,中国交建,False
2023-11-17,10.404,10.414,10.324,10.364,259743.0,206495685.0,7.99,8.0,7.91,7.95,True,中国交建,False
2023-11-20,10.354,10.394,10.254,10.374,339985.0,270628060.0,7.94,7.98,7.84,7.96,True,中国交建,False
2023-11-21,10.374,10.534,10.344,10.404,447882.0,357857718.0,7.96,8.12,7.93,7.99,True,中国交建,False
2023-11-22,10.364,10.454,10.314,10.314,264027.0,208581330.0,7.95,8.04,7.9,7.9,True,中国交建,False
2023-11-23,10.294,10.344,10.214,10.334,264929.0,209823768.0,7.88,7.93,7.8,7.92,True,中国交建,False
2023-11-24,10.314,10.414,10.274,10.304,285175.0,225003075.0,7.9,8.0,7.86,7.89,True,中国交建,False
2023-11-27,10.284,10.304,10.064,10.124,480368.0,370363728.0,7.87,7.89,7.65,7.71,True,中国交建,False
2023-11-28,10.114,10.174,10.084,10.134,263728.0,203598016.0,7.7,7.76,7.67,7.72,True,中国交建,False
2023-11-29,10.134,10.154,9.964,9.974,340959.0,257765004.0,7.72,7.74,7.55,7.56,True,中国交建,False
2023-11-30,9.994,10.164,9.984,10.114,390923.0,301010710.0,7.58,7.75,7.57,7.7,True,中国交建,False
2023-12-01,10.134,10.314,10.114,10.304,500951.0,395250339.0,7.72,7.9,7.7,7.89,True,中国交建,False
2023-12-04,10.314,10.334,10.224,10.274,353951.0,278205486.0,7.9,7.92,7.81,7.86,True,中国交建,False
2023-12-05,10.254,10.254,10.124,10.134,238822.0,184370584.0,7.84,7.84,7.71,7.72,True,中国交建,False
2023-12-06,10.114,10.134,10.024,10.084,239069.0,183365923.0,7.7,7.72,7.61,7.67,True,中国交建,False
2023-12-07,10.034,10.104,10.024,10.054,268608.0,205216512.0,7.62,7.69,7.61,7.64,True,中国交建,False
2023-12-08,10.064,10.064,9.964,9.984,316185.0,239352045.0,7.65,7.65,7.55,7.57,True,中国交建,False
2023-12-11,9.944,10.004,9.744,9.994,446337.0,338323446.0,7.53,7.59,7.33,7.58,True,中国交建,False
2023-12-12,9.954,10.144,9.924,10.144,382522.0,295689506.0,7.54,7.73,7.51,7.73,True,中国交建,False
2023-12-13,10.164,10.164,10.014,10.034,265020.0,201945240.0,7.75,7.75,7.6,7.62,True,中国交建,False
2023-12-14,10.034,10.084,9.994,9.994,182426.0,138278908.0,7.62,7.67,7.58,7.58,True,中国交建,False
2023-12-15,10.064,10.074,9.974,9.984,203927.0,154372739.0,7.65,7.66,7.56,7.57,True,中国交建,False
2023-12-18,9.954,10.044,9.854,9.884,223994.0,167323518.0,7.54,7.63,7.44,7.47,True,中国交建,False
2023-12-19,9.854,9.894,9.764,9.834,191564.0,142140488.0,7.44,7.48,7.35,7.42,True,中国交建,False
2023-12-20,9.834,9.884,9.764,9.764,180684.0,132802740.0,7.42,7.47,7.35,7.35,True,中国交建,False
2023-12-21,9.744,9.874,9.724,9.864,222036.0,165416820.0,7.33,7.46,7.31,7.45,True,中国交建,False
2023-12-22,9.874,9.984,9.814,9.914,237271.0,177953250.0,7.46,7.57,7.4,7.5,True,中国交建,False
2023-12-25,9.914,9.924,9.864,9.894,190977.0,142850796.0,7.5,7.51,7.45,7.48,True,中国交建,False
2023-12-26,9.904,9.934,9.794,9.814,231657.0,171426180.0,7.49,7.52,7.38,7.4,True,中国交建,False
2023-12-27,9.824,9.934,9.794,9.894,216696.0,162088608.0,7.41,7.52,7.38,7.48,True,中国交建,False
2023-12-28,9.874,10.084,9.854,10.064,327786.0,250756290.0,7.46,7.67,7.44,7.65,True,中国交建,False
2023-12-29,10.064,10.094,9.944,10.014,397978.0,302463280.0,7.65,7.68,7.53,7.6,True,中国交建,False
2024-01-02,10.004,10.004,9.924,9.954,371270.0,279937580.0,7.59,7.59,7.51,7.54,True,中国交建,False
2024-01-03,9.934,10.054,9.924,10.054,381013.0,291093932.0,7.52,7.64,7.51,7.64,True,中国交建,False
2024-01-04,10.034,10.074,9.914,9.994,298159.0,226004522.0,7.62,7.66,7.5,7.58,True,中国交建,False
2024-01-05,9.964,10.224,9.924,10.084,687975.0,527676825.0,7.55,7.81,7.51,7.67,True,中国交建,False
2024-01-08,10.074,10.074,9.794,9.794,632057.0,466458066.0,7.66,7.66,7.38,7.38,True,中国交建,False
2024-01-09,9.764,9.874,9.744,9.824,274142.0,203139222.0,7.35,7.46,7.33,7.41,True,中国交建,False
2024-01-10,9.814,9.844,9.744,9.764,222036.0,163196460.0,7.4,7.43,7.33,7.35,True,中国交建,False
2024-01-11,9.764,9.774,9.474,9.674,646215.0,469152090.0,7.35,7.36,7.06,7.26,True,中国交建,False
2024-01-12,9.614,9.794,9.594,9.704,371891.0,271108539.0,7.2,7.38,7.18,7.29,True,中国交建,False
2024-01-15,9.664,9.744,9.574,9.724,297918.0,217778058.0,7.25,7.33,7.16,7.31,True,中国交建,False
2024-01-16,9.694,9.734,9.604,9.704,265177.0,193314033.0,7.28,7.32,7.19,7.29,True,中国交建,False
2024-01-17,9.664,9.674,9.574,9.574,252637.0,180888092.0,7.25,7.26,7.16,7.16,True,中国交建,False
2024-01-18,9.544,9.564,9.274,9.524,602247.0,428197617.0,7.13,7.15,6.86,7.11,True,中国交建,False
2024-01-19,9.464,9.574,9.444,9.544,266533.0,190038029.0,7.05,7.16,7.03,7.13,True,中国交建,False
2024-01-22,9.514,9.574,9.334,9.374,353660.0,246147360.0,7.1,7.16,6.92,6.96,True,中国交建,False
2024-01-23,9.334,9.404,9.224,9.354,313559.0,217609946.0,6.92,6.99,6.81,6.94,True,中国交建,False
2024-01-24,9.384,9.914,9.364,9.914,948186.0,711139500.0,6.97,7.5,6.95,7.5,True,中国交建,False
2024-01-25,9.884,10.664,9.844,10.664,2308114.0,1904194050.0,7.47,8.25,7.43,8.25,True,中国交建,False
2024-01-26,10.714,11.214,10.594,10.924,2412365.0,2052922615.0,8.3,8.8,8.18,8.51,True,中国交建,False
2024-01-29,10.914,11.774,10.824,11.354,3160269.0,2825280486.0,8.5,9.36,8.41,8.94,True,中国交建,False
2024-01-30,11.314,11.674,11.164,11.294,2540430.0,2255901840.0,8.9,9.26,8.75,8.88,True,中国交建,False
2024-01-31,11.194,11.454,11.044,11.164,1834247.0,1604966125.0,8.78,9.04,8.63,8.75,True,中国交建,False
2024-02-01,10.974,11.134,10.754,10.844,1940087.0,1635493341.0,8.56,8.72,8.34,8.43,True,中国交建,False
2024-02-02,10.814,11.254,10.664,10.934,2078493.0,1770876036.0,8.4,8.84,8.25,8.52,True,中国交建,False
2024-02-05,10.734,10.944,10.324,10.414,1868458.0,1494766400.0,8.32,8.53,7.91,8.0,True,中国交建,False
2024-02-06,10.264,10.704,10.074,10.604,1723102.0,1411220538.0,7.85,8.29,7.66,8.19,True,中国交建,False
2024-02-07,10.514,10.854,10.364,10.754,1507565.0,1257309210.0,8.1,8.44,7.95,8.34,True,中国交建,False
2024-02-08,10.714,10.834,10.604,10.754,1266506.0,1056266004.0,8.3,8.42,8.19,8.34,True,中国交建,False
2024-02-19,10.744,10.984,10.624,10.944,1531314.0,1306210842.0,8.33,8.57,8.21,8.53,True,中国交建,False
2024-02-20,10.894,10.924,10.764,10.864,1059822.0,895549589.9999999,8.48,8.51,8.35,8.45,True,中国交建,False
2024-02-21,10.814,11.444,10.784,11.174,1880716.0,1647507216.0,8.4,9.03,8.37,8.76,True,中国交建,False
2024-02-22,11.054,11.224,10.994,11.224,1286513.0,1133417953.0,8.64,8.81,8.58,8.81,True,中国交建,False
2024-02-23,11.184,11.204,11.024,11.104,1071061.0,930752009.0,8.77,8.79,8.61,8.69,True,中国交建,False
2024-02-26,11.044,11.054,10.764,10.824,1233083.0,1037022803.0,8.63,8.64,8.35,8.41,True,中国交建,False
2024-02-27,10.784,10.904,10.764,10.904,795748.0,675590052.0,8.37,8.49,8.35,8.49,True,中国交建,False
2024-02-28,10.874,11.164,10.844,10.944,1546530.0,1319190090.0,8.46,8.75,8.43,8.53,True,中国交建,False
2024-02-29,10.814,10.974,10.784,10.974,1002069.0,857771064.0,8.4,8.56,8.37,8.56,True,中国交建,False
2024-03-01,10.934,10.974,10.784,10.844,861820.0,726514260.0,8.52,8.56,8.37,8.43,True,中国交建,False
2024-03-04,10.804,10.824,10.644,10.784,806251.0,674832086.9999999,8.39,8.41,8.23,8.37,True,中国交建,False
2024-03-05,10.724,10.934,10.694,10.934,973697.0,829589844.0,8.31,8.52,8.28,8.52,True,中国交建,False
2024-03-06,10.924,10.964,10.784,10.834,622820.0,524414440.0,8.51,8.55,8.37,8.42,True,中国交建,False
2024-03-07,10.804,10.944,10.694,10.714,804784.0,667970720.0,8.39,8.53,8.28,8.3,True,中国交建,False
2024-03-08,10.664,10.744,10.604,10.724,565131.0,469623861.0,8.25,8.33,8.19,8.31,True,中国交建,False
2024-03-11,10.734,10.804,10.664,10.724,503586.0,418479966.0,8.32,8.39,8.25,8.31,True,中国交建,False
2024-03-12,10.724,10.724,10.634,10.664,553718.0,456817350.0,8.31,8.31,8.22,8.25,True,中国交建,False
2024-03-13,10.654,10.664,10.544,10.564,479392.0,390704480.0,8.24,8.25,8.13,8.15,True,中国交建,False
2024-03-14,10.534,10.864,10.534,10.724,1031545.0,857213895.0,8.12,8.45,8.12,8.31,True,中国交建,False
2024-03-15,10.654,10.674,10.544,10.634,550578.0,452575116.00000006,8.24,8.26,8.13,8.22,True,中国交建,False
2024-03-18,10.634,10.884,10.614,10.794,806524.0,675867112.0000001,8.22,8.47,8.2,8.38,True,中国交建,False
2024-03-19,10.744,10.844,10.664,10.674,507362.0,419081012.0,8.33,8.43,8.25,8.26,True,中国交建,False
2024-03-20,10.674,10.734,10.604,10.704,423079.0,350732490.99999994,8.26,8.32,8.19,8.29,True,中国交建,False
2024-03-21,10.694,10.724,10.654,10.694,337479.0,279432612.0,8.28,8.31,8.24,8.28,True,中国交建,False
2024-03-22,10.684,10.684,10.544,10.594,479005.0,391826090.0,8.27,8.27,8.13,8.18,True,中国交建,False
2024-03-25,10.554,10.754,10.544,10.624,486092.0,399081532.00000006,8.14,8.34,8.13,8.21,True,中国交建,False
2024-03-26,10.604,10.794,10.584,10.794,586351.0,491362138.00000006,8.19,8.38,8.17,8.38,True,中国交建,False
2024-03-27,10.774,10.914,10.694,10.694,712545.0,589987260.0,8.36,8.5,8.28,8.28,True,中国交建,False
2024-03-28,10.624,10.714,10.574,10.644,595841.0,490377143.0,8.21,8.3,8.16,8.23,True,中国交建,False
2024-03-29,10.804,11.044,10.804,11.034,1469873.0,1267030526.0,8.39,8.63,8.39,8.62,True,中国交建,False
2024-04-01,11.094,11.354,11.044,11.254,1133540.0,1002049360.0,8.68,8.94,8.63,8.84,True,中国交建,False
2024-04-02,11.214,11.354,11.194,11.284,806807.0,715637808.9999999,8.8,8.94,8.78,8.87,True,中国交建,False
2024-04-03,11.284,11.374,11.184,11.284,535828.0,475279436.0,8.87,8.96,8.77,8.87,True,中国交建,False
2024-04-08,11.254,11.354,11.074,11.294,580728.0,515686464.00000006,8.84,8.94,8.66,8.88,True,中国交建,False
2024-04-09,11.284,11.324,11.064,11.084,561431.0,486760677.0,8.87,8.91,8.65,8.67,True,中国交建,False
2024-04-10,11.074,11.164,10.924,10.974,404047.0,345864232.0,8.66,8.75,8.51,8.56,True,中国交建,False
2024-04-11,10.914,11.194,10.864,11.054,466911.0,403411104.0,8.5,8.78,8.45,8.64,True,中国交建,False
2024-04-12,10.994,11.094,10.914,10.944,365855.0,312074315.0,8.58,8.68,8.5,8.53,True,中国交建,False
2024-04-15,10.984,11.794,10.984,11.794,2095920.0,1965972960.0,8.57,9.38,8.57,9.38,True,中国交建,False
2024-04-16,11.884,12.314,11.764,11.864,2845107.0,2688626115.0,9.47,9.9,9.35,9.45,True,中国交建,False
2024-04-17,11.614,11.974,11.534,11.934,1967180.0,1872755360.0,9.2,9.56,9.12,9.52,True,中国交建,False
2024-04-18,11.824,12.054,11.764,11.834,1460024.0,1375342608.0,9.41,9.64,9.35,9.42,True,中国交建,False
2024-04-19,11.784,11.904,11.654,11.774,1179317.0,1103840712.0,9.37,9.49,9.24,9.36,True,中国交建,False
2024-04-22,11.814,11.874,11.594,11.624,922393.0,849523953.0000001,9.4,9.46,9.18,9.21,True,中国交建,False
2024-04-23,11.604,11.634,11.384,11.454,849706.0,768134223.9999999,9.19,9.22,8.97,9.04,True,中国交建,False
2024-04-24,11.464,11.554,11.414,11.554,687755.0,628608070.0,9.05,9.14,9.0,9.14,True,中国交建,False
2024-04-25,11.514,11.594,11.434,11.524,590732.0,538156852.0,9.1,9.18,9.02,9.11,True,中国交建,False
2024-04-26,11.474,11.704,11.464,11.694,952415.0,883841119.9999999,9.06,9.29,9.05,9.28,True,中国交建,False
2024-04-29,11.704,11.714,11.504,11.624,902011.0,830752131.0000001,9.29,9.3,9.09,9.21,True,中国交建,False
2024-04-30,11.644,11.654,11.244,11.304,1233699.0,1096758411.0,9.23,9.24,8.83,8.89,True,中国交建,False
2024-05-06,11.344,11.504,11.344,11.444,854122.0,771272166.0,8.93,9.09,8.93,9.03,True,中国交建,False
2024-05-07,11.434,11.444,11.324,11.414,529237.0,476313300.0,9.02,9.03,8.91,9.0,True,中国交建,False
2024-05-08,11.374,11.484,11.324,11.394,439280.0,394473440.0,8.96,9.07,8.91,8.98,True,中国交建,False
2024-05-09,11.364,11.514,11.354,11.464,557664.0,504685920.00000006,8.95,9.1,8.94,9.05,True,中国交建,False
2024-05-10,11.444,11.594,11.434,11.584,739620.0,678231540.0,9.03,9.18,9.02,9.17,True,中国交建,False
2024-05-13,11.524,11.814,11.474,11.754,1119587.0,1045694258.0,9.11,9.4,9.06,9.34,True,中国交建,False
2024-05-14,11.744,11.784,11.614,11.664,656424.0,607192200.0,9.33,9.37,9.2,9.25,True,中国交建,False
2024-05-15,11.624,11.684,11.454,11.494,701107.0,636605156.0,9.21,9.27,9.04,9.08,True,中国交建,False
2024-05-16,11.474,11.664,11.474,11.624,676137.0,622722177.0,9.06,9.25,9.06,9.21,True,中国交建,False
2024-05-17,11.604,11.694,11.494,11.694,676172.0,627487616.0,9.19,9.28,9.08,9.28,True,中国交建,False
2024-05-20,11.684,11.694,11.524,11.594,573551.0,526519818.0,9.27,9.28,9.11,9.18,True,中国交建,False
2024-05-21,11.564,11.664,11.544,11.594,369385.0,339095430.0,9.15,9.25,9.13,9.18,True,中国交建,False
2024-05-22,11.584,11.714,11.544,11.664,594172.0,549609100.0,9.17,9.3,9.13,9.25,True,中国交建,False
2024-05-23,11.614,11.634,11.314,11.384,819151.0,734778447.0,9.2,9.22,8.9,8.97,True,中国交建,False
2024-05-24,11.354,11.454,11.314,11.314,428221.0,381116690.0,8.94,9.04,8.9,8.9,True,中国交建,False
2024-05-27,11.324,11.444,11.284,11.434,375915.0,339075330.0,8.91,9.03,8.87,9.02,True,中国交建,False
2024-05-28,11.424,11.434,11.234,11.274,386987.0,342870482.0,9.01,9.02,8.82,8.86,True,中国交建,False
2024-05-29,11.274,11.324,11.234,11.254,264767.0,234054028.0,8.86,8.91,8.82,8.84,True,中国交建,False
2024-05-30,11.264,11.304,11.164,11.194,307494.0,269979732.0,8.85,8.89,8.75,8.78,True,中国交建,False
2024-05-31,11.194,11.274,11.194,11.214,193848.0,170586240.0,8.78,8.86,8.78,8.8,True,中国交建,False
2024-06-03,11.214,11.304,11.094,11.304,420845.0,374131205.0,8.8,8.89,8.68,8.89,True,中国交建,False
2024-06-04,11.264,11.484,11.264,11.444,556754.0,502748862.0,8.85,9.07,8.85,9.03,True,中国交建,False
2024-06-05,11.424,11.474,11.354,11.364,344795.0,308591525.0,9.01,9.06,8.94,8.95,True,中国交建,False
2024-06-06,11.384,11.534,11.354,11.454,498976.0,451074304.0,8.97,9.12,8.94,9.04,True,中国交建,False
2024-06-07,11.444,11.524,11.354,11.504,472525.0,429525225.0,9.03,9.11,8.94,9.09,True,中国交建,False
2024-06-11,11.534,11.534,11.164,11.274,654753.0,580111158.0,9.12,9.12,8.75,8.86,True,中国交建,False
2024-06-12,11.214,11.284,11.054,11.284,492878.0,437182786.0,8.8,8.87,8.64,8.87,True,中国交建,False
2024-06-13,11.244,11.324,11.144,11.174,350498.0,307036248.0,8.83,8.91,8.73,8.76,True,中国交建,False
2024-06-14,11.104,11.284,11.104,11.194,356638.0,313128164.0,8.69,8.87,8.69,8.78,True,中国交建,False
2024-06-17,11.154,11.274,11.124,11.134,298407.0,260210904.00000003,8.74,8.86,8.71,8.72,True,中国交建,False
2024-06-18,11.134,11.304,11.114,11.284,342614.0,303898618.0,8.72,8.89,8.7,8.87,True,中国交建,False
2024-06-19,11.274,11.354,11.244,11.274,241786.0,214222396.0,8.86,8.94,8.83,8.86,True,中国交建,False
2024-06-20,11.254,11.294,11.164,11.214,250168.0,220147840.00000003,8.84,8.88,8.75,8.8,True,中国交建,False
2024-06-21,11.174,11.294,11.174,11.294,243415.0,216152520.00000003,8.76,8.88,8.76,8.88,True,中国交建,False
2024-06-24,11.254,11.294,11.144,11.204,296757.0,260849403.0,8.84,8.88,8.73,8.79,True,中国交建,False
2024-06-25,11.194,11.324,11.174,11.234,327178.0,288570996.0,8.78,8.91,8.76,8.82,True,中国交建,False
2024-06-26,11.234,11.254,11.054,11.204,343603.0,302027037.0,8.82,8.84,8.64,8.79,True,中国交建,False
2024-06-27,11.174,11.234,11.124,11.154,268117.0,234334258.0,8.76,8.82,8.71,8.74,True,中国交建,False
2024-06-28,11.134,11.424,11.124,11.354,537080.0,480149520.0,8.72,9.01,8.71,8.94,True,中国交建,False
2024-07-01,11.334,11.514,11.324,11.474,501392.0,454261152.0,8.92,9.1,8.91,9.06,True,中国交建,False
2024-07-02,11.474,11.494,11.384,11.414,353262.0,317935800.0,9.06,9.08,8.97,9.0,True,中国交建,False
2024-07-03,11.434,11.494,11.354,11.424,312974.0,281989574.0,9.02,9.08,8.94,9.01,True,中国交建,False
2024-07-04,11.424,11.454,11.294,11.324,291248.0,259501968.0,9.01,9.04,8.88,8.91,True,中国交建,False
2024-07-05,11.284,11.304,11.094,11.164,410734.0,359392250.0,8.87,8.89,8.68,8.75,True,中国交建,False
2024-07-08,11.134,11.144,10.764,10.794,639834.0,536180892.00000006,8.72,8.73,8.35,8.38,True,中国交建,False
2024-07-09,10.784,10.914,10.714,10.904,399996.0,339596604.0,8.37,8.5,8.3,8.49,True,中国交建,False
2024-07-10,10.947,10.987,10.837,10.877,338428.0,276495676.0,8.24,8.28,8.13,8.17,True,中国交建,False
2024-07-11,10.927,10.997,10.887,10.987,319511.0,264555108.0,8.22,8.29,8.18,8.28,True,中国交建,False
2024-07-12,10.987,11.077,10.947,11.017,304504.0,253042824.00000003,8.28,8.37,8.24,8.31,True,中国交建,False
2024-07-15,10.987,11.067,10.937,11.047,215844.0,180013896.0,8.28,8.36,8.23,8.34,True,中国交建,False
2024-07-16,11.047,11.057,10.967,11.027,265599.0,220978368.0,8.34,8.35,8.26,8.32,True,中国交建,False
2024-07-17,11.027,11.067,10.997,11.027,238365.0,198319680.0,8.32,8.36,8.29,8.32,True,中国交建,False
2024-07-18,11.017,11.107,10.927,11.097,294876.0,247400964.00000003,8.31,8.4,8.22,8.39,True,中国交建,False
2024-07-19,11.077,11.097,11.017,11.077,232352.0,194478624.0,8.37,8.39,8.31,8.37,True,中国交建,False
2024-07-22,11.067,11.097,10.917,10.977,340115.0,281275105.0,8.36,8.39,8.21,8.27,True,中国交建,False
2024-07-23,10.967,11.017,10.907,10.907,256947.0,210696540.0,8.26,8.31,8.2,8.2,True,中国交建,False
2024-07-24,10.877,11.057,10.857,10.997,368498.0,305484841.99999994,8.17,8.35,8.15,8.29,True,中国交建,False
2024-07-25,10.987,11.077,10.937,10.987,323089.0,267517692.0,8.28,8.37,8.23,8.28,True,中国交建,False
2024-07-26,10.997,11.047,10.907,10.967,275676.0,227708376.0,8.29,8.34,8.2,8.26,True,中国交建,False
2024-07-29,10.957,11.107,10.937,11.087,364628.0,305558264.0,8.25,8.4,8.23,8.38,True,中国交建,False
2024-07-30,11.077,11.117,11.047,11.117,279660.0,235194060.0,8.37,8.41,8.34,8.41,True,中国交建,False
2024-07-31,11.107,11.207,11.087,11.157,480473.0,405999685.0,8.4,8.5,8.38,8.45,True,中国交建,False
2024-08-01,11.147,11.417,11.137,11.357,668984.0,578671160.0,8.44,8.71,8.43,8.65,True,中国交建,False
2024-08-02,11.317,11.427,11.257,11.367,445897.0,386146802.0,8.61,8.72,8.55,8.66,True,中国交建,False
2024-08-05,11.357,11.487,11.277,11.277,377957.0,323909149.0,8.65,8.78,8.57,8.57,True,中国交建,False
2024-08-06,11.307,11.387,11.127,11.227,357018.0,304179336.0,8.6,8.68,8.42,8.52,True,中国交建,False
2024-08-07,11.247,11.347,11.237,11.247,251083.0,214424882.0,8.54,8.64,8.53,8.54,True,中国交建,False
2024-08-08,11.217,11.287,11.197,11.217,196993.0,167641043.0,8.51,8.58,8.49,8.51,True,中国交建,False
2024-08-09,11.217,11.347,11.217,11.257,203539.0,174025845.0,8.51,8.64,8.51,8.55,True,中国交建,False
2024-08-12,11.217,11.307,11.157,11.177,184339.0,156135133.0,8.51,8.6,8.45,8.47,True,中国交建,False
2024-08-13,11.167,11.357,11.137,11.337,243752.0,210357976.00000003,8.46,8.65,8.43,8.63,True,中国交建,False
2024-08-14,11.337,11.437,11.317,11.377,230711.0,200026437.0,8.63,8.73,8.61,8.67,True,中国交建,False
2024-08-15,11.377,11.457,11.307,11.427,252989.0,220606408.00000003,8.67,8.75,8.6,8.72,True,中国交建,False
2024-08-16,11.407,11.467,11.317,11.357,248932.0,215326180.0,8.7,8.76,8.61,8.65,True,中国交建,False
2024-08-19,11.377,11.527,11.377,11.527,340734.0,300527388.0,8.67,8.82,8.67,8.82,True,中国交建,False
2024-08-20,11.517,11.537,11.357,11.437,274957.0,240037461.0,8.81,8.83,8.65,8.73,True,中国交建,False
2024-08-21,11.397,11.447,11.287,11.357,210946.0,182468290.0,8.69,8.74,8.58,8.65,True,中国交建,False
2024-08-22,11.367,11.467,11.347,11.467,235477.0,206277852.0,8.66,8.76,8.64,8.76,True,中国交建,False
2024-08-23,11.457,11.527,11.397,11.487,243470.0,213766660.0,8.75,8.82,8.69,8.78,True,中国交建,False
2024-08-26,11.497,11.567,11.477,11.517,235898.0,207826138.0,8.79,8.86,8.77,8.81,True,中国交建,False
2024-08-27,11.547,11.547,11.337,11.407,260865.0,226952550.0,8.84,8.84,8.63,8.7,True,中国交建,False
2024-08-28,11.367,11.437,11.197,11.227,320782.0,273306264.0,8.66,8.73,8.49,8.52,True,中国交建,False
2024-08-29,11.227,11.227,11.047,11.077,347915.0,291204855.0,8.52,8.52,8.34,8.37,True,中国交建,False
2024-08-30,11.077,11.207,11.047,11.107,367060.0,308330400.0,8.37,8.5,8.34,8.4,True,中国交建,False
2024-09-02,11.007,11.007,10.427,10.477,1046655.0,813250935.0,8.3,8.3,7.72,7.77,True,中国交建,False
2024-09-03,10.437,10.447,10.267,10.327,623066.0,474776292.0,7.73,7.74,7.56,7.62,True,中国交建,False
2024-09-04,10.267,10.317,10.227,10.237,354714.0,267099642.0,7.56,7.61,7.52,7.53,True,中国交建,False
2024-09-05,10.227,10.277,10.127,10.247,404012.0,304625048.0,7.52,7.57,7.42,7.54,True,中国交建,False
2024-09-06,10.217,10.267,10.177,10.187,263803.0,197324644.0,7.51,7.56,7.47,7.48,True,中国交建,False
2024-09-09,10.157,10.157,9.917,9.977,486962.0,354021374.0,7.45,7.45,7.21,7.27,True,中国交建,False
2024-09-10,9.977,10.017,9.897,10.007,284995.0,208046350.0,7.27,7.31,7.19,7.3,True,中国交建,False
2024-09-11,9.967,9.977,9.897,9.937,205777.0,148776771.0,7.26,7.27,7.19,7.23,True,中国交建,False
2024-09-12,9.907,9.987,9.907,9.947,183765.0,133045860.0,7.2,7.28,7.2,7.24,True,中国交建,False
2024-09-13,9.957,9.987,9.837,9.837,217485.0,155066805.0,7.25,7.28,7.13,7.13,True,中国交建,False
2024-09-18,9.827,9.897,9.777,9.887,255268.0,183282424.0,7.12,7.19,7.07,7.18,True,中国交建,False
2024-09-19,9.917,10.047,9.867,10.007,258912.0,189005760.0,7.21,7.34,7.16,7.3,True,中国交建,False
2024-09-20,9.977,10.007,9.887,9.967,235274.0,170808924.0,7.27,7.3,7.18,7.26,True,中国交建,False
2024-09-23,9.967,10.047,9.937,10.027,220576.0,161461632.0,7.26,7.34,7.23,7.32,True,中国交建,False
2024-09-24,10.077,10.307,10.047,10.307,509714.0,387382640.0,7.37,7.6,7.34,7.6,True,中国交建,False
2024-09-25,10.527,11.067,10.527,10.847,1470734.0,1197177476.0,7.82,8.36,7.82,8.14,True,中国交建,False
2024-09-26,10.727,11.387,10.697,11.377,1386091.0,1201740897.0,8.02,8.68,7.99,8.67,True,中国交建,False
2024-09-27,11.497,11.617,11.247,11.497,903029.0,793762490.9999999,8.79,8.91,8.54,8.79,True,中国交建,False
2024-09-30,11.867,12.377,11.687,12.377,1650653.0,1596181451.0,9.16,9.67,8.98,9.67,True,中国交建,False
2024-10-08,13.347,13.347,12.377,12.997,1851900.0,1905605100.0,10.64,10.64,9.67,10.29,True,中国交建,False
2024-10-09,12.667,12.667,11.967,11.967,1412607.0,1308074082.0,9.96,9.96,9.26,9.26,True,中国交建,False
2024-10-10,11.967,12.897,11.947,12.897,1227946.0,1251276974.0,9.26,10.19,9.24,10.19,True,中国交建,False
2024-10-11,13.307,13.917,12.897,13.207,3440385.0,3612404250.0,10.6,11.21,10.19,10.5,True,中国交建,False
2024-10-14,13.107,13.907,12.957,13.427,2518950.0,2700314400.0,10.4,11.2,10.25,10.72,True,中国交建,False
2024-10-15,13.107,13.397,12.777,12.787,1772186.0,1786363488.0,10.4,10.69,10.07,10.08,True,中国交建,False
2024-10-16,12.657,13.007,12.657,12.807,982368.0,992191680.0,9.95,10.3,9.95,10.1,True,中国交建,False
2024-10-17,12.797,12.897,12.527,12.557,906511.0,892913335.0,10.09,10.19,9.82,9.85,True,中国交建,False
2024-10-18,12.457,12.937,12.177,12.817,1305220.0,1319577420.0,9.75,10.23,9.47,10.11,True,中国交建,False
2024-10-21,12.817,13.297,12.687,13.287,1406514.0,1488091812.0,10.11,10.59,9.98,10.58,True,中国交建,False
2024-10-22,13.157,13.347,13.067,13.237,939178.0,988954434.0,10.45,10.64,10.36,10.53,True,中国交建,False
2024-10-23,13.227,13.817,13.217,13.397,1305089.0,1395140141.0,10.52,11.11,10.51,10.69,True,中国交建,False
2024-10-24,13.247,13.337,12.987,13.087,691371.0,717643098.0,10.54,10.63,10.28,10.38,True,中国交建,False
2024-10-25,13.007,13.327,13.007,13.187,553467.0,580033416.0,10.3,10.62,10.3,10.48,True,中国交建,False
2024-10-28,13.067,13.407,12.817,13.197,785619.0,824114331.0,10.36,10.7,10.11,10.49,True,中国交建,False
2024-10-29,13.107,13.367,12.907,12.997,663796.0,683046084.0,10.4,10.66,10.2,10.29,True,中国交建,False
2024-10-30,12.877,13.207,12.877,12.977,487955.0,501129785.0,10.17,10.5,10.17,10.27,True,中国交建,False
2024-10-31,12.897,13.167,12.757,12.987,756526.0,777708728.0,10.19,10.46,10.05,10.28,True,中国交建,False
2024-11-01,12.967,14.017,12.967,13.747,2658976.0,2935509504.0,10.26,11.31,10.26,11.04,True,中国交建,False
2024-11-04,13.467,13.627,13.307,13.607,1476518.0,1609404620.0,10.76,10.92,10.6,10.9,True,中国交建,False
2024-11-05,13.557,14.307,13.507,14.247,1982757.0,2288101578.0,10.85,11.6,10.8,11.54,True,中国交建,False
2024-11-06,14.077,14.497,13.977,14.247,1525527.0,1760458157.9999998,11.37,11.79,11.27,11.54,True,中国交建,False
2024-11-07,14.307,14.987,14.157,14.667,1718267.0,2055047332.0,11.6,12.28,11.45,11.96,True,中国交建,False
2024-11-08,14.717,14.717,14.227,14.277,1380427.0,1597154039.0,12.01,12.01,11.52,11.57,True,中国交建,False
2024-11-11,14.097,14.267,13.877,14.087,1092234.0,1242962292.0,11.39,11.56,11.17,11.38,True,中国交建,False
2024-11-12,14.087,14.197,13.777,13.827,830335.0,923332520.0,11.38,11.49,11.07,11.12,True,中国交建,False
2024-11-13,13.697,14.257,13.667,13.937,865973.0,972487679.0,10.99,11.55,10.96,11.23,True,中国交建,False
2024-11-14,13.867,14.007,13.707,13.717,614466.0,676527066.0,11.16,11.3,11.0,11.01,True,中国交建,False
2024-11-15,13.687,13.977,13.617,13.647,786692.0,860641048.0,10.98,11.27,10.91,10.94,True,中国交建,False
2024-11-18,14.187,14.697,13.967,14.217,2168000.0,2495368000.0,11.48,11.99,11.26,11.51,True,中国交建,False
2024-11-19,13.887,13.957,13.457,13.767,1391276.0,1538751256.0,11.18,11.25,10.75,11.06,True,中国交建,False
2024-11-20,13.707,13.777,13.567,13.677,610516.0,669736052.0,11.0,11.07,10.86,10.97,True,中国交建,False
2024-11-21,13.637,13.707,13.527,13.597,473403.0,515535867.0,10.93,11.0,10.82,10.89,True,中国交建,False
2024-11-22,13.577,13.707,13.067,13.097,871307.0,905287973.0,10.87,11.0,10.36,10.39,True,中国交建,False
2024-11-25,13.117,13.317,12.957,13.147,569074.0,594113256.0,10.41,10.61,10.25,10.44,True,中国交建,False
2024-11-26,13.137,13.167,13.027,13.047,285656.0,295368304.0,10.43,10.46,10.32,10.34,True,中国交建,False
2024-11-27,13.067,13.157,12.877,13.157,378775.0,395819875.0,10.36,10.45,10.17,10.45,True,中国交建,False
2024-11-28,13.177,13.367,13.117,13.237,470582.0,495522846.0,10.47,10.66,10.41,10.53,True,中国交建,False
2024-11-29,13.187,13.407,13.157,13.287,447334.0,473279372.0,10.48,10.7,10.45,10.58,True,中国交建,False
2024-12-02,13.207,13.437,13.187,13.347,540119.0,574686616.0,10.5,10.73,10.48,10.64,True,中国交建,False
2024-12-03,13.337,13.777,13.247,13.697,1073096.0,1179332504.0,10.63,11.07,10.54,10.99,True,中国交建,False
2024-12-04,13.607,13.767,13.527,13.607,492705.0,537048450.0,10.9,11.06,10.82,10.9,True,中国交建,False
2024-12-05,13.597,13.757,13.517,13.587,415221.0,451760448.00000006,10.89,11.05,10.81,10.88,True,中国交建,False
2024-12-06,13.597,13.757,13.597,13.667,514283.0,563654168.0,10.89,11.05,10.89,10.96,True,中国交建,False
2024-12-09,13.627,13.637,13.347,13.407,616954.0,660140780.0,10.92,10.93,10.64,10.7,True,中国交建,False
2024-12-10,13.707,13.797,13.467,13.517,824174.0,890932094.0,11.0,11.09,10.76,10.81,True,中国交建,False
2024-12-11,13.477,13.557,13.437,13.527,334630.0,362069660.0,10.77,10.85,10.73,10.82,True,中国交建,False
2024-12-12,13.537,13.587,13.387,13.587,470123.0,511493824.00000006,10.83,10.88,10.68,10.88,True,中国交建,False
2024-12-13,13.527,13.527,13.267,13.267,470284.0,496619904.0,10.82,10.82,10.56,10.56,True,中国交建,False
2024-12-16,13.237,13.317,13.137,13.187,255887.0,268169576.0,10.53,10.61,10.43,10.48,True,中国交建,False
2024-12-17,13.197,13.327,13.147,13.197,273783.0,287198367.0,10.49,10.62,10.44,10.49,True,中国交建,False
2024-12-18,13.537,13.867,13.437,13.477,946563.0,1019448351.0,10.83,11.16,10.73,10.77,True,中国交建,False
2024-12-19,13.287,13.477,13.267,13.427,522674.0,560306528.0,10.58,10.77,10.56,10.72,True,中国交建,False
2024-12-20,13.367,13.427,13.207,13.217,458765.0,482162015.0,10.66,10.72,10.5,10.51,True,中国交建,False
2024-12-23,13.207,13.487,13.177,13.367,578546.0,616730036.0,10.5,10.78,10.47,10.66,True,中国交建,False
2024-12-24,13.407,13.577,13.317,13.507,464727.0,501905160.00000006,10.7,10.87,10.61,10.8,True,中国交建,False
2024-12-25,13.517,13.687,13.357,13.537,494830.0,535900890.0,10.81,10.98,10.65,10.83,True,中国交建,False
2024-12-26,13.457,13.507,13.287,13.337,450430.0,478807090.00000006,10.75,10.8,10.58,10.63,True,中国交建,False
2024-12-27,13.337,13.397,13.277,13.387,355079.0,379224372.0,10.63,10.69,10.57,10.68,True,中国交建,False
2024-12-30,13.397,13.487,13.327,13.437,325639.0,349410647.0,10.69,10.78,10.62,10.73,True,中国交建,False
2024-12-31,13.437,13.507,13.117,13.157,480875.0,502514375.0,10.73,10.8,10.41,10.45,True,中国交建,False
2025-01-02,13.157,13.187,12.557,12.647,651991.0,648079054.0,10.45,10.48,9.85,9.94,True,中国交建,False
2025-01-03,12.647,12.757,12.497,12.527,370706.0,364033292.0,9.94,10.05,9.79,9.82,True,中国交建,False
2025-01-06,12.527,12.547,12.267,12.487,298965.0,292387770.0,9.82,9.84,9.56,9.78,True,中国交建,False
2025-01-07,12.477,12.527,12.297,12.497,265281.0,259710099.0,9.77,9.82,9.59,9.79,True,中国交建,False
2025-01-08,12.497,12.497,12.217,12.427,328653.0,319450716.0,9.79,9.79,9.51,9.72,True,中国交建,False
2025-01-09,12.377,12.407,12.267,12.277,247103.0,236477571.0,9.67,9.7,9.56,9.57,True,中国交建,False
2025-01-10,12.257,12.337,12.117,12.127,297232.0,279992544.0,9.55,9.63,9.41,9.42,True,中国交建,False
2025-01-13,12.087,12.197,11.977,12.097,249046.0,233854194.0,9.38,9.49,9.27,9.39,True,中国交建,False
2025-01-14,12.137,12.327,12.117,12.317,371501.0,357012461.0,9.43,9.62,9.41,9.61,True,中国交建,False
2025-01-15,12.317,12.317,12.197,12.227,292202.0,278176304.0,9.61,9.61,9.49,9.52,True,中国交建,False
2025-01-16,12.247,12.377,12.237,12.297,286532.0,274784188.0,9.54,9.67,9.53,9.59,True,中国交建,False
2025-01-17,12.287,12.297,12.177,12.237,301980.0,287786940.0,9.58,9.59,9.47,9.53,True,中国交建,False
2025-01-20,12.297,12.367,12.257,12.287,274156.0,262641448.0,9.59,9.66,9.55,9.58,True,中国交建,False
2025-01-21,12.317,12.317,12.157,12.187,279824.0,265273152.0,9.61,9.61,9.45,9.48,True,中国交建,False
2025-01-22,12.207,12.207,12.027,12.117,284616.0,263839032.0,9.36,9.36,9.18,9.27,True,中国交建,False
2025-01-23,12.197,12.357,12.187,12.197,338905.0,316876175.0,9.35,9.51,9.34,9.35,True,中国交建,False
2025-01-24,12.157,12.237,12.117,12.207,298338.0,279244368.0,9.31,9.39,9.27,9.36,True,中国交建,False
2025-01-27,12.217,12.307,12.187,12.267,310420.0,292415640.0,9.37,9.46,9.34,9.42,True,中国交建,False
2025-02-05,12.277,12.277,12.047,12.127,278962.0,258876736.0,9.43,9.43,9.2,9.28,True,中国交建,False
2025-02-06,12.157,12.217,12.047,12.197,294556.0,275409860.0,9.31,9.37,9.2,9.35,True,中国交建,False
2025-02-07,12.197,12.417,12.117,12.377,463544.0,441757432.0,9.35,9.57,9.27,9.53,True,中国交建,False
2025-02-10,12.377,12.517,12.347,12.427,385924.0,369715192.0,9.53,9.67,9.5,9.58,True,中国交建,False
2025-02-11,12.437,12.447,12.307,12.327,269587.0,255568476.0,9.59,9.6,9.46,9.48,True,中国交建,False
2025-02-12,12.297,12.367,12.247,12.367,283196.0,269602592.0,9.45,9.52,9.4,9.52,True,中国交建,False
2025-02-13,12.377,12.507,12.347,12.397,517410.0,494126550.00000006,9.53,9.66,9.5,9.55,True,中国交建,False
2025-02-14,12.397,12.437,12.287,12.427,413800.0,396420400.0,9.55,9.59,9.44,9.58,True,中国交建,False
2025-02-17,12.447,12.487,12.317,12.467,413624.0,397906288.0,9.6,9.64,9.47,9.62,True,中国交建,False
2025-02-18,12.417,12.457,12.257,12.287,431177.0,407031088.0,9.57,9.61,9.41,9.44,True,中国交建,False
2025-02-19,12.247,12.457,12.237,12.317,423541.0,401093327.0,9.4,9.61,9.39,9.47,True,中国交建,False
2025-02-20,12.327,12.327,12.137,12.147,488452.0,454260360.00000006,9.48,9.48,9.29,9.3,True,中国交建,False
2025-02-21,12.117,12.207,12.047,12.147,473848.0,440678640.00000006,9.27,9.36,9.2,9.3,True,中国交建,False
2025-02-24,12.157,12.777,12.117,12.597,1158908.0,1129935300.0,9.31,9.93,9.27,9.75,True,中国交建,False
2025-02-25,12.587,12.647,12.417,12.427,572506.0,548460748.0,9.74,9.8,9.57,9.58,True,中国交建,False
2025-02-26,12.357,12.677,12.357,12.507,557816.0,538850256.0,9.51,9.83,9.51,9.66,True,中国交建,False
2025-02-27,12.517,12.597,12.417,12.557,572599.0,555993629.0,9.67,9.75,9.57,9.71,True,中国交建,False
2025-02-28,12.537,12.887,12.527,12.607,1010482.0,986230432.0,9.69,10.04,9.68,9.76,True,中国交建,False
2025-03-03,12.567,12.637,12.407,12.467,556017.0,534888354.0,9.72,9.79,9.56,9.62,True,中国交建,False
2025-03-04,12.427,12.477,12.357,12.447,345334.0,331520640.0,9.58,9.63,9.51,9.6,True,中国交建,False
2025-03-05,12.427,12.457,12.297,12.387,370782.0,353726027.99999994,9.58,9.61,9.45,9.54,True,中国交建,False
2025-03-06,12.417,12.457,12.307,12.447,488630.0,469084800.0,9.57,9.61,9.46,9.6,True,中国交建,False
2025-03-07,12.387,12.427,12.247,12.257,437383.0,411577403.0,9.54,9.58,9.4,9.41,True,中国交建,False
2025-03-10,12.237,12.277,12.157,12.207,298734.0,279615024.0,9.39,9.43,9.31,9.36,True,中国交建,False
2025-03-11,12.147,12.207,12.127,12.207,244520.0,228870720.0,9.3,9.36,9.28,9.36,True,中国交建,False
2025-03-12,12.227,12.257,12.167,12.197,341114.0,318941590.0,9.38,9.41,9.32,9.35,True,中国交建,False
2025-03-13,12.167,12.317,12.167,12.207,345267.0,323169912.0,9.32,9.47,9.32,9.36,True,中国交建,False
2025-03-14,12.197,12.437,12.177,12.407,673453.0,643821068.0,9.35,9.59,9.33,9.56,True,中国交建,False
2025-03-17,12.397,12.477,12.377,12.437,408700.0,391943300.0,9.55,9.63,9.53,9.59,True,中国交建,False
2025-03-18,12.417,12.467,12.347,12.367,284196.0,270554592.0,9.57,9.62,9.5,9.52,True,中国交建,False
2025-03-19,12.367,12.367,12.227,12.247,359825.0,338235500.0,9.52,9.52,9.38,9.4,True,中国交建,False
2025-03-20,12.237,12.277,12.217,12.227,223853.0,209974114.00000003,9.39,9.43,9.37,9.38,True,中国交建,False
2025-03-21,12.197,12.377,12.197,12.237,466042.0,437613438.0,9.35,9.53,9.35,9.39,True,中国交建,False
2025-03-24,12.277,12.357,12.157,12.237,306909.0,288187551.0,9.43,9.51,9.31,9.39,True,中国交建,False
2025-03-25,12.227,12.367,12.167,12.317,335015.0,317259205.0,9.38,9.52,9.32,9.47,True,中国交建,False
2025-03-26,12.307,12.307,12.217,12.267,200653.0,189015126.0,9.46,9.46,9.37,9.42,True,中国交建,False
2025-03-27,12.237,12.267,12.167,12.177,243975.0,227628675.0,9.39,9.42,9.32,9.33,True,中国交建,False
2025-03-28,12.207,12.217,12.097,12.117,305253.0,282969531.0,9.36,9.37,9.25,9.27,True,中国交建,False
2025-03-31,12.127,12.197,11.987,11.997,364526.0,333541290.0,9.28,9.35,9.14,9.15,True,中国交建,False
2025-04-01,12.017,12.117,11.987,12.097,224833.0,207970525.0,9.17,9.27,9.14,9.25,True,中国交建,False
2025-04-02,12.077,12.137,12.037,12.077,194947.0,179936081.0,9.23,9.29,9.19,9.23,True,中国交建,False
2025-04-03,12.027,12.197,12.027,12.157,272004.0,253235724.0,9.18,9.35,9.18,9.31,True,中国交建,False
2025-04-07,11.937,11.947,11.237,11.527,804908.0,698660144.0,9.09,9.1,8.39,8.68,True,中国交建,False
2025-04-08,11.507,12.157,11.497,12.097,896091.0,828884175.0,8.66,9.31,8.65,9.25,True,中国交建,False
2025-04-09,12.127,12.517,11.947,12.477,927410.0,893095830.0000001,9.28,9.67,9.1,9.63,True,中国交建,False
2025-04-10,12.377,12.447,12.197,12.357,752088.0,715235688.0,9.53,9.6,9.35,9.51,True,中国交建,False
2025-04-11,12.407,12.417,12.127,12.167,574877.0,535785364.0,9.56,9.57,9.28,9.32,True,中国交建,False
2025-04-14,12.207,12.227,12.127,12.187,405448.0,378688432.0,9.36,9.38,9.28,9.34,True,中国交建,False
2025-04-15,12.197,12.197,12.017,12.097,342546.0,316855050.0,9.35,9.35,9.17,9.25,True,中国交建,False
2025-04-16,12.077,12.177,11.997,12.177,386951.0,361025283.0,9.23,9.33,9.15,9.33,True,中国交建,False
2025-04-17,12.147,12.217,12.097,12.187,318376.0,297363184.0,9.3,9.37,9.25,9.34,True,中国交建,False
2025-04-18,12.147,12.167,12.107,12.157,190735.0,177574285.0,9.3,9.32,9.26,9.31,True,中国交建,False
2025-04-21,12.137,12.167,12.077,12.077,223118.0,205937914.0,9.29,9.32,9.23,9.23,True,中国交建,False
2025-04-22,12.107,12.177,12.087,12.157,239466.0,222942846.0,9.26,9.33,9.24,9.31,True,中国交建,False
2025-04-23,12.167,12.197,12.107,12.107,177429.0,164299254.0,9.32,9.35,9.26,9.26,True,中国交建,False
2025-04-24,12.127,12.147,12.077,12.107,158100.0,146400600.0,9.28,9.3,9.23,9.26,True,中国交建,False
2025-04-25,12.097,12.137,12.097,12.127,170640.0,158353920.0,9.25,9.29,9.25,9.28,True,中国交建,False
2025-04-28,11.987,11.997,11.787,11.797,428687.0,383674865.0,9.14,9.15,8.94,8.95,True,中国交建,False
2025-04-29,11.787,11.797,11.697,11.707,240912.0,213448032.0,8.94,8.95,8.85,8.86,True,中国交建,False
2025-04-30,11.727,11.757,11.687,11.697,171803.0,152045655.0,8.88,8.91,8.84,8.85,True,中国交建,False
2025-05-06,11.727,11.757,11.667,11.757,262421.0,233817111.0,8.88,8.91,8.82,8.91,True,中国交建,False
2025-05-07,11.897,11.927,11.767,11.847,304906.0,274415400.0,9.05,9.08,8.92,9.0,True,中国交建,False
2025-05-08,11.807,11.867,11.787,11.817,199202.0,178684194.0,8.96,9.02,8.94,8.97,True,中国交建,False
2025-05-09,11.827,11.847,11.777,11.777,169452.0,151320636.0,8.98,9.0,8.93,8.93,True,中国交建,False
2025-05-12,11.807,11.857,11.777,11.857,196341.0,176903241.0,8.96,9.01,8.93,9.01,True,中国交建,False
2025-05-13,11.897,12.037,11.857,11.987,387788.0,354438232.0,9.05,9.19,9.01,9.14,True,中国交建,False
2025-05-14,11.947,12.027,11.857,12.027,365817.0,335820006.0,9.1,9.18,9.01,9.18,True,中国交建,False
2025-05-15,12.017,12.077,11.917,11.927,252713.0,229463404.0,9.17,9.23,9.07,9.08,True,中国交建,False
2025-05-16,11.947,11.957,11.817,11.857,223075.0,200990575.0,9.1,9.11,8.97,9.01,True,中国交建,False
2025-05-19,11.857,11.857,11.797,11.827,97176.0,87264048.0,9.01,9.01,8.95,8.98,True,中国交建,False
2025-05-20,11.847,11.847,11.787,11.807,177708.0,159226368.00000003,9.0,9.0,8.94,8.96,True,中国交建,False
2025-05-21,11.817,11.827,11.787,11.797,171562.0,153547990.0,8.97,8.98,8.94,8.95,True,中国交建,False
2025-05-22,11.797,11.797,11.677,11.707,220491.0,195355026.0,8.95,8.95,8.83,8.86,True,中国交建,False
2025-05-23,11.717,11.727,11.597,11.597,219032.0,191653000.0,8.87,8.88,8.75,8.75,True,中国交建,False
2025-05-26,11.597,11.607,11.457,11.577,176156.0,153784188.0,8.75,8.76,8.61,8.73,True,中国交建,False
2025-05-27,11.587,11.627,11.547,11.567,135821.0,118435912.0,8.74,8.78,8.7,8.72,True,中国交建,False
2025-05-28,11.587,11.617,11.537,11.597,141095.0,123458125.0,8.74,8.77,8.69,8.75,True,中国交建,False
2025-05-29,11.597,11.667,11.577,11.627,189350.0,166249300.0,8.75,8.82,8.73,8.78,True,中国交建,False
2025-05-30,11.617,11.657,11.557,11.637,150818.0,132569022.0,8.77,8.81,8.71,8.79,True,中国交建,False
2025-06-03,11.647,11.697,11.597,11.697,178449.0,157927365.0,8.8,8.85,8.75,8.85,True,中国交建,False
2025-06-04,11.687,11.727,11.657,11.707,139518.0,123612948.0,8.84,8.88,8.81,8.86,True,中国交建,False
2025-06-05,11.707,11.717,11.657,11.687,127824.0,112996416.0,8.86,8.87,8.81,8.84,True,中国交建,False
2025-06-06,11.687,11.787,11.667,11.697,222681.0,197072685.0,8.84,8.94,8.82,8.85,True,中国交建,False
2025-06-09,11.707,11.727,11.677,11.707,161417.0,143015462.0,8.86,8.88,8.83,8.86,True,中国交建,False
2025-06-10,11.707,11.727,11.627,11.677,199143.0,175843269.0,8.86,8.88,8.78,8.83,True,中国交建,False
2025-06-11,11.667,11.797,11.667,11.777,289400.0,258434200.0,8.82,8.95,8.82,8.93,True,中国交建,False
2025-06-12,11.777,11.787,11.697,11.717,165641.0,146923567.0,8.93,8.94,8.85,8.87,True,中国交建,False
2025-06-13,11.707,11.747,11.667,11.697,225921.0,199940085.0,8.86,8.9,8.82,8.85,True,中国交建,False
2025-06-16,11.697,11.717,11.637,11.677,159732.0,141043356.0,8.85,8.87,8.79,8.83,True,中国交建,False
2025-06-17,11.697,11.747,11.657,11.727,145807.0,129476616.0,8.85,8.9,8.81,8.88,True,中国交建,False
2025-06-18,11.727,11.737,11.647,11.647,132987.0,117028560.0,8.88,8.89,8.8,8.8,True,中国交建,False
2025-06-19,11.637,11.647,11.427,11.487,287083.0,248039712.00000003,8.79,8.8,8.58,8.64,True,中国交建,False
2025-06-20,11.487,11.517,11.437,11.447,142899.0,122893140.0,8.64,8.67,8.59,8.6,True,中国交建,False
2025-06-23,11.367,11.487,11.347,11.467,190110.0,163874820.0,8.52,8.64,8.5,8.62,True,中国交建,False
2025-06-24,11.507,11.767,11.487,11.757,483017.0,430368147.0,8.66,8.92,8.64,8.91,True,中国交建,False
2025-06-25,11.767,11.837,11.697,11.837,313369.0,281718731.0,8.92,8.99,8.85,8.99,True,中国交建,False
2025-06-26,11.807,11.847,11.757,11.757,201195.0,179264745.0,8.96,9.0,8.91,8.91,True,中国交建,False
2025-06-27,11.767,11.867,11.757,11.777,241741.0,215874713.0,8.92,9.02,8.91,8.93,True,中国交建,False
2025-06-30,11.777,11.817,11.707,11.737,241262.0,214481918.0,8.93,8.97,8.86,8.89,True,中国交建,False
2025-07-01,11.748,11.758,11.658,11.708,186039.0,161853930.0,8.74,8.75,8.65,8.7,True,中国交建,False
2025-07-02,11.708,11.898,11.678,11.868,316668.0,280567848.0,8.7,8.89,8.67,8.86,True,中国交建,False
2025-07-03,11.888,11.888,11.798,11.868,187009.0,165689974.0,8.88,8.88,8.79,8.86,True,中国交建,False
2025-07-04,11.848,11.898,11.838,11.858,195263.0,172807755.0,8.84,8.89,8.83,8.85,True,中国交建,False
2025-07-07,11.848,11.868,11.808,11.868,117362.0,103982732.0,8.84,8.86,8.8,8.86,True,中国交建,False
2025-07-08,11.868,11.928,11.818,11.918,211781.0,188696871.0,8.86,8.92,8.81,8.91,True,中国交建,False
2025-07-09,11.928,12.298,11.898,12.098,689688.0,626926392.0,8.92,9.29,8.89,9.09,True,中国交建,False
2025-07-10,12.038,12.168,12.038,12.108,424489.0,386284990.0,9.03,9.16,9.03,9.1,True,中国交建,False
2025-07-11,12.148,12.258,12.058,12.058,582274.0,526957970.00000006,9.14,9.25,9.05,9.05,True,中国交建,False
2025-07-14,12.078,12.218,12.058,12.068,427930.0,387704580.0,9.07,9.21,9.05,9.06,True,中国交建,False
2025-07-15,12.068,12.088,11.958,11.988,328135.0,294665230.0,9.06,9.08,8.95,8.98,True,中国交建,False
2025-07-16,11.968,12.018,11.888,11.928,258878.0,230919176.0,8.96,9.01,8.88,8.92,True,中国交建,False
2025-07-17,11.938,11.968,11.888,11.958,202571.0,181301045.0,8.93,8.96,8.88,8.95,True,中国交建,False
2025-07-18,11.948,11.998,11.918,11.998,286883.0,257907817.0,8.94,8.99,8.91,8.99,True,中国交建,False
2025-07-21,12.508,12.608,12.218,12.398,1646072.0,1545661608.0,9.5,9.6,9.21,9.39,True,中国交建,False
2025-07-22,12.428,13.338,12.278,13.338,1951524.0,2015924292.0,9.42,10.33,9.27,10.33,True,中国交建,False
2025-07-23,13.608,13.608,12.808,12.808,2936105.0,2877382900.0,10.6,10.6,9.8,9.8,True,中国交建,False
2025-07-24,12.618,12.928,12.528,12.758,1553172.0,1514342700.0,9.61,9.92,9.52,9.75,True,中国交建,False
2025-07-25,12.708,12.758,12.478,12.478,1096536.0,1038419592.0,9.7,9.75,9.47,9.47,True,中国交建,False
2025-07-28,12.488,12.528,12.408,12.418,593062.0,558071342.0,9.48,9.52,9.4,9.41,True,中国交建,False
2025-07-29,12.388,12.448,12.278,12.408,675415.0,634890100.0,9.38,9.44,9.27,9.4,True,中国交建,False
2025-07-30,12.378,12.448,12.318,12.348,463317.0,432738078.0,9.37,9.44,9.31,9.34,True,中国交建,False
2025-07-31,12.318,12.348,12.188,12.208,501745.0,461605400.0,9.31,9.34,9.18,9.2,True,中国交建,False
2025-08-01,12.218,12.268,12.178,12.228,321743.0,296647046.0,9.21,9.26,9.17,9.22,True,中国交建,False
2025-08-04,12.198,12.248,12.178,12.228,214920.0,198156240.0,9.19,9.24,9.17,9.22,True,中国交建,False
2025-08-05,12.218,12.238,12.208,12.228,247654.0,228336988.00000003,9.21,9.23,9.2,9.22,True,中国交建,False
2025-08-06,12.238,12.238,12.178,12.218,275461.0,253699581.00000003,9.23,9.23,9.17,9.21,True,中国交建,False
2025-08-07,12.408,12.418,12.268,12.288,623582.0,578684096.0,9.4,9.41,9.26,9.28,True,中国交建,False
2025-08-08,12.268,12.418,12.248,12.408,558420.0,524914800.0,9.26,9.41,9.24,9.4,True,中国交建,False
2025-08-11,12.448,12.478,12.358,12.368,475150.0,444740400.0,9.44,9.47,9.35,9.36,True,中国交建,False
2025-08-12,12.378,12.398,12.298,12.308,403040.0,374827200.0,9.37,9.39,9.29,9.3,True,中国交建,False
2025-08-13,12.318,12.348,12.268,12.278,423142.0,392252634.0,9.31,9.34,9.26,9.27,True,中国交建,False
2025-08-14,12.298,12.348,12.178,12.188,431602.0,396210636.0,9.29,9.34,9.17,9.18,True,中国交建,False
2025-08-15,12.168,12.258,12.148,12.248,440206.0,406750344.0,9.16,9.25,9.14,9.24,True,中国交建,False
2025-08-18,12.258,12.318,12.228,12.268,469957.0,435180182.0,9.25,9.31,9.22,9.26,True,中国交建,False
2025-08-19,12.278,12.308,12.218,12.248,337818.0,312143832.0,9.27,9.3,9.21,9.24,True,中国交建,False
2025-08-20,12.248,12.278,12.208,12.278,357160.0,331087320.0,9.24,9.27,9.2,9.27,True,中国交建,False
2025-08-21,12.308,12.558,12.288,12.428,982524.0,925537608.0,9.3,9.55,9.28,9.42,True,中国交建,False
2025-08-22,12.388,12.628,12.338,12.598,744067.0,713560253.0,9.38,9.62,9.33,9.59,True,中国交建,False
2025-08-25,12.598,12.668,12.548,12.638,778794.0,749978622.0000001,9.59,9.66,9.54,9.63,True,中国交建,False
2025-08-26,12.608,12.608,12.508,12.538,483508.0,460783124.0,9.6,9.6,9.5,9.53,True,中国交建,False
2025-08-27,12.528,12.548,12.278,12.308,799838.0,743849340.0,9.52,9.54,9.27,9.3,True,中国交建,False
2025-08-28,12.278,12.328,12.138,12.298,646787.0,600865123.0,9.27,9.32,9.13,9.29,True,中国交建,False
2025-08-29,12.338,12.538,12.148,12.168,1151184.0,1054484544.0,9.33,9.53,9.14,9.16,True,中国交建,False
2025-09-01,12.078,12.098,12.008,12.038,699823.0,631940169.0,9.07,9.09,9.0,9.03,True,中国交建,False
2025-09-02,12.038,12.058,11.908,12.008,447377.0,402639300.0,9.03,9.05,8.9,9.0,True,中国交建,False
2025-09-03,12.018,12.048,11.858,11.908,375015.0,333763350.0,9.01,9.04,8.85,8.9,True,中国交建,False
2025-09-04,11.898,11.908,11.818,11.888,337332.0,299550816.0,8.89,8.9,8.81,8.88,True,中国交建,False
2025-09-05,11.908,11.938,11.848,11.928,296122.0,264140824.0,8.9,8.93,8.84,8.92,True,中国交建,False
2025-09-08,11.928,12.008,11.888,11.988,350660.0,314892680.0,8.92,9.0,8.88,8.98,True,中国交建,False
2025-09-09,11.968,11.968,11.868,11.898,294647.0,261941183.00000003,8.96,8.96,8.86,8.89,True,中国交建,False
2025-09-10,11.868,11.898,11.818,11.838,251349.0,221941167.0,8.86,8.89,8.81,8.83,True,中国交建,False
2025-09-11,11.828,11.968,11.808,11.958,426859.0,382038805.0,8.82,8.96,8.8,8.95,True,中国交建,False
2025-09-12,11.938,12.058,11.938,11.978,471553.0,422983041.00000006,8.93,9.05,8.93,8.97,True,中国交建,False
2025-09-15,11.968,12.038,11.918,11.948,256799.0,229578306.0,8.96,9.03,8.91,8.94,True,中国交建,False
2025-09-16,11.938,11.958,11.828,11.888,287102.0,254946576.00000003,8.93,8.95,8.82,8.88,True,中国交建,False
2025-09-17,11.878,12.008,11.848,11.968,359399.0,322021504.00000006,8.87,9.0,8.84,8.96,True,中国交建,False
2025-09-18,11.938,11.988,11.818,11.838,410755.0,362696665.0,8.93,8.98,8.81,8.83,True,中国交建,False
2025-09-19,11.858,11.898,11.838,11.888,229213.0,203541144.00000003,8.85,8.89,8.83,8.88,True,中国交建,False
2025-09-22,11.888,11.888,11.708,11.728,407207.0,355084504.0,8.88,8.88,8.7,8.72,True,中国交建,False
2025-09-23,11.738,11.838,11.668,11.808,399878.0,351892640.0,8.73,8.83,8.66,8.8,True,中国交建,False
2025-09-24,11.768,11.798,11.718,11.758,266632.0,233303000.0,8.76,8.79,8.71,8.75,True,中国交建,False
2025-09-25,11.748,11.768,11.678,11.678,235834.0,204468078.0,8.74,8.76,8.67,8.67,True,中国交建,False
2025-09-26,11.658,11.708,11.628,11.658,221492.0,191590580.0,8.65,8.7,8.62,8.65,True,中国交建,False
2025-09-29,11.638,11.778,11.578,11.738,332725.0,290468925.0,8.63,8.77,8.57,8.73,True,中国交建,False
2025-09-30,11.708,11.788,11.678,11.748,264567.0,231231558.0,8.7,8.78,8.67,8.74,True,中国交建,False
2025-10-09,11.738,11.968,11.728,11.948,566319.0,506289186.0,8.73,8.96,8.72,8.94,True,中国交建,False
2025-10-10,11.908,12.088,11.878,11.978,547462.0,491073414.00000006,8.9,9.08,8.87,8.97,True,中国交建,False
2025-10-13,11.848,11.928,11.778,11.908,446212.0,397128680.0,8.84,8.92,8.77,8.9,True,中国交建,False
2025-10-14,11.918,11.998,11.878,11.898,401546.0,356974394.0,8.91,8.99,8.87,8.89,True,中国交建,False
2025-10-15,11.898,11.978,11.848,11.908,304966.0,271419740.0,8.89,8.97,8.84,8.9,True,中国交建,False
2025-10-16,11.888,11.908,11.828,11.878,240728.0,213525736.0,8.88,8.9,8.82,8.87,True,中国交建,False
2025-10-17,11.878,11.918,11.728,11.748,318522.0,278388228.0,8.87,8.91,8.72,8.74,True,中国交建,False
2025-10-20,11.758,11.798,11.688,11.738,213682.0,186544386.0,8.75,8.79,8.68,8.73,True,中国交建,False
2025-10-21,11.758,11.928,11.748,11.918,426823.0,380299293.0,8.75,8.92,8.74,8.91,True,中国交建,False
2025-10-22,11.988,12.078,11.938,11.958,487498.0,436310710.0,8.98,9.07,8.93,8.95,True,中国交建,False
2025-10-23,11.898,11.978,11.818,11.978,367063.0,329255511.0,8.89,8.97,8.81,8.97,True,中国交建,False
2025-10-24,11.968,12.028,11.888,11.898,287598.0,255674622.00000003,8.96,9.02,8.88,8.89,True,中国交建,False
2025-10-27,11.928,12.008,11.888,11.978,338209.0,303373473.0,8.92,9.0,8.88,8.97,True,中国交建,False
2025-10-28,11.978,11.978,11.838,11.868,364061.0,322558046.0,8.97,8.97,8.83,8.86,True,中国交建,False
2025-10-29,11.838,11.888,11.808,11.888,254437.0,225940056.00000003,8.83,8.88,8.8,8.88,True,中国交建,False
2025-10-30,11.888,11.958,11.838,11.858,303231.0,268359435.0,8.88,8.95,8.83,8.85,True,中国交建,False
2025-10-31,11.828,11.848,11.708,11.728,502994.0,438610768.00000006,8.82,8.84,8.7,8.72,True,中国交建,False
2025-11-03,11.728,11.788,11.708,11.778,225019.0,197341663.0,8.72,8.78,8.7,8.77,True,中国交建,False
2025-11-04,11.768,11.788,11.708,11.728,208518.0,181827696.0,8.76,8.78,8.7,8.72,True,中国交建,False
2025-11-05,11.718,11.768,11.688,11.738,194689.0,169963497.0,8.71,8.76,8.68,8.73,True,中国交建,False
2025-11-06,11.748,11.918,11.738,11.838,350815.0,309769645.0,8.74,8.91,8.73,8.83,True,中国交建,False
2025-11-07,11.808,11.858,11.798,11.828,165545.0,146010690.0,8.8,8.85,8.79,8.82,True,中国交建,False
2025-11-10,11.838,11.888,11.798,11.888,217561.0,193194168.00000003,8.83,8.88,8.79,8.88,True,中国交建,False
2025-11-11,11.898,11.898,11.828,11.858,195604.0,173109540.0,8.89,8.89,8.82,8.85,True,中国交建,False
2025-11-12,11.868,11.878,11.788,11.808,251094.0,220962720.00000003,8.86,8.87,8.78,8.8,True,中国交建,False
2025-11-13,11.808,11.838,11.788,11.828,192218.0,169536276.0,8.8,8.83,8.78,8.82,True,中国交建,False
2025-11-14,11.808,11.848,11.778,11.778,185099.0,162331823.0,8.8,8.84,8.77,8.77,True,中国交建,False
2025-11-17,11.788,11.788,11.718,11.738,245450.0,214277850.0,8.78,8.78,8.71,8.73,True,中国交建,False
2025-11-18,11.718,11.728,11.638,11.668,255002.0,220831732.0,8.71,8.72,8.63,8.66,True,中国交建,False
2025-11-19,11.648,11.678,11.618,11.638,158279.0,136594777.0,8.64,8.67,8.61,8.63,True,中国交建,False
2025-11-20,11.638,11.698,11.618,11.658,189123.0,163591395.0,8.63,8.69,8.61,8.65,True,中国交建,False
2025-11-21,11.618,11.638,11.468,11.508,314981.0,267733850.0,8.61,8.63,8.46,8.5,True,中国交建,False
2025-11-24,11.518,11.588,11.498,11.558,178418.0,152547390.0,8.51,8.58,8.49,8.55,True,中国交建,False
2025-11-25,11.538,11.588,11.528,11.548,148194.0,126557676.0,8.53,8.58,8.52,8.54,True,中国交建,False
2025-11-26,11.568,11.638,11.548,11.558,144267.0,123348285.0,8.56,8.63,8.54,8.55,True,中国交建,False
2025-11-27,11.538,11.548,11.478,11.508,130067.0,110556950.0,8.53,8.54,8.47,8.5,True,中国交建,False
2025-11-28,11.488,11.538,11.468,11.528,129538.0,110366376.0,8.48,8.53,8.46,8.52,True,中国交建,False
2025-12-01,11.528,11.548,11.498,11.548,131317.0,112144718.0,8.52,8.54,8.49,8.54,True,中国交建,False
2025-12-02,11.538,11.568,11.508,11.568,125598.0,107511888.0,8.53,8.56,8.5,8.56,True,中国交建,False
2025-12-03,11.558,11.568,11.508,11.518,132882.0,113082582.0,8.55,8.56,8.5,8.51,True,中国交建,False
2025-12-04,11.518,11.558,11.498,11.548,144083.0,123046882.0,8.51,8.55,8.49,8.54,True,中国交建,False
2025-12-05,11.548,11.588,11.498,11.568,190229.0,162836024.0,8.54,8.58,8.49,8.56,True,中国交建,False
2025-12-08,11.568,11.598,11.528,11.528,185908.0,158393616.0,8.56,8.59,8.52,8.52,True,中国交建,False
2025-12-09,11.518,11.528,11.438,11.448,238899.0,201630756.0,8.51,8.52,8.43,8.44,True,中国交建,False
2025-12-10,11.438,11.558,11.418,11.548,206852.0,176651607.99999997,8.43,8.55,8.41,8.54,True,中国交建,False
2025-12-11,11.528,11.538,11.448,11.448,143681.0,121266764.0,8.52,8.53,8.44,8.44,True,中国交建,False
2025-12-12,11.448,11.478,11.418,11.428,212789.0,179168338.0,8.44,8.47,8.41,8.42,True,中国交建,False
2025-12-15,11.438,11.448,11.358,11.408,141724.0,119048160.0,8.43,8.44,8.35,8.4,True,中国交建,False
2025-12-16,11.418,11.418,11.288,11.298,217140.0,180009059.99999997,8.41,8.41,8.28,8.29,True,中国交建,False
2025-12-17,11.308,11.368,11.228,11.358,193113.0,161249355.0,8.3,8.36,8.22,8.35,True,中国交建,False
2025-12-18,11.318,11.368,11.298,11.348,123333.0,102859722.0,8.31,8.36,8.29,8.34,True,中国交建,False
2025-12-19,11.348,11.398,11.278,11.278,193627.0,160129529.0,8.34,8.39,8.27,8.27,True,中国交建,False
2025-12-22,11.318,11.338,11.268,11.288,177147.0,146677716.0,8.31,8.33,8.26,8.28,True,中国交建,False
2025-12-23,11.308,11.338,11.288,11.328,149200.0,124134400.0,8.3,8.33,8.28,8.32,True,中国交建,False
2025-12-24,11.338,11.428,11.338,11.378,164226.0,137457162.0,8.33,8.42,8.33,8.37,True,中国交建,False
2025-12-25,11.398,11.408,11.358,11.378,149193.0,124874541.0,8.39,8.4,8.35,8.37,True,中国交建,False
2025-12-26,11.388,11.388,11.338,11.368,169149.0,141408564.0,8.38,8.38,8.33,8.36,True,中国交建,False
2025-12-29,11.358,11.398,11.308,11.318,213008.0,177009648.0,8.35,8.39,8.3,8.31,True,中国交建,False
2025-12-30,11.308,11.328,11.268,11.288,137983.0,114249924.0,8.3,8.32,8.26,8.28,True,中国交建,False
2025-12-31,11.288,11.318,11.238,11.248,171576.0,141378624.0,8.28,8.31,8.23,8.24,True,中国交建,False
2026-01-05,11.238,11.288,11.208,11.288,222282.0,184049496.0,8.23,8.28,8.2,8.28,True,中国交建,False
2026-01-06,11.288,11.368,11.268,11.358,271260.0,226502100.0,8.28,8.36,8.26,8.35,True,中国交建,False
2026-01-07,11.368,11.468,11.348,11.378,306799.0,256790763.0,8.36,8.46,8.34,8.37,True,中国交建,False
2026-01-08,11.378,11.438,11.328,11.428,244796.0,206118232.0,8.37,8.43,8.32,8.42,True,中国交建,False
2026-01-09,11.466,11.476,11.406,11.416,236847.0,196346163.0,8.34,8.35,8.28,8.29,True,中国交建,False
2026-01-12,11.456,11.546,11.436,11.536,368897.0,310242377.0,8.33,8.42,8.31,8.41,True,中国交建,False
2026-01-13,11.556,11.676,11.486,11.676,601515.0,514295325.00000006,8.43,8.55,8.36,8.55,True,中国交建,False
2026-01-14,11.636,11.676,11.526,11.536,489916.0,412019356.0,8.51,8.55,8.4,8.41,True,中国交建,False
2026-01-15,11.526,11.526,11.446,11.456,253000.0,210749000.0,8.4,8.4,8.32,8.33,True,中国交建,False
2026-01-16,11.486,11.996,11.476,11.656,1025162.0,874463185.9999999,8.36,8.87,8.35,8.53,True,中国交建,False
2026-01-19,11.596,11.606,11.486,11.526,478449.0,401897160.0,8.47,8.48,8.36,8.4,True,中国交建,False
2026-01-20,11.526,11.746,11.496,11.746,638670.0,550533540.0,8.4,8.62,8.37,8.62,True,中国交建,False
2026-01-21,11.646,11.686,11.596,11.606,472304.0,400513792.0,8.52,8.56,8.47,8.48,True,中国交建,False
2026-01-22,11.616,11.676,11.576,11.596,379131.0,321123957.0,8.49,8.55,8.45,8.47,True,中国交建,False
2026-01-23,11.606,11.626,11.516,11.546,470863.0,396466646.0,8.48,8.5,8.39,8.42,True,中国交建,False
2026-01-26,11.536,11.676,11.516,11.656,587810.0,501401930.0,8.41,8.55,8.39,8.53,True,中国交建,False
2026-01-27,11.626,11.626,11.446,11.446,508828.0,423344896.0,8.5,8.5,8.32,8.32,True,中国交建,False
2026-01-28,11.446,11.646,11.336,11.366,963420.0,793858080.0,8.32,8.52,8.21,8.24,True,中国交建,False
2026-01-29,11.376,11.406,11.226,11.356,762977.0,627930071.0,8.25,8.28,8.1,8.23,True,中国交建,False
2026-01-30,11.336,11.406,11.246,11.286,377096.0,307710336.0,8.21,8.28,8.12,8.16,True,中国交建,False
2026-02-02,11.276,11.306,11.106,11.116,490618.0,392003782.0,8.15,8.18,7.98,7.99,True,中国交建,False
2026-02-03,11.196,11.216,11.126,11.216,243167.0,196722103.0,8.07,8.09,8.0,8.09,True,中国交建,False
2026-02-04,11.196,11.326,11.166,11.316,358898.0,293937462.0,8.07,8.2,8.04,8.19,True,中国交建,False
2026-02-05,11.296,11.336,11.256,11.306,243036.0,198803448.0,8.17,8.21,8.13,8.18,True,中国交建,False
2026-02-06,11.286,11.306,11.236,11.256,182365.0,148262745.0,8.16,8.18,8.11,8.13,True,中国交建,False
2026-02-09,11.296,11.316,11.266,11.286,179673.0,146613168.0,8.17,8.19,8.14,8.16,True,中国交建,False
2026-02-10,11.266,11.276,11.236,11.246,147405.0,119692860.0,8.14,8.15,8.11,8.12,True,中国交建,False
2026-02-11,11.246,11.256,11.216,11.236,152941.0,124035151.0,8.12,8.13,8.09,8.11,True,中国交建,False
2026-02-12,11.246,11.256,11.196,11.196,203592.0,164298744.0,8.12,8.13,8.07,8.07,True,中国交建,False
2026-02-13,11.206,11.216,11.146,11.146,191243.0,153376886.0,8.08,8.09,8.02,8.02,True,中国交建,False
2026-02-24,11.206,11.306,11.186,11.296,308168.0,251773256.0,8.08,8.18,8.06,8.17,True,中国交建,False
2026-02-25,11.286,11.436,11.196,11.226,847600.0,686556000.0,8.16,8.31,8.07,8.1,True,中国交建,False
2026-02-26,11.226,11.266,11.206,11.256,267976.0,217864488.00000003,8.1,8.14,8.08,8.13,True,中国交建,False
2026-02-27,11.246,11.306,11.226,11.266,324502.0,264144628.00000003,8.12,8.18,8.1,8.14,True,中国交建,False
2026-03-02,11.196,11.286,11.176,11.276,419272.0,341706680.0,8.07,8.16,8.05,8.15,True,中国交建,False
2026-03-03,11.266,11.296,11.186,11.206,386995.0,312691960.0,8.14,8.17,8.06,8.08,True,中国交建,False
2026-03-04,11.216,11.226,10.966,11.026,606589.0,479205310.0,8.09,8.1,7.84,7.9,True,中国交建,False
2026-03-05,11.056,11.146,11.046,11.096,289649.0,230850253.0,7.93,8.02,7.92,7.97,True,中国交建,False
2026-03-06,11.076,11.246,11.046,11.236,390634.0,316804174.0,7.95,8.12,7.92,8.11,True,中国交建,False
2026-03-09,11.206,11.316,11.156,11.216,320715.0,259458435.0,8.08,8.19,8.03,8.09,True,中国交建,False
2026-03-10,11.236,11.316,11.196,11.276,344491.0,280760165.0,8.11,8.19,8.07,8.15,True,中国交建,False
2026-03-11,11.266,11.426,11.186,11.376,556429.0,459053925.0,8.14,8.3,8.06,8.25,True,中国交建,False
2026-03-12,11.366,11.426,11.326,11.396,462790.0,382727330.0,8.24,8.3,8.2,8.27,True,中国交建,False
2026-03-13,11.396,11.676,11.376,11.626,1313830.0,1116755500.0,8.27,8.55,8.25,8.5,True,中国交建,False
2026-03-16,11.576,11.616,11.316,11.346,943169.0,775284918.0000001,8.45,8.49,8.19,8.22,True,中国交建,False
2026-03-17,11.326,11.456,11.306,11.316,404746.0,331486974.0,8.2,8.33,8.18,8.19,True,中国交建,False
2026-03-18,11.306,11.336,11.166,11.226,411088.0,332981280.0,8.18,8.21,8.04,8.1,True,中国交建,False
2026-03-19,11.166,11.256,11.096,11.106,367486.0,293253828.0,8.04,8.13,7.97,7.98,True,中国交建,False
2026-03-20,11.106,11.156,11.046,11.066,269479.0,213966326.0,7.98,8.03,7.92,7.94,True,中国交建,False
2026-03-23,11.006,11.006,10.746,10.806,442541.0,339871488.0,7.88,7.88,7.62,7.68,True,中国交建,False
2026-03-24,10.866,10.926,10.776,10.926,284129.0,221620620.0,7.74,7.8,7.65,7.8,True,中国交建,False
2026-03-25,10.936,11.026,10.886,10.976,240992.0,189178720.0,7.81,7.9,7.76,7.85,True,中国交建,False
2026-03-26,10.946,10.956,10.806,10.826,233448.0,179754960.0,7.82,7.83,7.68,7.7,True,中国交建,False
2026-03-27,10.796,10.836,10.756,10.816,200072.0,153855368.0,7.67,7.71,7.63,7.69,True,中国交建,False
2026-03-30,10.726,10.846,10.676,10.816,235473.0,181078737.0,7.6,7.72,7.55,7.69,True,中国交建,False
2026-03-31,10.686,10.786,10.676,10.736,314895.0,239635095.0,7.56,7.66,7.55,7.61,True,中国交建,False
2026-04-01,10.836,10.866,10.736,10.766,219506.0,167702584.0,7.71,7.74,7.61,7.64,True,中国交建,False
2026-04-02,10.746,10.776,10.676,10.696,192021.0,145359897.0,7.62,7.65,7.55,7.57,True,中国交建,False
2026-04-03,10.706,10.726,10.596,10.626,183892.0,137919000.0,7.58,7.6,7.47,7.5,True,中国交建,False
2026-04-07,10.626,10.676,10.596,10.666,149767.0,112924318.0,7.5,7.55,7.47,7.54,True,中国交建,False
2026-04-08,10.746,10.826,10.706,10.826,296883.0,228599910.0,7.62,7.7,7.58,7.7,True,中国交建,False
2026-04-09,10.776,10.806,10.676,10.686,219536.0,165969216.0,7.65,7.68,7.55,7.56,True,中国交建,False
2026-04-10,10.706,10.756,10.686,10.726,159521.0,121235960.0,7.58,7.63,7.56,7.6,True,中国交建,False
2026-04-13,10.686,10.696,10.646,10.676,144475.0,109078625.0,7.56,7.57,7.52,7.55,True,中国交建,False
2026-04-14,10.706,10.716,10.656,10.716,122322.0,92842398.0,7.58,7.59,7.53,7.59,True,中国交建,False
2026-04-15,10.716,10.776,10.716,10.736,176738.0,134497618.0,7.59,7.65,7.59,7.61,True,中国交建,False
2026-04-16,10.756,10.756,10.696,10.716,162557.0,123380763.0,7.63,7.63,7.57,7.59,True,中国交建,False
2026-04-17,10.726,10.726,10.606,10.626,293337.0,220002750.0,7.6,7.6,7.48,7.5,True,中国交建,False
2026-04-20,10.596,10.616,10.526,10.546,348441.0,258543222.0,7.47,7.49,7.4,7.42,True,中国交建,False
2026-04-21,10.546,10.576,10.486,10.496,307552.0,226665824.0,7.42,7.45,7.36,7.37,True,中国交建,False
2026-04-22,10.476,10.486,10.386,10.416,297460.0,216848340.0,7.35,7.36,7.26,7.29,True,中国交建,False
2026-04-23,10.416,10.426,10.316,10.326,361054.0,259958880.0,7.29,7.3,7.19,7.2,True,中国交建,False
2026-04-24,10.316,10.316,10.236,10.246,270641.0,192696392.0,7.19,7.19,7.11,7.12,True,中国交建,False
2026-04-27,10.256,10.256,10.156,10.176,292550.0,206247750.0,7.13,7.13,7.03,7.05,True,中国交建,False
2026-04-28,10.176,10.246,10.086,10.186,366454.0,258716524.0,7.05,7.12,6.96,7.06,True,中国交建,False
2026-04-29,10.186,10.206,10.156,10.196,334960.0,236816720.0,7.06,7.08,7.03,7.07,True,中国交建,False
2026-04-30,10.166,10.186,10.116,10.136,279756.0,196108956.0,7.04,7.06,6.99,7.01,True,中国交建,False
2026-05-06,10.136,10.166,10.046,10.076,602813.0,418955035.0,7.01,7.04,6.92,6.95,True,中国交建,False
2026-05-07,10.096,10.156,10.056,10.066,1109660.0,770104040.0,6.97,7.03,6.93,6.94,True,中国交建,False
2026-05-08,10.056,10.076,10.016,10.026,609682.0,420680580.0,6.93,6.95,6.89,6.9,True,中国交建,False
2026-05-11,10.026,10.046,10.016,10.036,727040.0,502384640.0,6.9,6.92,6.89,6.91,True,中国交建,False
2026-05-12,10.036,10.046,10.006,10.016,484714.0,333967946.0,6.91,6.92,6.88,6.89,True,中国交建,False
2026-05-13,10.006,10.026,9.986,10.016,367751.0,253380439.0,6.88,6.9,6.86,6.89,True,中国交建,False
2026-05-14,10.026,10.036,9.906,9.906,480202.0,325576956.0,6.9,6.91,6.78,6.78,True,中国交建,False
2026-05-15,9.906,9.906,9.786,9.816,437377.0,292605213.0,6.78,6.78,6.66,6.69,True,中国交建,False
2026-05-18,9.786,9.796,9.686,9.736,369471.0,244220331.0,6.66,6.67,6.56,6.61,True,中国交建,False
2026-05-19,9.736,9.816,9.726,9.736,453081.0,299486541.0,6.61,6.69,6.6,6.61,True,中国交建,False
2026-05-20,9.726,9.736,9.566,9.576,537760.0,346855200.0,6.6,6.61,6.44,6.45,True,中国交建,False
2026-05-21,9.596,9.606,9.516,9.526,455099.0,291263360.0,6.47,6.48,6.39,6.4,True,中国交建,False
2026-05-22,9.516,9.526,9.396,9.436,407091.0,256874421.0,6.39,6.4,6.27,6.31,True,中国交建,False
2026-05-25,9.436,9.506,9.386,9.406,566742.0,355913976.0,6.31,6.38,6.26,6.28,True,中国交建,False
2026-05-26,9.386,9.426,9.326,9.426,614339.0,387033570.0,6.26,6.3,6.2,6.3,True,中国交建,False
2026-05-27,9.386,9.416,9.296,9.406,502299.0,315443772.0,6.26,6.29,6.17,6.28,True,中国交建,False
2026-05-28,9.376,9.526,9.366,9.396,625371.0,392107617.0,6.25,6.4,6.24,6.27,True,中国交建,False
2026-05-29,9.436,9.616,9.396,9.576,1110024.0,715965480.0,6.31,6.49,6.27,6.45,True,中国交建,False
2026-06-01,9.546,9.656,9.496,9.646,611377.0,398617804.0,6.42,6.53,6.37,6.52,True,中国交建,False
2026-06-02,9.626,9.646,9.516,9.556,521796.0,335514828.0,6.5,6.52,6.39,6.43,True,中国交建,False
2026-06-03,9.526,9.536,9.436,9.486,432158.0,274852488.0,6.4,6.41,6.31,6.36,True,中国交建,False
2026-06-04,9.496,9.526,9.346,9.406,396116.0,248760848.0,6.37,6.4,6.22,6.28,True,中国交建,False
2026-06-05,9.376,9.516,9.376,9.406,473918.0,297620504.0,6.25,6.39,6.25,6.28,True,中国交建,False
2026-06-08,9.336,9.376,9.216,9.246,455708.0,278893296.0,6.21,6.25,6.09,6.12,True,中国交建,False
2026-06-09,9.256,9.296,9.186,9.276,353207.0,217222305.0,6.13,6.17,6.06,6.15,True,中国交建,False
2026-06-10,9.256,9.346,9.236,9.326,394260.0,244441200.0,6.13,6.22,6.11,6.2,True,中国交建,False
2026-06-11,9.286,9.416,9.256,9.406,413176.0,259474528.0,6.16,6.29,6.13,6.28,True,中国交建,False
2026-06-12,9.406,9.556,9.396,9.436,988251.0,623586381.0,6.28,6.43,6.27,6.31,True,中国交建,False
2026-06-15,9.466,9.546,9.376,9.446,624959.0,394974088.0,6.34,6.42,6.25,6.32,True,中国交建,False
2026-06-16,9.426,9.446,9.286,9.296,567778.0,350319026.0,6.3,6.32,6.16,6.17,True,中国交建,False
2026-06-17,9.286,9.656,9.176,9.516,1245372.0,795792708.0,6.16,6.53,6.05,6.39,True,中国交建,False
2026-06-18,9.426,9.426,9.226,9.236,793137.0,484606707.0,6.3,6.3,6.1,6.11,True,中国交建,False
2026-06-22,9.196,9.276,9.066,9.266,676623.0,415446522.0,6.07,6.15,5.94,6.14,True,中国交建,False
2026-06-23,9.246,9.366,9.186,9.196,532200.0,323045400.0,6.12,6.24,6.06,6.07,True,中国交建,False
2026-06-24,9.176,9.216,9.076,9.076,465119.0,276745805.0,6.05,6.09,5.95,5.95,True,中国交建,False
2026-06-25,9.056,9.066,8.956,9.026,431054.0,254321860.00000003,5.93,5.94,5.83,5.9,True,中国交建,False
2026-06-26,9.006,9.046,8.896,8.906,369936.0,213823008.0,5.88,5.92,5.77,5.78,True,中国交建,False
2026-06-29,8.866,9.006,8.726,8.956,536829.0,312971307.0,5.74,5.88,5.6,5.83,True,中国交建,False
2026-06-30,8.926,8.936,8.806,8.836,395732.0,225962972.0,5.8,5.81,5.68,5.71,True,中国交建,False
2026-07-01,8.816,8.996,8.796,8.966,493142.0,287994928.0,5.69,5.87,5.67,5.84,True,中国交建,False
2026-07-02,8.956,9.056,8.946,8.996,362404.0,212731148.0,5.83,5.93,5.82,5.87,True,中国交建,False
2026-07-03,8.996,9.066,8.966,9.056,375518.0,222682174.0,5.87,5.94,5.84,5.93,True,中国交建,False
2026-07-06,9.026,9.096,8.996,9.086,301621.0,179766116.0,5.9,5.97,5.87,5.96,True,中国交建,False
2026-07-07,9.086,9.086,8.956,8.976,284282.0,166304970.0,5.96,5.96,5.83,5.85,True,中国交建,False
2026-07-08,8.976,9.056,8.926,9.036,304684.0,180068244.0,5.85,5.93,5.8,5.91,True,中国交建,False
2026-07-09,9.026,9.036,8.906,8.976,334404.0,195626340.0,5.9,5.91,5.78,5.85,True,中国交建,False
2026-07-10,8.946,9.086,8.896,9.066,466847.0,277307118.0,5.82,5.96,5.77,5.94,True,中国交建,False
2026-07-13,9.046,9.076,9.006,9.036,280465.0,165754815.0,5.92,5.95,5.88,5.91,True,中国交建,False
2026-07-14,9.016,9.096,8.986,9.096,317893.0,189782121.0,5.89,5.97,5.86,5.97,True,中国交建,False
2026-07-15,9.076,9.226,9.056,9.216,528055.0,321585495.0,5.95,6.1,5.93,6.09,True,中国交建,False
2026-07-16,9.196,9.256,9.166,9.216,325785.0,198403065.0,6.07,6.13,6.04,6.09,True,中国交建,False
2026-07-17,9.206,9.306,9.166,9.196,526899.0,319827693.0,6.08,6.18,6.04,6.07,True,中国交建,False
2026-07-20,9.216,9.376,9.206,9.366,678246.0,423225504.0,6.09,6.25,6.08,6.24,True,中国交建,False
2026-07-21,9.376,9.526,9.286,9.346,877662.0,545905764.0,6.25,6.4,6.16,6.22,True,中国交建,False
2026-07-22,9.346,9.416,9.236,9.406,537502.0,337551256.0,6.22,6.29,6.11,6.28,True,中国交建,False
2026-07-23,9.383,9.433,9.353,9.423,311866.0,193980652.0,6.18,6.23,6.15,6.22,True,中国交建,False
2026-07-24,9.383,9.443,9.303,9.303,352429.0,214981690.0,6.18,6.24,6.1,6.1,True,中国交建,False
2026-07-27,9.343,9.383,9.293,9.323,318964.0,195205968.0,6.14,6.18,6.09,6.12,True,中国交建,False
2026-07-28,9.313,9.343,9.273,9.323,260363.0,159342156.0,6.11,6.14,6.07,6.12,True,中国交建,False
2026-07-29,9.353,9.463,9.323,9.433,488431.0,304292513.0,6.15,6.26,6.12,6.23,True,中国交建,False
2026-07-30,9.433,9.563,9.423,9.543,500016.0,317010144.0,6.23,6.36,6.22,6.34,True,中国交建,False
2026-07-31,9.493,9.543,9.443,9.533,446979.0,282937707.0,6.29,6.34,6.24,6.33,True,中国交建,False
2026-08-03,9.533,9.593,9.523,9.553,346062.0,219749370.0,6.33,6.39,6.32,6.35,True,中国交建,False
2026-08-04,9.543,9.563,9.403,9.403,505853.0,313628860.0,6.34,6.36,6.2,6.2,True,中国交建,False
2026-08-05,9.423,9.433,9.313,9.343,413816.0,254083024.0,6.22,6.23,6.11,6.14,True,中国交建,False
2026-08-06,9.353,9.363,9.273,9.323,378811.0,231832332.0,6.15,6.16,6.07,6.12,True,中国交建,False
2026-08-07,9.333,9.333,9.233,9.263,341692.0,207065352.0,6.13,6.13,6.03,6.06,True,中国交建,False
2026-08-10,9.253,9.323,9.233,9.283,308942.0,187836736.0,6.05,6.12,6.03,6.08,True,中国交建,False
2026-08-11,9.283,9.293,9.233,9.243,230822.0,139416488.0,6.08,6.09,6.03,6.04,True,中国交建,False
2026-08-12,9.233,9.263,9.213,9.243,218489.0,131967356.0,6.03,6.06,6.01,6.04,True,中国交建,False
2026-08-13,9.243,9.263,9.173,9.173,258828.0,154520316.0,6.04,6.06,5.97,5.97,True,中国交建,False
2026-08-14,9.173,9.173,9.123,9.133,201213.0,119319309.0,5.97,5.97,5.92,5.93,True,中国交建,False
2026-08-17,9.143,9.143,9.073,9.113,247281.0,146143071.0,5.94,5.94,5.87,5.91,True,中国交建,False
2026-08-18,9.113,9.113,9.063,9.073,203195.0,119275465.0,5.91,5.91,5.86,5.87,True,中国交建,False
2026-08-19,9.073,9.113,9.013,9.033,298203.0,173852349.0,5.87,5.91,5.81,5.83,True,中国交建,False
2026-08-20,9.023,9.133,9.023,9.133,322874.0,191464282.0,5.82,5.93,5.82,5.93,True,中国交建,False
2026-08-21,9.093,9.123,9.043,9.063,205688.0,120533168.0,5.89,5.92,5.84,5.86,True,中国交建,False
2026-08-24,9.063,9.103,9.033,9.073,235383.0,138169821.0,5.86,5.9,5.83,5.87,True,中国交建,False
2026-08-25,9.073,9.163,9.073,9.153,280584.0,166947480.0,5.87,5.96,5.87,5.95,True,中国交建,False
2026-08-26,9.143,9.233,9.133,9.223,293012.0,176393224.0,5.94,6.03,5.93,6.02,True,中国交建,False
2026-08-27,9.238320598006647,9.238320598006647,9.085114617940201,9.115755813953491,272391.0,162360000.0,6.03,6.03,5.93,5.95,True,中国交建,True
