date,rz_balance,rz_buy,rq_volume,rq_balance,rzrq_balance
2016-01-04,128199853,0,0,0,128199853
2016-01-05,126636529,0,0,0,126636529
2016-01-06,126536887,0,0,0,126536887
2016-01-07,126524557,0,0,0,126524557
2016-01-08,125316292,0,0,0,125316292
2016-01-11,121096310,0,0,0,121096310
2016-01-12,118462723,0,0,0,118462723
2016-01-13,147076804,53655288,0,0,147076804
2016-01-14,172721515,58716395,0,0,172721515
2016-01-15,183143728,58046019,0,0,183143728
2016-01-18,203638759,58720637,0,0,203638759
2016-01-19,191706592,86958818,0,0,191706592
2016-01-20,205610402,73717294,0,0,205610402
2016-01-21,213630465,61576521,0,0,213630465
2016-01-22,202566635,41889223,0,0,202566635
2016-01-25,216324687,66558348,0,0,216324687
2016-01-26,182429840,71901409,0,0,182429840
2016-01-27,189210487,60465411,0,0,189210487
2016-01-28,181509077,49249202,0,0,181509077
2016-01-29,205342871,54946471,0,0,205342871
2016-02-01,195395984,42988732,0,0,195395984
2016-02-02,197798319,31035100,0,0,197798319
2016-02-03,193442214,38148213,0,0,193442214
2016-02-04,222907089,75193490,0,0,222907089
2016-02-05,199604901,48411531,0,0,199604901
2016-02-15,218332333,45256550,0,0,218332333
2016-02-16,225226076,68384365,0,0,225226076
2016-02-17,243415304,81658207,0,0,243415304
2016-02-18,240316526,60151509,0,0,240316526
2016-02-19,260654626,63308317,0,0,260654626
2016-02-22,263121775,60936965,0,0,263121775
2016-02-23,260153100,51221354,0,0,260153100
2016-02-24,282833854,56485020,0,0,282833854
2016-02-25,260720250,43091987,0,0,260720250
2016-02-26,252317155,33180732,0,0,252317155
2016-02-29,239467651,14613674,0,0,239467651
2016-03-01,243687411,30204141,0,0,243687411
2016-03-02,242906731,38943155,0,0,242906731
2016-03-03,243071377,34328601,0,0,243071377
2016-03-04,228392002,24635844,0,0,228392002
2016-03-07,232403061,17056905,0,0,232403061
2016-03-08,225747079,17227026,0,0,225747079
2016-03-09,225132614,13761106,0,0,225132614
2016-03-10,222985655,16833468,0,0,222985655
2016-03-11,217617967,10629092,0,0,217617967
2016-03-14,211925782,18993193,0,0,211925782
2016-03-15,205856576,17083519,0,0,205856576
2016-03-16,206050793,16635640,0,0,206050793
2016-03-17,207527499,25662169,0,0,207527499
2016-03-18,246988877,75166750,0,0,246988877
2016-03-21,268028565,74974321,0,0,268028565
2016-03-22,255916432,66908009,0,0,255916432
2016-03-23,286203681,64875704,0,0,286203681
2016-03-24,289001569,49615536,0,0,289001569
2016-03-25,294587540,46392412,0,0,294587540
2016-03-28,297444728,43174943,0,0,297444728
2016-03-29,316820947,39749711,0,0,316820947
2016-03-30,287231766,40515573,0,0,287231766
2016-03-31,288011129,55510682,0,0,288011129
2016-04-01,282583597,31541799,0,0,282583597
2016-04-05,304395702,59917281,0,0,304395702
2016-04-06,309270476,42629785,0,0,309270476
2016-04-07,304588259,38772054,0,0,304588259
2016-04-08,292808994,27207981,0,0,292808994
2016-04-11,307359506,36235534,0,0,307359506
2016-04-12,302537155,20203665,0,0,302537155
2016-04-13,336674011,63607182,0,0,336674011
2016-04-14,344957036,49790312,0,0,344957036
2016-04-15,342971726,53838077,0,0,342971726
2016-04-18,344321045,37260686,0,0,344321045
2016-04-19,340253113,31763237,0,0,340253113
2016-04-20,350494825,63804807,0,0,350494825
2016-04-21,349108432,30748199,0,0,349108432
2016-04-22,327746938,13678488,0,0,327746938
2016-04-25,332671370,16920885,0,0,332671370
2016-04-26,329609992,23909048,0,0,329609992
2016-04-27,325677239,16731601,0,0,325677239
2016-04-28,331214265,22164037,0,0,331214265
2016-04-29,336385605,17951870,0,0,336385605
2016-05-03,330983257,29673737,0,0,330983257
2016-05-04,328440131,86017515,0,0,328440131
2016-05-05,347369211,70185391,0,0,347369211
2016-05-06,338683828,47082266,0,0,338683828
2016-05-09,343450278,42255352,0,0,343450278
2016-05-10,335924635,36061109,0,0,335924635
2016-05-11,332697100,22990316,0,0,332697100
2016-05-12,329082593,0,0,0,329082593
2016-05-13,323907088,0,0,0,323907088
2016-05-16,320714964,0,0,0,320714964
2016-05-17,317927281,0,0,0,317927281
2016-05-18,310400955,0,0,0,310400955
2016-05-19,312895437,29023354,0,0,312895437
2016-05-20,306663866,16385796,0,0,306663866
2016-05-23,300146761,31538724,0,0,300146761
2016-05-24,310843307,28749563,0,0,310843307
2016-05-25,312679085,55816166,0,0,312679085
2016-05-26,294883274,36667778,0,0,294883274
2016-05-27,283112139,60177927,0,0,283112139
2016-05-30,259079584,39508897,0,0,259079584
2016-05-31,316040846,132296758,0,0,316040846
2016-06-01,294363817,114943614,0,0,294363817
2016-06-02,326923579,141822942,0,0,326923579
2016-06-03,353553026,121552396,0,0,353553026
2016-06-06,399347759,113392973,0,0,399347759
2016-06-07,413920152,107114502,0,0,413920152
2016-06-08,400742800,106726934,0,0,400742800
2016-06-13,392548156,133164195,0,0,392548156
2016-06-14,373305907,75451348,0,0,373305907
2016-06-15,384572448,67126997,0,0,384572448
2016-06-16,414445299,190948038,0,0,414445299
2016-06-17,394597534,135545495,0,0,394597534
2016-06-20,403356316,135589868,0,0,403356316
2016-06-21,373232374,135776957,0,0,373232374
2016-06-22,400177230,140421710,0,0,400177230
2016-06-23,431809461,114069844,0,0,431809461
2016-06-24,401161781,134958919,0,0,401161781
2016-06-27,448672609,189968173,0,0,448672609
2016-06-28,479456263,193547342,0,0,479456263
2016-06-29,532907645,192515375,0,0,532907645
2016-07-01,581152450,157050323,0,0,581152450
2016-07-04,622605882,154161217,0,0,622605882
2016-07-05,587672789,214911571,0,0,587672789
2016-07-06,551380779,103882093,0,0,551380779
2016-07-07,602291075,240557327,0,0,602291075
2016-07-08,579600657,151888823,0,0,579600657
2016-07-11,569479554,113751083,0,0,569479554
2016-07-12,637789185,189274201,0,0,637789185
2016-07-13,664104301,119279914,0,0,664104301
2016-07-14,649300742,83703286,0,0,649300742
2016-07-15,685960314,128768361,0,0,685960314
2016-07-18,609829821,67468609,0,0,609829821
2016-07-19,641702727,122301331,0,0,641702727
2016-07-20,540102303,128006168,0,0,540102303
2016-07-21,536701996,95582296,0,0,536701996
2016-07-22,567850981,107994450,0,0,567850981
2016-07-25,566357380,64964668,0,0,566357380
2016-07-26,578602620,80815719,5000,191350,578793970
2016-07-27,587214179,140588514,2300,84870,587299049
2016-07-28,597016459,97392532,17700,637200,597653659
2016-07-29,627846919,84387344,2300,81880,627928799
2016-08-01,669635592,91416096,7300,263311,669898903
2016-08-02,635039158,63248621,9300,343635,635382793
2016-08-03,627914099,47734933,9300,340473,628254572
2016-08-04,517238331,94530167,10700,415695,517654026
2016-08-05,539943551,125570566,5000,195550,540139101
2016-08-08,560536682,72635992,5000,197100,560733782
2016-08-09,571868983,77671130,0,0,571868983
2016-08-10,586173697,91382331,7282,278682,586452379
2016-08-11,614971309,110455398,14982,551787,615523096
2016-08-12,625583527,69413437,15000,553200,626136727
2016-08-15,609382805,118670494,5000,195000,609577805
2016-08-16,589718090,88630800,5000,195100,589913190
2016-08-17,588098800,92419163,5000,197300,588296100
2016-08-18,615590635,97367651,4200,161238,615751873
2016-08-19,613456860,54812645,5200,196768,613653628
2016-08-22,631730116,65052605,14800,563880,632293996
2016-08-23,628473026,77345113,10000,393000,628866026
2016-08-24,623859859,55640966,10000,391500,624251359
2016-08-25,625971727,160862908,30000,1230000,627201727
2016-08-26,566864933,177030520,20000,867200,567732133
2016-08-29,565450282,126205088,20000,870200,566320482
2016-08-30,593046878,153844128,20000,836400,593883278
2016-08-31,659594148,146540017,20000,832000,660426148
2016-09-01,659638173,89932501,20000,808000,660446173
2016-09-02,669055106,88494981,20000,791200,669846306
2016-09-05,679809072,83929452,20000,763400,680572472
2016-09-06,685354664,81712510,10000,392300,685746964
2016-09-07,693594232,105892841,10000,378800,693973032
2016-09-08,702732805,60713992,57,2185,702734990
2016-09-09,701384843,47188362,5057,190801,701575644
2016-09-12,695535191,73474288,24957,861765,696396956
2016-09-13,690947877,36780525,14957,517363,691465240
2016-09-14,681196465,44669264,19957,706278,681902743
2016-09-19,672709017,41775252,19957,723242,673432259
2016-09-20,668842822,26942118,19957,719649,669562471
2016-09-21,672595418,27833951,21057,751524,673346942
2016-09-22,678908644,30077753,21057,743102,679651746
2016-09-23,678148283,34773031,21057,750682,678898965
2016-09-26,684499282,44113812,39957,1354143,685853425
2016-09-27,684904064,37790415,39957,1352544,686256608
2016-09-28,688883688,30588590,39957,1335363,690219051
2016-09-29,680510585,36564427,39957,1376519,681887104
2016-09-30,654413577,16387073,19957,686920,655100497
2016-10-10,651495220,47111593,12200,441518,651936738
2016-10-11,643442877,25994179,17200,623500,644066377
2016-10-12,646301812,36502113,17200,617308,646919120
2016-10-13,641359725,25716827,20000,709600,642069325
2016-10-14,651764471,30926700,7800,277758,652042229
2016-10-17,666630323,40077504,17600,614064,667244387
2016-10-18,675925576,62234539,22400,815136,676740712
2016-10-19,685401352,38067322,10000,361900,685763252
2016-10-20,672478137,50711543,20000,736000,673214137
2016-10-21,670082483,42931879,20000,716600,670799083
2016-10-24,653353958,28993770,10000,362300,653716258
2016-10-25,654903441,32319419,10000,359000,655262441
2016-10-26,648934475,30822613,10000,350600,649285075
2016-10-27,638250619,16284813,10000,352000,638602619
2016-10-28,618480081,22147975,10000,346000,618826081
2016-10-31,484079078,19686949,10000,341000,484420078
2016-11-01,505713785,50046683,10000,344000,506057785
2016-11-02,513288974,34407460,10000,338200,513627174
2016-11-03,517757830,38045705,20000,683800,518441630
2016-11-04,518208944,33257512,10000,335800,518544744
2016-11-07,510403409,51397164,10000,346100,510749509
2016-11-08,498587605,34946438,0,0,498587605
2016-11-09,532927703,81346934,20000,696600,533624303
2016-11-10,538995526,42787764,20000,700000,539695526
2016-11-11,540534469,50740034,0,0,540534469
2016-11-14,551772354,59012783,10000,351900,552124254
2016-11-15,566067645,55049203,100,3529,566071174
2016-11-16,556944104,34084619,10100,355621,557299725
2016-11-17,553923446,29736787,5100,175593,554099039
2016-11-18,547985948,21333459,5100,173655,548159603
2016-11-21,545931565,31973130,15100,505850,546437415
2016-11-22,550901260,43799726,5100,172890,551074150
2016-11-23,562923359,40080562,5100,171666,563095025
2016-11-24,567041766,34592389,100,3278,567045044
2016-11-25,567654025,30827256,10100,334108,567988133
2016-11-28,571136335,42393498,10100,328553,571464888
2016-11-29,555639187,37396215,100,3145,555642332
2016-11-30,548372845,34400730,100,3143,548375988
2016-12-01,542372169,11148301,600,18996,542391165
2016-12-02,526989170,16867411,10100,307141,527296311
2016-12-05,525962034,24343732,10100,297243,526259277
2016-12-06,533665725,27219972,10100,300576,533966301
2016-12-07,526110537,27268089,10100,306535,526417072
2016-12-08,523274409,19515289,15000,445800,523720209
2016-12-09,528126891,27532877,0,0,528126891
2016-12-12,506259085,33161098,0,0,506259085
2016-12-13,502060190,28021801,0,0,502060190
2016-12-14,501356454,16897012,0,0,501356454
2016-12-15,498966655,16208195,0,0,498966655
2016-12-16,500346161,28516519,0,0,500346161
2016-12-19,502409764,20039426,0,0,502409764
2016-12-20,501366730,10286096,0,0,501366730
2016-12-21,499664131,13738605,0,0,499664131
2016-12-22,498987566,13958039,0,0,498987566
2016-12-23,490528347,15183918,0,0,490528347
2016-12-26,499488337,19952246,0,0,499488337
2016-12-27,493506680,17744362,0,0,493506680
2016-12-28,492412063,21108826,0,0,492412063
2016-12-29,497243671,24078576,0,0,497243671
2016-12-30,490601611,8322474,0,0,490601611
2017-01-03,478043898,12763809,0,0,478043898
2017-01-04,486565567,54334070,0,0,486565567
2017-01-05,487713331,35154768,0,0,487713331
2017-01-06,471039839,16974860,0,0,471039839
2017-01-09,457195348,28070062,0,0,457195348
2017-01-10,457904817,22554446,0,0,457904817
2017-01-11,458479678,20613067,0,0,458479678
2017-01-12,458669719,18435931,0,0,458669719
2017-01-13,461655860,17865308,0,0,461655860
2017-01-16,440119363,20915622,0,0,440119363
2017-01-17,445977302,21550670,0,0,445977302
2017-01-18,441290066,11073041,0,0,441290066
2017-01-19,442781211,9962225,0,0,442781211
2017-01-20,447273897,28828523,0,0,447273897
2017-01-23,451200549,25659081,0,0,451200549
2017-01-24,450321841,14076873,0,0,450321841
2017-01-25,448573055,17497230,0,0,448573055
2017-01-26,443275366,24015463,0,0,443275366
2017-02-03,445706624,17926531,0,0,445706624
2017-02-06,454018858,30674827,0,0,454018858
2017-02-07,452228416,19497381,0,0,452228416
2017-02-08,452784935,21903419,0,0,452784935
2017-02-09,451496706,25559198,0,0,451496706
2017-02-10,445355077,20535817,0,0,445355077
2017-02-13,444807224,19402677,0,0,444807224
2017-02-14,442360525,11013150,0,0,442360525
2017-02-15,437903986,17975670,0,0,437903986
2017-02-16,440029768,11812050,0,0,440029768
2017-02-17,438464086,13404704,0,0,438464086
2017-02-20,447969868,19480011,0,0,447969868
2017-02-21,454031618,20871901,0,0,454031618
2017-02-22,446126549,26745185,0,0,446126549
2017-02-23,457090507,54575153,0,0,457090507
2017-02-24,466871853,58727456,0,0,466871853
2017-02-27,470637867,30608816,0,0,470637867
2017-02-28,475580547,27462724,0,0,475580547
2017-03-01,478732422,33863220,0,0,478732422
2017-03-02,476798042,25958887,0,0,476798042
2017-03-03,499304339,66119498,0,0,499304339
2017-03-06,505200313,91108733,0,0,505200313
2017-03-07,502497892,52327810,0,0,502497892
2017-03-08,512411836,34948762,0,0,512411836
2017-03-09,530407208,55362346,0,0,530407208
2017-03-10,535843430,36329802,0,0,535843430
2017-03-13,541827983,73466348,0,0,541827983
2017-03-14,517453329,60187513,0,0,517453329
2017-03-15,520952615,53318219,0,0,520952615
2017-03-16,518421143,82487278,0,0,518421143
2017-03-17,506656178,81918144,0,0,506656178
2017-03-20,531857675,68007156,0,0,531857675
2017-03-21,531329924,52057904,30000,910500,532240424
2017-03-22,537367896,44348074,30000,914400,538282296
2017-03-23,537405794,46320580,30000,909600,538315394
2017-03-24,532631438,32206569,30000,899100,533530538
2017-03-27,531594106,30350473,30000,904500,532498606
2017-03-28,525594657,52092540,30000,936000,526530657
2017-03-29,522012583,50257403,30000,903900,522916483
2017-03-30,522387300,45548854,30000,863100,523250400
2017-03-31,527859503,35507570,30000,855000,528714503
2017-04-05,532358185,36053489,30000,878100,533236285
2017-04-06,533799751,28186463,30000,878100,534677851
2017-04-07,531089833,23590088,30000,877800,531967633
2017-04-10,524095552,41888517,30000,836100,524931652
2017-04-11,522953904,33659481,30000,843900,523797804
2017-04-12,514419889,17098655,30000,839400,515259289
2017-04-13,508071688,16566607,30000,849300,508920988
2017-04-14,502566520,15813711,30000,818100,503384620
2017-04-17,505415148,16690955,30000,807900,506223048
2017-04-18,502071884,13134758,30000,784800,502856684
2017-04-19,503433500,17963972,30000,790500,504224000
2017-04-20,501598169,10579647,30000,784800,502382969
2017-04-21,493049332,20650590,30000,743100,493792432
2017-04-24,490164878,20461157,30000,695100,490859978
2017-04-25,486819907,17172757,30000,691800,487511707
2017-04-26,485255593,9609891,30000,702000,485957593
2017-04-27,487712301,29098352,30000,735000,488447301
2017-04-28,475073527,10519459,30000,750000,475823527
2017-05-02,475199368,11253012,30000,747600,475946968
2017-05-03,479128317,16611541,30000,757800,479886117
2017-05-04,479118701,11015850,30000,739500,479858201
2017-05-05,482387117,14788728,30000,723300,483110417
2017-05-08,485717678,16600742,30000,708000,486425678
2017-05-09,479189554,25637975,30000,743100,479932654
2017-05-10,474094194,17102211,30000,711000,474805194
2017-05-11,473698306,20893610,30000,746400,474444706
2017-05-12,470610090,21563232,0,0,470610090
2017-05-15,477303129,22720029,0,0,477303129
2017-05-16,480947621,22045791,0,0,480947621
2017-05-17,474507446,24975077,0,0,474507446
2017-05-18,480237079,17866993,0,0,480237079
2017-05-19,478651966,15085864,0,0,478651966
2017-05-22,472029416,14278204,0,0,472029416
2017-05-23,455986539,13986561,0,0,455986539
2017-05-24,454059845,15109360,0,0,454059845
2017-05-25,453832614,18510550,0,0,453832614
2017-05-26,454208242,13499424,0,0,454208242
2017-05-31,452372650,15126143,0,0,452372650
2017-06-01,448717801,12598983,0,0,448717801
2017-06-02,446529179,12973447,0,0,446529179
2017-06-05,447877139,17179869,0,0,447877139
2017-06-06,435720847,16959425,0,0,435720847
2017-06-07,433203516,15709490,0,0,433203516
2017-06-08,415731484,20239987,0,0,415731484
2017-06-09,419654377,16495819,0,0,419654377
2017-06-12,426406219,20725224,0,0,426406219
2017-06-13,428454433,18208154,0,0,428454433
2017-06-14,425337766,11629257,0,0,425337766
2017-06-15,427486207,20353247,0,0,427486207
2017-06-16,426362086,10648795,0,0,426362086
2017-06-19,427348779,9256145,5400,136566,427485345
2017-06-20,423401922,12241831,5400,137808,423539730
2017-06-21,422717239,9653862,5400,136620,422853859
2017-06-22,424499803,24341193,10000,241700,424741503
2017-06-23,420702466,13911381,10000,237500,420939966
2017-06-26,419955710,10158054,10000,241900,420197610
2017-06-27,424206260,11035663,10000,240300,424446560
2017-06-28,423554847,6217978,10000,239700,423794547
2017-06-29,422485708,10204822,10000,239600,422725308
2017-07-03,431764741,16976707,4800,117888,431882629
2017-07-04,431646283,15649646,4800,117360,431763643
2017-07-05,432330074,10970936,4800,117504,432447578
2017-07-06,448639269,33237172,4900,121765,448761034
2017-07-07,439523216,20876551,0,0,439523216
2017-07-10,447202665,21807709,0,0,447202665
2017-07-11,440965845,15082161,0,0,440965845
2017-07-12,447622202,20611540,0,0,447622202
2017-07-13,450099994,13496101,0,0,450099994
2017-07-14,447969958,9737818,0,0,447969958
2017-07-17,446094975,20153328,0,0,446094975
2017-07-18,444795531,9551236,0,0,444795531
2017-07-19,441292190,9133736,0,0,441292190
2017-07-20,439154700,18102214,0,0,439154700
2017-07-21,435691488,16597764,0,0,435691488
2017-07-24,436125564,17233499,0,0,436125564
2017-07-25,430509971,11313421,0,0,430509971
2017-07-26,443840045,22869477,0,0,443840045
2017-07-27,443772234,20180228,0,0,443772234
2017-07-28,437036406,13682934,0,0,437036406
2017-07-31,434528793,11148328,0,0,434528793
2017-08-01,434733568,19796616,0,0,434733568
2017-08-02,439263262,23129088,0,0,439263262
2017-08-03,441366532,15886862,0,0,441366532
2017-08-04,452619761,25129026,0,0,452619761
2017-08-07,449475504,14685866,0,0,449475504
2017-08-08,445591618,7674118,0,0,445591618
2017-08-09,442677998,14144399,0,0,442677998
2017-08-10,443903684,14362757,0,0,443903684
2017-08-11,438911974,7983674,900,20520,438932494
2017-08-14,440352604,15532456,0,0,440352604
2017-08-15,447219259,16151578,0,0,447219259
2017-08-16,447854722,21623302,0,0,447854722
2017-08-17,445997483,22517155,900,21708,446019191
2017-08-18,451576171,17050962,0,0,451576171
2017-08-21,447955010,9188070,0,0,447955010
2017-08-22,441898250,9448488,0,0,441898250
2017-08-23,444461377,11538280,0,0,444461377
2017-08-24,450178613,12375294,0,0,450178613
2017-08-25,449649759,9802657,0,0,449649759
2017-08-28,447040757,14687519,0,0,447040757
2017-08-29,450397793,18945741,0,0,450397793
2017-08-30,449860305,20907485,0,0,449860305
2017-08-31,441516701,22559677,0,0,441516701
2017-09-01,440353919,21160841,0,0,440353919
2017-09-04,467227741,106779791,0,0,467227741
2017-09-05,469683380,44364373,0,0,469683380
2017-09-06,468453812,30957898,0,0,468453812
2017-09-07,467511907,46217488,800,21720,467533627
2017-09-08,464258749,35670200,0,0,464258749
2017-09-11,466539737,40751778,0,0,466539737
2017-09-12,490064564,62354845,0,0,490064564
2017-09-13,502598586,29982754,0,0,502598586
2017-09-14,546096145,90250753,900,26082,546122227
2017-09-15,585307498,65875671,500,14275,585321773
2017-09-18,602205406,53513756,500,14495,602219901
2017-09-19,619007568,87563305,0,0,619007568
2017-09-20,657710901,112828078,500,15380,657726281
2017-09-21,650936769,70460708,400,11892,650948661
2017-09-22,666653299,62530837,500,14245,666667544
2017-09-25,652756447,32249663,0,0,652756447
2017-09-26,657932948,32346710,900,25659,657958607
2017-09-27,684546717,46499958,0,0,684546717
2017-09-28,671691344,45054012,10900,322967,672014311
2017-09-29,666732612,59637629,10000,298300,667030912
2017-10-09,680085223,74904434,10000,299900,680385123
2017-10-10,685060537,40372353,10000,296200,685356737
2017-10-11,703543136,62554201,10000,283200,703826336
2017-10-12,675541766,29160333,10900,317190,675858956
2017-10-13,650954523,18428632,26000,779740,651734263
2017-10-16,647462661,25621877,26000,752960,648215621
2017-10-17,654079825,33147536,26900,811304,654891129
2017-10-18,649844817,32254387,26000,779480,650624297
2017-10-19,646169724,24013751,26000,758160,646927884
2017-10-20,630366698,15824697,26900,808883,631175581
2017-10-23,648050816,65021194,10000,307800,648358616
2017-10-24,664841922,51238908,20100,607824,665449746
2017-10-25,687820464,75854524,31200,968760,688789224
2017-10-26,697664820,59512032,20000,646000,698310820
2017-10-27,708127410,37843220,20800,666848,708794258
2017-10-30,730722207,80861189,36800,1197840,731920047
2017-10-31,732481321,55690011,20800,688688,733170009
2017-11-01,766122514,127336046,36800,1305296,767427810
2017-11-02,760014918,156685696,20800,752960,760767878
2017-11-03,745256574,142294199,35800,1372572,746629146
2017-11-06,924774211,339421606,35800,1378300,926152511
2017-11-07,891718157,188668466,61900,2472286,894190443
2017-11-08,942490125,196399639,50100,1948890,944439015
2017-11-09,945187605,194940163,55000,2175250,947362855
2017-11-10,932623622,197863588,55900,2350595,934974217
2017-11-13,943023457,262476731,65900,3048534,946071991
2017-11-14,1021101266,331565539,65000,2928250,1024029516
2017-11-15,1010335838,219557416,70400,3175040,1013510878
2017-11-16,1078449300,264716048,65500,2849250,1081298550
2017-11-17,1072738395,240486049,65900,2636000,1075374395
2017-11-20,1065389139,185604404,70900,3023885,1068413024
2017-11-21,1040807541,156045096,76900,3222879,1044030420
2017-11-22,1099230943,249545602,71900,3096733,1102327676
2017-11-23,1056372475,178247297,76900,3300548,1059673023
2017-11-24,1025065717,105303166,71000,2742730,1027808447
2017-11-27,990034177,147163788,76600,2719300,992753477
2017-11-28,990974737,104491618,76100,2826354,993801091
2017-11-29,974544546,93846094,69100,2487600,977032146
2017-11-30,973031801,73822468,64100,2298626,975330427
2017-12-01,986537295,107933018,65000,2397200,988934495
2017-12-04,958702903,59339262,70200,2611440,961314343
2017-12-05,953122727,87085289,61000,2144760,955267487
2017-12-06,986776855,119043274,70000,2611000,989387855
2017-12-07,974048381,139177687,55000,2134000,976182381
2017-12-08,981892937,118643834,66000,2552880,984445817
2017-12-11,1000124660,82630414,57500,2257450,1002382110
2017-12-12,997935685,172350379,69000,2759310,1000694995
2017-12-13,983523578,114010252,46900,1936032,985459610
2017-12-14,990053928,106544855,67200,2763264,992817192
2017-12-15,975714791,87502948,61000,2427800,978142591
2017-12-18,973590561,102994703,50000,1861500,975452061
2017-12-19,959869624,42984329,45000,1685250,961554874
2017-12-20,973173160,71585497,24200,905080,974078240
2017-12-21,970005436,102889989,23600,919692,970925128
2017-12-22,960599110,96407474,57900,2324685,962923795
2017-12-25,971495620,87755464,47900,1896840,973392460
2017-12-26,972345993,91167040,31900,1282380,973628373
2017-12-27,990020298,94731213,42900,1677819,991698117
2017-12-28,1009193117,82802645,30900,1206954,1010400071
2017-12-29,980468041,117565598,64887,2688917,983156958
2018-01-02,980670798,98761611,48300,2025219,982696017
2018-01-03,1009695084,135184239,43400,1821498,1011516582
2018-01-04,1009632111,132216915,62900,2646832,1012278943
2018-01-05,990629720,137631089,60400,2419020,993048740
2018-01-08,999609291,121089731,39700,1538772,1001148063
2018-01-09,1013787081,69748829,49700,1911462,1015698543
2018-01-10,1035359686,109284248,35900,1324710,1036684396
2018-01-11,1037708766,69247239,24000,893280,1038602046
2018-01-12,1031265750,65197755,54613,1945315,1033211065
2018-01-15,1024293266,86592951,22600,747834,1025041100
2018-01-16,1028185461,50180174,19300,635163,1028820624
2018-01-17,1032918875,97374013,66200,2250800,1035169675
2018-01-18,1040741910,106255625,44800,1557696,1042299606
2018-01-19,1022824552,84094978,53500,1786900,1024611452
2018-01-22,1044959332,106478811,23400,797472,1045756804
2018-01-23,1033992761,39968823,15444,523397,1034516158
2018-01-24,1061621173,116514261,62444,2212391,1063833564
2018-01-25,1064341886,78810988,33544,1160958,1065502844
2018-01-26,1067634389,52533527,29344,1007380,1068641769
2018-01-29,1051354002,83252448,50244,1565101,1052919103
2018-01-30,1036958065,29947833,42344,1320286,1038278351
2018-01-31,1007050477,25634271,63600,1956972,1009007449
2018-02-01,991870144,36626631,8034,246001,992116145
2018-02-02,974306359,44262945,37500,1116750,975423109
2018-02-05,977603096,44264018,46600,1393806,978996902
2018-02-06,955871674,57612424,46800,1259856,957131530
2018-02-07,940761051,94209595,52000,1359800,942120851
2018-02-08,918991612,48589315,48600,1317060,920308672
2018-02-09,889960808,62796957,20400,552636,890513444
2018-02-12,880928802,54700352,48000,1360800,882289602
2018-02-13,842744534,21846942,13000,370370,843114904
2018-02-14,832772622,17829669,5000,140450,832913072
2018-02-22,832742107,29253537,46200,1376298,834118405
2018-02-23,841273529,38848202,45000,1325250,842598779
2018-02-26,884459148,120235915,69900,2264760,886723908
2018-02-27,815642197,75059551,54000,1768500,817410697
2018-02-28,815453537,82116178,68900,2320552,817774089
2018-03-01,813488651,97007140,57900,2064135,815552786
2018-03-02,815197875,117805727,41400,1482120,816679995
2018-03-05,841552799,107550079,47393,1731740,843284539
2018-03-06,829823058,130491161,54393,2026139,831849197
2018-03-07,826209937,92542010,64893,2439977,828649914
2018-03-08,815728187,63072092,29893,1100959,816829146
2018-03-09,829368557,85572907,73533,2766311,832134868
2018-03-12,815247712,95307133,42833,1706895,816954607
2018-03-13,833844350,91926044,45833,1781987,835626337
2018-03-14,859215627,115270622,37793,1396451,860612078
2018-03-15,874455220,86573886,79393,2985177,877440397
2018-03-16,885393071,77525031,28433,1025863,886418934
2018-03-19,888916110,103788475,79433,2943787,891859897
2018-03-20,876099373,71992174,83733,3170131,879269504
2018-03-21,883824844,92958752,87433,3191305,887016149
2018-03-22,880850123,78120461,33705,1246748,882096871
2018-03-23,847033076,68476619,71035,2468466,849501542
2018-03-26,916018966,166252228,80435,3075030,919093996
2018-03-27,954419071,249275011,85735,3552858,957971929
2018-03-28,932438617,138339586,37005,1502403,933941020
2018-03-29,918005762,151949545,72405,3019289,921025051
2018-03-30,891092914,265730317,87505,4013854,895106768
2018-04-02,864620693,262968628,131605,5888008,870508701
2018-04-03,914505511,183126934,99105,4412155,918917666
2018-04-04,888989517,156326342,120705,5371373,894360890
2018-04-09,921984849,193918875,87805,3993371,925978220
2018-04-10,955987258,167450118,110605,4856666,960843924
2018-04-11,967877194,126508744,101905,4473630,972350824
2018-04-12,985353721,126122009,127205,5368051,990721772
2018-04-13,1027054662,175696473,99205,4396766,1031451428
2018-04-16,947170838,162534848,131305,6011143,953181981
2018-04-17,889381224,269428078,108405,5088531,894469755
2018-04-18,891233568,267054190,139132,7183385,898416953
2018-04-19,1009348897,481972782,125105,6598038,1015946935
2018-04-20,1054942325,381030985,128105,6664022,1061606347
2018-04-23,1109228663,310556749,111905,5432988,1114661651
2018-04-24,1153999057,296123481,124905,6295212,1160294269
2018-04-25,1161174705,265327365,95905,4850875,1166025580
2018-04-26,1108884665,239475970,125370,6555597,1115440262
2018-04-27,1069055614,223313667,95970,4733240,1073788854
2018-05-02,1048137573,168138088,104870,5099828,1053237401
2018-05-03,1091119041,258098349,108970,5573816,1096692857
2018-05-04,1102451447,217674734,120370,6118407,1108569854
2018-05-07,1182601122,220947034,104370,5395929,1187997051
2018-05-08,1226379723,199332997,110470,5638389,1232018112
2018-05-09,1236559208,239227650,160670,8391794,1244951002
2018-05-10,1259579413,226636121,173870,8606565,1268185978
2018-05-11,1209489531,206561115,196270,9379743,1218869274
2018-05-14,1222091187,155747929,171470,7983643,1230074830
2018-05-15,1217752769,169095912,197670,9458510,1227211279
2018-05-16,1212831318,140311636,175270,8241195,1221072513
2018-05-17,1248168000,175945395,206202,9959557,1258127557
2018-05-18,1241658570,147543993,182802,8564274,1250222844
2018-05-21,1287229763,203809699,112016,5442857,1292672620
2018-05-22,1280428054,170190339,135502,6743935,1287171989
2018-05-23,1246567152,220153717,108503,5457701,1252024853
2018-05-24,1236881553,125581637,103941,5124291,1242005844
2018-05-25,1229529995,140155580,114750,5368005,1234898000
2018-05-28,1160898024,102136642,102141,4712786,1165610810
2018-05-29,1150559012,129990451,125133,5722332,1156281344
2018-05-30,1116272799,123773880,114933,5227153,1121499952
2018-05-31,1110567653,163997739,123433,5402662,1115970315
2018-06-01,1098816791,118786293,111216,4602118,1103418909
2018-06-04,1117420847,108707373,130216,5410475,1122831322
2018-06-05,1096983395,108585393,111216,4893504,1101876899
2018-06-06,1088441186,84971555,119316,5243938,1093685124
2018-06-07,1083123891,54609630,106416,4622711,1087746602
2018-06-08,1078277475,94299840,109216,4749804,1083027279
2018-06-11,1077055814,78191605,114116,4919541,1081975355
2018-06-12,1086613892,100104734,127016,5578543,1092192435
2018-06-13,1081627280,149881342,119486,5373285,1087000565
2018-06-14,1112392584,201702836,127486,6000766,1118393350
2018-06-15,1119027904,178553924,89186,4210471,1123238375
2018-06-19,1087786290,207961190,127086,6018793,1093805083
2018-06-20,1126063696,222163020,119186,5720928,1131784624
2018-06-21,1122739505,218592594,127186,5639427,1128378932
2018-06-22,1098158445,165378683,114286,4800012,1102958457
2018-06-25,1111820840,112152102,106438,4379924,1116200764
2018-06-26,1116779875,194446388,140438,6106244,1122886119
2018-06-27,1102264237,183314401,127438,5771667,1108035904
2018-06-28,1090614965,133153684,119438,5392626,1096007591
2018-06-29,1138369080,268046854,128038,6359647,1144728727
2018-07-02,1189986183,270217085,119509,5947963,1195934146
2018-07-03,1232786526,396219584,127409,6752677,1239539203
2018-07-04,1181597013,256165234,111409,5737564,1187334577
2018-07-05,1224933542,283080718,117649,5940098,1230873640
2018-07-06,1176375155,374337918,115383,5518769,1181893924
2018-07-09,1151713208,260283363,122883,6174871,1157888079
2018-07-10,1135266359,214863305,119613,6155285,1141421644
2018-07-11,1155369073,295592066,122113,6471989,1161841062
2018-07-12,1197433695,350625614,127913,6843346,1204277041
2018-07-13,1212536737,227409597,114113,6083364,1218620101
2018-07-16,1201018056,227284328,140513,7573651,1208591707
2018-07-17,1172613075,192964181,125013,6731950,1179345025
2018-07-18,1176580838,214846657,140491,7174875,1183755713
2018-07-19,1174109009,176368164,122517,6358632,1180467641
2018-07-20,1198438192,225751192,139317,7418630,1205856822
2018-07-23,1193287023,256302817,116517,6457372,1199744395
2018-07-24,1157786760,181114444,130417,7172935,1164959695
2018-07-25,1125490727,169471009,116417,6357532,1131848259
2018-07-26,1165697699,187638334,164417,8674641,1174372340
2018-07-27,1169400589,146597823,179417,9340449,1178741038
2018-07-30,1189311274,146487341,165917,8373831,1197685105
2018-07-31,1171809586,118831699,171517,8551838,1180361424
2018-08-01,1163284070,170969400,204917,10303227,1173587297
2018-08-02,1180207170,169671408,166517,8520675,1188727845
2018-08-03,1134120072,113152128,176093,8554598,1142674670
2018-08-06,1156989378,137245980,166257,8080090,1165069468
2018-08-07,1164933546,165331616,124657,6271494,1171205040
2018-08-08,1069833969,122922650,128757,5997501,1075831470
2018-08-09,1087992280,244296025,161657,8244507,1096236787
2018-08-10,1086491920,204428232,131957,6987123,1093479043
2018-08-13,1113039748,258380933,155957,8716437,1121756185
2018-08-14,1120147319,207905677,136956,7332624,1127479943
2018-08-15,1120243079,187833403,146656,7891559,1128134638
2018-08-16,1057443290,160348049,155156,7975018,1065418308
2018-08-17,998817401,157635335,141476,7215276,1006032677
2018-08-20,1027874274,162356360,148676,7808464,1035682738
2018-08-21,1020412557,177385588,153676,8204762,1028617319
2018-08-22,1022766657,104215835,156576,8134123,1030900780
2018-08-23,1015893866,247771800,166482,8921770,1024815636
2018-08-24,1014643461,122713655,153676,8124850,1022768311
2018-08-27,1019957941,178747986,158576,8574204,1028532145
2018-08-28,1011566540,148945746,160476,8778037,1020344577
2018-08-29,1005910105,120342391,153576,8190208,1014100313
2018-08-30,1002061396,96377092,155576,8136625,1010198021
2018-08-31,981101205,80383131,160176,8325948,989427153
2018-09-03,980090887,109418769,185876,9899756,989990643
2018-09-04,1061327143,272259714,169576,9397902,1070725045
2018-09-05,1082687578,138689360,170076,9150089,1091837667
2018-09-06,1043336047,167308948,188076,10362988,1053699035
2018-09-07,941126993,198979821,175476,8914181,950041174
2018-09-10,959909452,124487571,170476,8288543,968197995
2018-09-11,960423053,61690711,172776,8502307,968925360
2018-09-12,959199765,91675714,173676,8350342,967550107
2018-09-13,937095221,138192911,185276,8693150,945788371
2018-09-14,932009315,109782164,169676,7652388,939661703
2018-09-17,932250205,74982020,180076,8121428,940371633
2018-09-18,917532928,75392547,187376,8692373,926225301
2018-09-19,918624350,116198163,202376,9566314,928190664
2018-09-20,924722885,76402247,187876,8677992,933400877
2018-09-21,925510649,91261217,168676,7816446,933327095
2018-09-25,919067774,72168115,176941,8415314,927483088
2018-09-26,926570431,85789082,154741,7368766,933939197
2018-09-27,914423849,82013761,149141,7099112,921522961
2018-09-28,901672801,83572880,144141,6783275,908456076
2018-10-08,910520118,68658067,144041,6533700,917053818
2018-10-09,917105617,108596564,174641,7331429,924437046
2018-10-10,924300018,101421676,169441,7141938,931441956
2018-10-11,903975067,106578239,173141,6792321,910767388
2018-10-12,875973633,61528820,182841,7388605,883362238
2018-10-15,869436630,48856514,187741,7569717,877006347
2018-10-16,859491748,55233386,193258,7757376,867249124
2018-10-17,864661661,96609543,205758,8536899,873198560
2018-10-18,866569072,57005877,201658,8042121,874611193
2018-10-19,880320329,102657198,212670,8634402,888954731
2018-10-22,844501495,103129983,190758,8313234,852814729
2018-10-23,862904372,88741756,202758,8461091,871365463
2018-10-24,850090851,56145610,198858,8332150,858423001
2018-10-25,855304787,99898604,216458,8649662,863954449
2018-10-26,848822936,52014518,197958,7795586,856618522
2018-10-29,841835176,55299670,219258,8693580,850528756
2018-10-30,824263183,107530466,220658,8252609,832515792
2018-10-31,818604069,57438075,215059,8135682,826739751
2018-11-01,819728099,84029986,208359,8057243,827785342
2018-11-02,799940103,81037697,217859,8945291,808885394
2018-11-05,799598222,66770836,168700,7026355,806624577
2018-11-06,788839986,46613201,180200,7541370,796381356
2018-11-07,792720576,83263148,167800,7113042,799833618
2018-11-08,779318799,48556773,152500,6380600,785699399
2018-11-09,773722102,30380289,160100,6618534,780340636
2018-11-12,783405992,53735738,137000,5869080,789275072
2018-11-13,757280502,45492685,140500,5975465,763255967
2018-11-14,784782458,97848946,152700,6610383,791392841
2018-11-15,791940221,57613813,148100,6513438,798453659
2018-11-16,769348859,73874720,155100,7012071,776360930
2018-11-19,750487654,39375123,129600,5806080,756293734
2018-11-20,767317792,55232112,123661,5441084,772758876
2018-11-21,763258775,42267786,121300,5196492,768455267
2018-11-22,761108820,27419434,123600,5296260,766405080
2018-11-23,768928617,55145918,129600,5266944,774195561
2018-11-26,766826800,34661494,121100,4839156,771665956
2018-11-27,765735615,29642100,120900,4869852,770605467
2018-11-28,759935814,35814290,115200,4754304,764690118
2018-11-29,752671502,39053605,116171,4614312,757285814
2018-11-30,750119245,36180462,113671,4625273,754744518
2018-12-03,743719480,83926041,115071,5089590,748809070
2018-12-04,723447578,43204738,115058,5090166,728537744
2018-12-05,725367992,44441191,117358,5120330,730488322
2018-12-06,719040972,72343672,108829,4719914,723760886
2018-12-07,717804669,34002041,107829,4703501,722508170
2018-12-10,708281364,34543542,118364,5160670,713442034
2018-12-11,718258024,44737778,120264,5290413,723548437
2018-12-12,716254049,36618855,129964,5568957,721823006
2018-12-13,716047466,43860132,119460,5139169,721186635
2018-12-14,712766851,39347340,121360,5013382,717780233
2018-12-17,728067809,33029487,115560,4758761,732826570
2018-12-18,731018115,24699735,129407,5253924,736272039
2018-12-19,732114550,23766795,126964,5039201,737153751
2018-12-20,735201370,40004735,130564,5221254,740422624
2018-12-21,736148299,25800313,122564,4874370,741022669
2018-12-24,735259372,33543446,138084,5637970,740897342
2018-12-25,734090680,42920989,136284,5522227,739612907
2018-12-26,727620252,38492766,135084,5303398,732923650
2018-12-27,722180514,33017141,135484,5156521,727337035
2018-12-28,711114495,22714385,151084,5704932,716819427
2019-01-02,729707507,41255092,136784,5240195,734947702
2019-01-03,738435367,35331182,127784,4876237,743311604
2019-01-04,744306359,46984865,151017,5921376,750227735
2019-01-07,703979258,58023351,169984,7154627,711133885
2019-01-08,685686498,35268442,152684,6421889,692108387
2019-01-09,712778942,84706549,176110,7461781,720240723
2019-01-10,706735657,28535851,132664,5513516,712249173
2019-01-11,710896436,30607192,145164,6022854,716919290
2019-01-14,712992575,26857963,145064,5904105,718896680
2019-01-15,711397014,41910628,155564,6502575,717899589
2019-01-16,729572139,65362493,185345,7673283,737245422
2019-01-17,724000115,30929509,138564,5606299,729606414
2019-01-18,725338379,36342089,170964,6990718,732329097
2019-01-21,728303116,57011251,183075,7789841,736092957
2019-01-22,715480487,27795548,158264,6713559,722194046
2019-01-23,715150061,16556866,149964,6314984,721465045
2019-01-24,753347946,172757590,245088,11225030,764572976
2019-01-25,691950335,71686536,207264,9482328,701432663
2019-01-28,670256853,43879368,222964,10205062,680461915
2019-01-29,653400902,32665236,188643,8653054,662053956
2019-01-30,644468662,22708914,178671,8061636,652530298
2019-01-31,624009693,22661072,140371,6409340,630419033
2019-02-01,616872457,45015929,119371,5671316,622543773
2019-02-11,621838255,45013893,103971,5084182,626922437
2019-02-12,638677558,59670844,78800,3794220,642471778
2019-02-13,670529622,126646050,124800,6025344,676554966
2019-02-14,664238109,69785077,107000,5215180,669453289
2019-02-15,650548085,40936077,114500,5507450,656055535
2019-02-18,665685795,104288414,152700,7544907,673230702
2019-02-19,708301204,131859927,162500,7775625,716076829
2019-02-20,704930732,60861608,149000,7029820,711960552
2019-02-21,703068719,86603183,169753,7883329,710952048
2019-02-22,692089772,95475698,159853,7912724,700002496
2019-02-25,658437822,106372077,153653,8189705,666627527
2019-02-26,658055486,107598992,172153,8986387,667041873
2019-02-27,665405352,62358861,116138,5957879,671363231
2019-02-28,674811629,68246615,130677,6740320,681551949
2019-03-01,657997906,43419317,79877,4132037,662129943
2019-03-04,656841473,158613915,211511,11755782,668597255
2019-03-05,728155029,203571552,120215,7349945,735504974
2019-03-06,875422675,381265065,177051,11538413,886961088
2019-03-07,937778133,340861528,125451,8505578,946283711
2019-03-08,1122887168,534987012,170451,12383264,1135270432
2019-03-11,977618976,280642374,149242,10670804,988289780
2019-03-12,1021540598,361518887,179642,14128843,1035669441
2019-03-13,981999440,294650333,190215,13695480,995694920
2019-03-14,958930329,215733084,178115,12307746,971238075
2019-03-15,876682842,119635085,149713,10237375,886920217
2019-03-18,869009283,129256977,186900,13251210,882260493
2019-03-19,864873316,170952046,171500,12289690,877163006
2019-03-20,850380945,120741731,172500,11962875,862343820
2019-03-21,935675012,243862993,156700,11034814,946709826
2019-03-22,948296069,211225934,177783,12686595,960982664
2019-03-25,951954635,186627146,214383,15244775,967199410
2019-03-26,953930997,165111702,192283,13075244,967006241
2019-03-27,934725261,125996663,210583,14342808,949068069
2019-03-28,939132739,155751089,192010,13093162,952225901
2019-03-29,943786844,178869065,172881,12186382,955973226
2019-04-01,972947812,219027289,179532,13208170,986155982
2019-04-02,1004075839,249719571,185532,13527138,1017602977
2019-04-03,1042178717,158708557,172332,12623320,1054802037
2019-04-04,1070952013,192798148,196532,13953772,1084905785
2019-04-08,1048162966,145075231,172335,11529212,1059692178
2019-04-09,1058733608,103984497,158252,10642447,1069376055
2019-04-10,1063718654,90575278,225703,15049876,1078768530
2019-04-11,1086995663,133837874,139603,8901088,1095896751
2019-04-12,1059786622,57551233,163722,10578078,1070364700
2019-04-15,1060117310,95320240,146237,9306523,1069423833
2019-04-16,1071223821,110350002,196522,13149287,1084373108
2019-04-17,1070963926,96665198,141222,9292408,1080256334
2019-04-18,1075146580,64156500,156390,10159094,1085305674
2019-04-19,1073110302,60832463,161422,10411720,1083522022
2019-04-22,1102614320,143200729,193322,12650992,1115265312
2019-04-23,1085784486,86814185,166008,10619532,1096404018
2019-04-24,1048268004,121745590,203708,13599546,1061867550
2019-04-25,1077237373,106162653,164108,10378190,1087615563
2019-04-26,1060898623,75632213,194443,12422964,1073321587
2019-04-29,1055759187,91114166,158208,9777254,1065536441
2019-04-30,1044933159,54984697,165408,10091542,1055024701
2019-05-06,1037958260,88725928,129108,7089320,1045047580
2019-05-07,1025868037,43541363,125208,6999128,1032867165
2019-05-08,1021890839,96930473,224059,13409931,1035300770
2019-05-09,1017863545,125161051,198359,12532322,1030395867
2019-05-10,1103801409,283309807,216059,15016101,1118817510
2019-05-13,1112163760,161736299,223559,15210955,1127374715
2019-05-14,1157405697,135780518,209159,13990646,1171396343
2019-05-15,1104830135,97797458,175375,11976359,1116806494
2019-05-16,1076252775,102227301,169053,11321480,1087574255
2019-05-17,1125016252,201307517,243653,16215107,1141231359
2019-05-20,1172301192,184631086,203853,14027125,1186328317
2019-05-21,1158884312,130202024,224772,15311469,1174195781
2019-05-22,1179068148,232870737,229772,16681448,1195749596
2019-05-23,1164472001,223972346,222372,15141309,1179613310
2019-05-24,1127806490,82867706,209900,13815618,1141622108
2019-05-27,1155598792,151449890,236900,16625642,1172224434
2019-05-28,1125831667,97132742,218700,15234642,1141066309
2019-05-29,1147958269,119583732,211478,14685032,1162643301
2019-05-30,1124957267,90649618,216374,14626882,1139584149
2019-05-31,1109787773,80435793,216981,14481312,1124269085
2019-06-03,1129804561,100440031,190050,12438772,1142243333
2019-06-04,1111223601,64713062,186123,11833701,1123057302
2019-06-05,1105350867,43272106,190115,12131239,1117482106
2019-06-06,1099308157,51111354,194623,12319636,1111627793
2019-06-10,1107961964,51180633,197619,12706902,1120668866
2019-06-11,1109232633,103108347,161419,10719836,1119952469
2019-06-12,1110823549,82080307,218954,14538546,1125362095
2019-06-13,1108223265,52978947,165854,10906559,1119129824
2019-06-14,1084393884,52637137,200454,12626597,1097020481
2019-06-17,1088919991,70005259,195954,11908124,1100828115
2019-06-18,1075239355,29425298,189639,11530051,1086769406
2019-06-19,1050149793,53230244,218239,13631208,1063781001
2019-06-20,1034175183,46761162,158539,10144910,1044320093
2019-06-21,1006593297,77062304,195339,13117014,1019710311
2019-06-24,1003740863,41335923,141061,9436981,1013177844
2019-06-25,1007466890,46747724,159061,10340556,1017807446
2019-06-26,1002797837,66444963,204561,13942878,1016740715
2019-06-27,993877382,94088209,168461,11783847,1005661229
2019-06-28,974693155,64931876,165790,11480958,986174113
2019-07-01,989346694,122683304,119290,8424260,997770954
2019-07-02,994164398,79882588,132690,9150302,1003314700
2019-07-03,991022986,71993811,113538,7635431,998658417
2019-07-04,985069768,60015035,118838,7979971,993049739
2019-07-05,973352111,51963315,166438,11292819,984644930
2019-07-08,984218884,71015532,159138,10725901,994944785
2019-07-09,981102773,53378576,96438,6466168,987568941
2019-07-10,1030000827,149711818,231438,15862760,1045863587
2019-07-11,991284262,83640529,164838,10928760,1002213022
2019-07-12,973137098,52614908,152945,10030133,983167231
2019-07-15,968626691,94596998,218845,15130944,983757635
2019-07-16,955517149,59704677,189345,13131076,968648225
2019-07-17,958131483,101986697,175945,12298555,970430038
2019-07-18,987424584,131574363,159645,10461537,997886121
2019-07-19,1035428968,106902210,157045,10514163,1045943131
2019-07-22,1036832175,119153877,165786,10568858,1047401033
2019-07-23,1024931854,58710831,164400,10649832,1035581686
2019-07-24,1010863589,55613574,162600,10569000,1021432589
2019-07-25,1013571848,75450612,199489,13062540,1026634388
2019-07-26,1004701639,62241979,167822,10802702,1015504341
2019-07-29,992678926,46209138,132722,8670728,1001349654
2019-07-30,996497589,55990891,104722,6754570,1003252159
2019-07-31,998448445,46097602,122599,7917444,1006365889
2019-08-01,985668081,138275364,94705,5777005,991445086
2019-08-02,971018078,62984037,110505,6712074,977730152
2019-08-05,982059889,46302366,122005,7295899,989355788
2019-08-06,994029462,72757897,69705,4112595,998142057
2019-08-07,1025201619,71642590,57405,3225587,1028427206
2019-08-08,995975498,45759314,96438,5588582,1001564080
2019-08-09,965479259,34440416,64565,3686016,969165275
2019-08-12,993059462,73400204,107065,6218335,999277797
2019-08-13,980143268,41236494,72765,4162158,984305426
2019-08-14,988949638,85746835,92665,5416269,994365907
2019-08-15,1004992127,96630656,148065,8755084,1013747211
2019-08-16,1000235361,92620013,104365,6196150,1006431511
2019-08-19,963348448,89575490,123702,7600251,970948699
2019-08-20,955391561,64844937,87713,5249623,960641184
2019-08-21,982203337,83488197,96230,5775725,987979062
2019-08-22,1006317578,140588388,174693,10844942,1017162520
2019-08-23,1017440250,96535262,97413,6041554,1023481804
2019-08-26,1014786256,149332443,172091,11201403,1025987659
2019-08-27,1036309704,121906982,129191,8423254,1044732958
2019-08-28,1050045194,84493390,104562,6693014,1056738208
2019-08-29,1057601002,90087653,110064,7049599,1064650601
2019-08-30,1008589917,165011821,154933,10024165,1018614082
2019-09-02,962635405,100942296,121164,8115565,970750970
2019-09-03,1024092775,202819524,134864,9323149,1033415924
2019-09-04,952910063,156801076,139264,9887744,962797807
2019-09-05,990216414,195029521,147264,10635407,1000851821
2019-09-06,950085199,160376182,119564,8407740,958492939
2019-09-09,1011614775,220963055,142764,10356101,1021970876
2019-09-10,978394952,136514332,120552,8438640,986833592
2019-09-11,976675645,106741617,93993,6446040,983121685
2019-09-12,957943542,100434238,135194,9352721,967296263
2019-09-16,1001443044,126173526,128094,9022941,1010465985
2019-09-17,1009086621,106502368,104494,7103502,1016190123
2019-09-18,1016191411,73595320,108694,7449887,1023641298
2019-09-19,1014695247,125896852,104994,7361130,1022056377
2019-09-20,976827234,128348230,112594,7991922,984819156
2019-09-23,1020786924,267441864,181194,14147628,1034934552
2019-09-24,943455717,241814157,143838,11773140,955228857
2019-09-25,945767649,212421024,162038,12930632,958698281
2019-09-26,960303494,242030451,176438,12671777,972975271
2019-09-27,954177553,211901955,176606,12185814,966363367
2019-09-30,925790989,104491018,143506,9411123,935202112
2019-10-08,935565284,69683747,147906,9658262,945223546
2019-10-09,965882619,93203167,148838,9917076,975799695
2019-10-10,903539060,80341109,139230,9619401,913158461
2019-10-11,909272620,119200374,148730,9866749,919139369
2019-10-14,931413610,107845656,143330,9674775,941088385
2019-10-15,944905395,97591948,129930,8397376,953302771
2019-10-16,944962597,58204215,135530,8606155,953568752
2019-10-17,953905837,45768115,127330,8021790,961927627
2019-10-18,956019713,57883041,140030,8774279,964793992
2019-10-21,930027654,27822425,130434,8281255,938308909
2019-10-22,941890872,55758386,123734,7941248,949832120
2019-10-23,938741401,40900048,108134,6813523,945554924
2019-10-24,933011225,26698613,108934,6867200,939878425
2019-10-25,929037675,48758144,110934,7194070,936231745
2019-10-28,923160962,98420600,76434,5143244,928304206
2019-10-29,885930038,90479457,145396,9695005,895625043
2019-10-30,884266273,89719651,133034,9138105,893404378
2019-10-31,882836196,146702895,159534,11287031,894123227
2019-11-01,868180349,74860124,126034,8942113,877122462
2019-11-04,873521484,72303824,136834,9726161,883247645
2019-11-05,919524691,170974753,162434,11817074,931341765
2019-11-06,904962764,88924134,143834,10056873,915019637
2019-11-07,889387526,63863936,131934,9367314,898754840
2019-11-08,872444275,67827639,112334,7849900,880294175
2019-11-11,852641446,35373661,103803,7118810,859760256
2019-11-12,869061972,60709973,105403,7293888,876355860
2019-11-13,839966177,112731806,191603,14584821,854550998
2019-11-14,906575001,278084092,152103,12032868,918607869
2019-11-15,880255474,146366336,218127,16848130,897103604
2019-11-18,871711531,109478118,216033,16602136,888313667
2019-11-19,850711337,127497869,197827,15301919,866013256
2019-11-20,896297546,149702443,199327,15108986,911406532
2019-11-21,886383540,65483358,198027,15057974,901441514
2019-11-22,878946948,148871717,245627,17859539,896806487
2019-11-25,863469602,75829491,227427,16058621,879528223
2019-11-26,853884610,43795009,239427,17119031,871003641
2019-11-27,835352691,109634934,233103,17727484,853080175
2019-11-28,810461017,111711291,231603,17833431,828294448
2019-11-29,805738622,113156620,229003,17908035,823646657
2019-12-02,827976321,153703194,240403,19232240,847208561
2019-12-03,814944880,76926806,219403,17550046,832494926
2019-12-04,820834363,220731553,267503,23093534,843927897
2019-12-05,841261608,249638745,241303,21273272,862534880
2019-12-06,782828512,104895973,359403,32457685,815286197
2019-12-09,803817082,140530146,296003,26237706,830054788
2019-12-10,795020669,119963871,312103,28120480,823141149
2019-12-11,796042864,129447685,240369,21601962,817644826
2019-12-12,828834276,175676668,252503,22927272,851761548
2019-12-13,799960484,109868605,225803,20390011,820350495
2019-12-16,854934646,220008033,206303,19041767,873976413
2019-12-17,890097359,141507671,189703,17200371,907297730
2019-12-18,924330041,202408272,240403,22068995,946399036
2019-12-19,934473889,212547331,204603,17943683,952417572
2019-12-20,864771125,65263509,245503,21069068,885840193
2019-12-23,858996048,184642507,244403,20163248,879159296
2019-12-24,864991776,141157600,303703,26270310,891262086
2019-12-25,873056263,220245761,322788,30338844,903395107
2019-12-26,866453988,99811350,288088,26751851,893205839
2019-12-27,874495565,137005480,252888,22458984,896954549
2019-12-30,883599818,104607327,273088,24198328,907798146
2020-01-02,858152973,147865684,217788,20254284,878407257
2020-01-03,792784223,111966606,171988,15943288,808727511
2020-01-06,845141096,149273683,210488,19122835,864263931
2020-01-07,810197049,51770707,192288,17559740,827756789
2020-01-08,806060648,99961322,167688,14942677,821003325
2020-01-09,831075226,83895078,149988,13609912,844685138
2020-01-10,864463997,190982264,179088,16297008,880761005
2020-01-13,954340770,275145186,196688,19688469,974029239
2020-01-14,900140431,287243563,310077,33224751,933365182
2020-01-15,911134943,198054082,311758,33669864,944804807
2020-01-16,944035046,301037925,292978,33106514,977141560
2020-01-17,853570047,119578697,234578,26507314,880077361
2020-01-20,899749471,201961079,247088,29151442,928900913
2020-01-21,844681194,115296288,214393,25169738,869850932
2020-01-22,782960442,140371847,232556,29534612,812495054
2020-01-23,805353842,227489886,194863,23091266,828445108
2020-02-03,883654044,223496513,186293,19868148,903522192
2020-02-04,976772541,287850622,188393,22102267,998874808
2020-02-05,875976650,294009819,193693,24138021,900114671
2020-02-06,966412125,323954787,196293,26907845,993319970
2020-02-07,982822728,265649489,135393,19626570,1002449298
2020-02-10,945294627,211565390,91663,12840154,958134781
2020-02-11,976856172,148012840,112460,15890598,992746770
2020-02-12,1033410255,248579770,132960,18926856,1052337111
2020-02-13,987872136,280575637,200060,29066717,1016938853
2020-02-14,929856263,157898310,161460,22832059,952688322
2020-02-17,932826170,141263920,204660,29962224,962788394
2020-02-18,964947151,213561881,204960,31565890,996513041
2020-02-19,1015545221,251704512,227560,35308210,1050853431
2020-02-20,1022738291,219872338,206060,31916633,1054654924
2020-02-21,1062176493,280137061,479423,73351719,1135528212
2020-02-24,1150067902,351905206,515723,86796181,1236864083
2020-02-25,1062023378,299273838,545123,95232988,1157256366
2020-02-26,1001804632,256969786,559723,88005247,1089809879
2020-02-27,1009798942,284941408,558691,90843157,1100642099
2020-02-28,1020537731,351989899,570323,84413508,1104951239
2020-03-02,1173718220,365240612,555423,78981151,1252699371
2020-03-03,1180562294,257079621,540072,76414787,1256977081
2020-03-04,1133882007,269211871,609016,80219587,1214101594
2020-03-05,1148717813,230274379,588277,80588066,1229305879
2020-03-06,1036048329,120475859,561777,75120820,1111169149
2020-03-09,1099971273,343578354,561577,68428158,1168399431
2020-03-10,1248313206,368884651,285114,37985738,1286298944
2020-03-11,1247331682,233163949,238814,29765777,1277097459
2020-03-12,1347570888,207946174,257014,32383764,1379954652
2020-03-13,1310145645,281045051,303323,40463289,1350608934
2020-03-16,1133338509,212036106,287744,37501676,1170840185
2020-03-17,1140670564,239715259,303114,41572085,1182242649
2020-03-18,1119440962,228738111,338714,45553646,1164994608
2020-03-19,1116321374,213928891,338814,48450402,1164771776
2020-03-20,1134949908,224419760,329760,47488737,1182438645
2020-03-23,1046958844,121926439,362214,46946557,1093905401
2020-03-24,1033201485,221667626,344944,43221483,1076422968
2020-03-25,1003115610,126594889,334614,42579632,1045695242
2020-03-26,972624478,51648426,347465,43023116,1015647594
2020-03-27,960127704,78216885,416065,51513007,1011640711
2020-03-30,899878780,99910456,395450,46307195,946185975
2020-03-31,883578422,55538987,384450,44711535,928289957
2020-04-01,907983338,94808632,393750,45769500,953752838
2020-04-02,928320213,167153715,455850,57933977,986254190
2020-04-03,888352496,86840465,444750,55415850,943768346
2020-04-07,938601772,146906616,444650,56314923,994916695
2020-04-08,946757622,92240010,437050,55146969,1001904591
2020-04-09,925654846,58651143,411650,51727939,977382785
2020-04-10,928863413,108956342,430650,50386050,979249463
2020-04-13,927466352,53378356,378050,43169530,970635882
2020-04-14,936336522,95334308,383156,46032362,982368884
2020-04-15,925435598,92972835,350356,42806496,968242094
2020-04-16,921355820,70936624,360487,45150997,966506817
2020-04-17,969220425,280262107,389956,53310885,1022531310
2020-04-20,933218707,102790134,363756,50194690,983413397
2020-04-21,916587323,95981519,318256,43235078,959822401
2020-04-22,921704461,135017464,308045,42886025,964590486
2020-04-23,896737793,82784223,300545,40116747,936854540
2020-04-24,880384338,61824388,298045,39341940,919726278
2020-04-27,867517898,73384254,304245,40647132,908165030
2020-04-28,870061425,162322014,388845,55188771,925250196
2020-04-29,844127075,72690568,352047,50096289,894223364
2020-04-30,864858440,230846887,361547,55016607,919875047
2020-05-06,854682776,143594719,356947,57472036,912154812
2020-05-07,800731305,118234345,354647,56126435,856857740
2020-05-08,841702240,148205712,369147,57642304,899344544
2020-05-11,842240095,142129151,340362,51915416,894155511
2020-05-12,921726038,177021896,396089,61057119,982783157
2020-05-13,1002421020,384163461,451062,71628646,1074049666
2020-05-14,939060664,133416228,423962,66082957,1005143621
2020-05-15,960700884,203360094,496558,80437430,1041138314
2020-05-18,1103649836,442201588,500805,83674499,1187324335
2020-05-19,1248937524,580568947,500805,92042951,1340980475
2020-05-20,1191770668,387113951,510205,88877711,1280648379
2020-05-21,1186482949,374293171,543416,87457371,1273940320
2020-05-22,1170836268,198849006,545851,85835070,1256671338
2020-05-25,1152030423,122881260,513386,79010106,1231040529
2020-05-26,1132241979,188697165,536785,86035900,1218277879
2020-05-27,1163934363,215573874,515585,83354627,1247288990
2020-05-28,1176644384,292709116,543685,81944203,1258588587
2020-05-29,1122813506,115922310,514385,78186520,1201000026
2020-06-01,1149233656,175327437,497585,78245242,1227478898
2020-06-02,1169353599,192433795,395385,62530137,1231883736
2020-06-03,1172347689,184384888,346783,54247265,1226594954
2020-06-04,1161485769,106572707,302283,46058861,1207544630
2020-06-05,1148030796,91954646,257783,39732094,1187762890
2020-06-08,1157329821,104003296,233783,36245716,1193575537
2020-06-09,1140482451,90082018,237783,37410399,1177892850
2020-06-10,1126252966,87620531,217344,33855675,1160108641
2020-06-11,1159572438,196938936,204244,32066308,1191638746
2020-06-12,1241183966,237376866,192744,28952076,1270136042
2020-06-15,1197058187,123500977,199144,28461660,1225519847
2020-06-16,1127076728,83446606,180944,26996845,1154073573
2020-06-17,1108818603,53427790,182818,27323978,1136142581
2020-06-18,1089342827,88716146,212068,32268267,1121611094
2020-06-19,1060355287,110424216,198218,30923990,1091279277
2020-06-22,1058869817,170246397,223144,37561830,1096431647
2020-06-23,1088735245,158136692,178144,29903252,1118638497
2020-06-24,1056245250,163768826,227344,38430230,1094675480
2020-06-29,1041121214,85197622,214768,35703033,1076824247
2020-07-01,1088939365,211425041,154444,26834645,1115774010
2020-07-02,1112955548,162421987,151435,25940816,1138896364
2020-07-03,1233884109,319209207,242835,43749154,1277633263
2020-07-06,1335462849,373805091,202830,40196849,1375659698
2020-07-07,1328312086,368148473,269902,54744222,1383056308
2020-07-08,1254436548,223360137,227050,48130058,1302566606
2020-07-09,1298985667,273043483,270350,57314200,1356299867
2020-07-10,1446188514,375397962,207716,45967551,1492156065
2020-07-13,1446793779,327152434,249143,55935096,1502728875
2020-07-14,1464727612,490373583,255565,54706244,1519433856
2020-07-15,1314059340,253223077,233233,46180134,1360239474
2020-07-16,1305261202,227893273,175935,31351617,1336612819
2020-07-17,1301169496,131705948,216435,37443255,1338612751
2020-07-20,1282807196,160791391,241972,44106656,1326913852
2020-07-21,1346038925,158616702,236572,43056104,1389095029
2020-07-22,1426550741,231531077,272288,50917856,1477468597
2020-07-23,1403832616,131903053,276788,53101778,1456934394
2020-07-24,1293344633,113847625,246773,44071190,1337415823
2020-07-27,1244574354,87745083,261573,46353351,1290927705
2020-07-28,1239893631,57202880,279773,49307194,1289200825
2020-07-29,1274877219,135091814,317675,60104109,1334981328
2020-07-30,1309231103,121703877,298275,56535044,1365766147
2020-07-31,1470841793,378992613,303675,63313201,1534154994
2020-08-03,1508842601,169640052,297475,68222916,1577065517
2020-08-04,1496530111,427612387,291675,62126775,1558656886
2020-08-05,1520808082,328845776,266975,57399625,1578207707
2020-08-06,1575612663,313099719,290675,63358430,1638971093
2020-08-07,1444810241,233389889,270626,56398458,1501208699
2020-08-10,1581265221,379640163,348667,76985674,1658250895
2020-08-11,1555578060,370809904,308803,67874900,1623452960
2020-08-12,1601466565,292498812,299403,63659065,1665125630
2020-08-13,1595414743,142647433,282803,57974615,1653389358
2020-08-14,1539537721,74582761,281503,58552624,1598090345
2020-08-17,1484032328,122126712,226923,48377714,1532410042
2020-08-18,1470645349,170071362,270123,57868450,1528513799
2020-08-19,1434827367,209702485,284496,59118268,1493945635
2020-08-20,1414652019,100141386,269361,53602839,1468254858
2020-08-21,1402263384,63537057,259620,51768228,1454031612
2020-08-24,1373026759,79316314,256082,49859165,1422885924
2020-08-25,1389023781,73069379,214682,41946716,1430970497
2020-08-26,1358279455,96703010,196182,36234815,1394514270
2020-08-27,1370395205,87450041,222582,42067998,1412463203
2020-08-28,1365116575,61249608,221882,42321773,1407438348
2020-08-31,1320910850,121179430,244182,45002743,1365913593
2020-09-01,1311697450,67660886,242382,45063661,1356761111
2020-09-02,1305182686,89105787,238882,43005927,1348188613
2020-09-03,1310421847,84916336,268582,49684984,1360106831
2020-09-04,1414542695,200014414,283082,52950488,1467493183
2020-09-07,1506981656,280286469,256679,43668799,1550650455
2020-09-08,1507082121,93683441,245581,41034129,1548116250
2020-09-09,1460964152,99217084,268152,41563560,1502527712
2020-09-10,1438281760,71978773,262623,41082116,1479363876
2020-09-11,1426640119,116433375,252423,39680896,1466321015
2020-09-14,1468932968,126015613,251823,38629648,1507562616
2020-09-15,1472097154,143631622,275423,44067680,1516164834
2020-09-16,1449572904,103093415,307023,47886377,1497459281
2020-09-17,1477111025,133500132,314323,50442555,1527553580
2020-09-18,1463172041,99323951,334123,54655840,1517827881
2020-09-21,1430101693,102462651,338923,55437635,1485539328
2020-09-22,1398110822,55878276,324123,51448044,1449558866
2020-09-23,1397198173,51807758,298323,47824160,1445022333
2020-09-24,1393883497,43206863,293923,46110640,1439994137
2020-09-25,1409006738,52270251,328787,51570241,1460576979
2020-09-28,1409152178,45101695,241937,37442170,1446594348
2020-09-29,1396618863,95982140,233337,37588258,1434207121
2020-09-30,1402405350,66718969,195737,31133927,1433539277
2020-10-09,1436867141,94023584,193337,31262593,1468129734
2020-10-12,1488739104,212909969,227637,40489794,1529228898
2020-10-13,1479996581,129842475,238437,42916276,1522912857
2020-10-14,1450844254,119319613,257337,44776638,1495620892
2020-10-15,1483254744,118927264,258537,44352023,1527606767
2020-10-16,1482301952,58841865,300841,52108670,1534410622
2020-10-19,1507796350,75871106,296841,49952403,1557748753
2020-10-20,1518590850,60917882,298741,50956253,1569547103
2020-10-21,1465063081,108337152,305209,50176360,1515239441
2020-10-22,1455407832,31593350,296291,47735443,1503143275
2020-10-23,1447757485,53923686,324291,51147177,1498904662
2020-10-26,1426138932,38300475,304182,48517030,1474655962
2020-10-27,1435466142,51663335,281582,45695126,1481161268
2020-10-28,1407577441,51501799,306255,50164569,1457742010
2020-10-29,1401226114,54679321,312231,50375350,1451601464
2020-10-30,1381544775,139203469,346812,59304852,1440849627
2020-11-02,1362026416,132232286,342012,61206467,1423232883
2020-11-03,1383934765,147395148,349812,63280990,1447215755
2020-11-04,1412191480,137102866,336412,58539053,1470730533
2020-11-05,1425218087,143429744,333066,59502242,1484720329
2020-11-06,1462866522,227938798,366866,69660517,1532527039
2020-11-09,1416644126,222589001,401166,82034436,1498678562
2020-11-10,1444938247,196656608,391811,76403145,1521341392
2020-11-11,1448552727,193986427,406911,72942867,1521495594
2020-11-12,1452094816,84079297,397511,71432728,1523527544
2020-11-13,1449544077,109865676,404311,73532042,1523076119
2020-11-16,1433245179,84392910,406711,72963953,1506209132
2020-11-17,1452011470,156026508,412773,75669546,1527681016
2020-11-18,1493508490,121430206,435109,78093364,1571601854
2020-11-19,1490654440,89225614,442536,79165266,1569819706
2020-11-20,1483316428,76300458,401013,70646461,1553962889
2020-11-23,1486655583,103754151,360213,63458726,1550114309
2020-11-24,1488614338,106585780,373045,65991661,1554605999
2020-11-25,1458674726,99198063,378445,66946921,1525621647
2020-11-26,1494941389,174267384,374645,63446131,1558387520
2020-11-27,1508300489,105371652,409831,69531927,1577832416
2020-11-30,1508024018,125283514,404215,69524980,1577548998
2020-12-01,1570411119,122759548,479313,82154249,1652565368
2020-12-02,1595506501,167209379,456553,78097956,1673604457
2020-12-03,1582727986,155114902,472947,77998419,1660726405
2020-12-04,1599738222,96127354,436316,72157940,1671896162
2020-12-07,1602506365,297551829,445446,78309407,1680815772
2020-12-08,1639391882,161437846,473587,81835834,1721227716
2020-12-09,1646857962,96778351,662867,111560516,1758418478
2020-12-10,1707489204,128757898,681767,115014093,1822503297
2020-12-11,1744482432,162267137,681194,112315267,1856797699
2020-12-14,1757615871,203212353,712644,118013846,1875629717
2020-12-15,1733304222,79691817,702622,115799132,1849103354
2020-12-16,1743497722,130572562,715277,114072375,1857570097
2020-12-17,1733730009,79930431,717736,115332999,1849063008
2020-12-18,1714064954,83018416,718584,114254856,1828319810
2020-12-21,1725573355,327819155,874018,151423621,1876996976
2020-12-22,1699287552,227323930,861536,141498673,1840786225
2020-12-23,1765043330,284378806,909000,157093379,1922136709
2020-12-24,1741215957,277518946,924201,162733311,1903949268
2020-12-25,1678530255,204657716,863501,149204338,1827734593
2020-12-28,1621090720,111682621,861001,148625993,1769716713
2020-12-29,1668901473,238814029,856373,150524682,1819426155
2020-12-30,1637762243,209581747,844262,146091097,1783853340
2021-01-04,1519296478,250941088,787662,151821852,1671118330
2021-01-05,1448770495,177307996,769862,152317197,1601087692
2021-01-06,1468009803,182872904,789062,151594592,1619604395
2021-01-07,1547305472,246044461,744664,141923829,1689229301
2021-01-08,1543495847,173790890,756230,141604069,1685099916
2021-01-11,1511345298,298213451,808125,161721975,1673067273
2021-01-12,1460683665,244624328,783230,161572517,1622256182
2021-01-13,1457775998,383656848,805873,179870854,1637646852
2021-01-14,1382748684,324734106,821908,179652649,1562401333
2021-01-15,1372987959,252554986,834408,179280903,1552268862
2021-01-18,1416571393,328424084,864308,202230785,1618802178
2021-01-19,1354115299,175692716,857298,198044412,1552159711
2021-01-20,1429731838,215460003,853198,194102545,1623834383
2021-01-21,1387352240,151871228,852520,191902252,1579254492
2021-01-22,1332316155,203258917,881930,194915350,1527231505
2021-01-25,1337147099,211401963,871237,194451387,1531598486
2021-01-26,1292168270,99629772,863337,188466467,1480634737
2021-01-27,1279652732,67859994,818737,177403934,1457056666
2021-01-28,1259055353,132157978,803237,161233763,1420289116
2021-01-29,1221745519,54233149,757010,151704804,1373450323
2021-02-01,1225590118,55477124,723810,146202382,1371792500
2021-02-02,1200297136,73410906,752060,153450323,1353747459
2021-02-03,1195267194,69018660,749010,147180466,1342447660
2021-02-04,1193854816,109544028,727541,141142954,1334997770
2021-02-05,1202015039,75623766,705578,133848147,1335863186
2021-02-08,1209587490,97452168,686323,135617425,1345204915
2021-02-09,1223235824,96490262,676710,136018710,1359254534
2021-02-10,1199873444,81845148,657200,132484947,1332358391
2021-02-18,1282300291,202476473,665935,140478988,1422779279
2021-02-19,1320894095,161256940,608169,120539096,1441433191
2021-02-22,1303259652,80483845,621869,119896343,1423155995
2021-02-23,1304853017,56778388,629869,121476535,1426329552
2021-02-24,1307449448,99274771,642269,124985547,1432434995
2021-02-25,1296945208,65115972,614762,117499460,1414444668
2021-02-26,1253934602,97014630,608462,109158083,1363092685
2021-03-01,1270345889,80773507,622176,115836728,1386182617
2021-03-02,1212699291,169582231,650062,129947395,1342646686
2021-03-03,1285888491,220574411,629862,119667481,1405555972
2021-03-04,1330874215,124341389,631562,115828471,1446702686
2021-03-05,1323661723,86443224,641762,116787849,1440449572
2021-03-08,1373852371,150728780,586165,96723087,1470575458
2021-03-09,1371284303,104311612,578589,89756511,1461040814
2021-03-10,1375973124,88473257,590189,89885785,1465858909
2021-03-11,1390091292,144451146,611333,95429080,1485520372
2021-03-12,1338419581,48913506,590003,89969558,1428389139
2021-03-15,1289291716,41192460,567289,82574587,1371866303
2021-03-16,1285690329,57303350,573689,80058300,1365748629
2021-03-17,1269795295,40052334,540489,78262807,1348058102
2021-03-18,1280328541,51527597,547663,79356370,1359684911
2021-03-19,1276659845,39776580,582760,82751920,1359411765
2021-03-22,1291879504,45980253,598920,84303980,1376183484
2021-03-23,1304598517,46894619,611315,85553535,1390152052
2021-03-24,1270043534,44437260,604884,81114944,1351158478
2021-03-25,1247752882,29546054,608344,84468565,1332221447
2021-03-26,1255089720,51141662,587681,83127477,1338217197
2021-03-29,1290858481,91055142,607659,86512412,1377370893
2021-03-30,1311227393,78842415,612359,88412393,1399639786
2021-03-31,1308608391,32556045,595659,85500892,1394109283
2021-04-01,1290004532,68093007,571159,86810456,1376814988
2021-04-02,1262087958,121388138,621393,102063801,1364151759
2021-04-06,1278765097,94765337,636193,101975376,1380740473
2021-04-07,1302698742,98710243,651993,106535656,1409234398
2021-04-08,1293067173,48062033,657993,106733044,1399800217
2021-04-09,1287243578,50786752,680908,108604827,1395848405
2021-04-12,1254679378,52743499,700814,113742111,1368421489
2021-04-13,1262873119,47304657,691916,108976771,1371849890
2021-04-14,1247799962,49577690,685116,106501282,1354301244
2021-04-15,1232764043,52801828,646416,99030932,1331794975
2021-04-16,1226403259,35639834,610316,92230953,1318634212
2021-04-19,1246938338,89196524,586001,92289297,1339227635
2021-04-20,1236578248,33938309,555501,87130331,1323708579
2021-04-21,1244756986,43389825,565801,89413532,1334170518
2021-04-22,1255712195,84304783,555901,86681644,1342393839
2021-04-23,1236374651,86837176,548070,89867038,1326241689
2021-04-26,1190194403,92360240,559070,93029248,1283223651
2021-04-27,1193304311,67942755,574096,95397532,1288701843
2021-04-28,1218250745,79477223,557796,91645882,1309896627
2021-04-29,1212858548,89330890,568696,96553206,1309411754
2021-04-30,1226436844,88266539,558896,92564355,1319001199
2021-05-06,1216836977,67017103,555396,93028830,1309865807
2021-05-07,1204099102,88035476,562896,91358020,1295457122
2021-05-10,1178635498,77717890,552396,84074672,1262710170
2021-05-11,1179601778,41996560,548596,83935188,1263536966
2021-05-12,1158579186,53748500,529396,86550952,1245130138
2021-05-13,1164512332,46673770,558336,88887092,1253399424
2021-05-14,1163295084,62511492,563254,92232844,1255527928
2021-05-17,1148260123,84682891,577786,98188953,1246449076
2021-05-18,1203802359,166792324,579886,102326684,1306129043
2021-05-19,1196925975,83216985,568686,100134230,1297060205
2021-05-20,1180988024,38106210,563486,98159262,1279147286
2021-05-21,1177240766,57000404,553986,93573776,1270814542
2021-05-24,1212895950,95838419,552186,94550809,1307446759
2021-05-25,1263036424,147417260,530524,93770118,1356806542
2021-05-26,1282243620,122504561,580924,101313146,1383556766
2021-05-27,1291484843,186473425,653572,123446679,1414931522
2021-05-28,1281844738,139584773,664372,124337221,1406181959
2021-05-31,1322899418,159219021,675572,127142651,1450042069
2021-06-01,1669395346,579136390,710072,143434544,1812829890
2021-06-02,1628123240,130992631,712773,146118465,1774241705
2021-06-03,1683595015,190343156,694073,141549248,1825144263
2021-06-04,1716327115,230214338,717572,149972548,1866299663
2021-06-07,1824394166,310625455,701872,151323603,1975717769
2021-06-08,1844325043,132637933,682727,147844533,1992169576
2021-06-09,1853739658,99556966,699206,151755670,2005495328
2021-06-10,1821551614,82483422,777551,177437139,1998988753
2021-06-11,1732941546,90512787,754851,165372757,1898314303
2021-06-15,1829048309,283045666,781751,186080191,2015128500
2021-06-16,1825131296,98360503,773451,177112545,2002243841
2021-06-17,1986629220,357419741,835668,210496414,2197125634
2021-06-18,2001100885,218901844,841503,219135797,2220236682
2021-06-21,1959590280,184999663,841817,212112631,2171702911
2021-06-22,1996561683,195239792,789017,198595579,2195157262
2021-06-23,1939244215,233780629,802162,216343091,2155587306
2021-06-24,1944093553,252201168,708062,182630433,2126723986
2021-06-25,1687097745,126703278,730162,192762768,1879860513
2021-06-28,1676377366,167301830,701614,188979732,1865357098
2021-06-29,1673005670,115905331,690945,189236017,1862241687
2021-07-01,1602706421,138814028,695614,186424552,1789130973
2021-07-02,1488550424,105802068,689714,183939828,1672490252
2021-07-05,1345539194,101911766,681114,196079099,1541618293
2021-07-06,1360898654,144542642,688567,198995863,1559894517
2021-07-07,1509855689,343370063,728369,224548879,1734404568
2021-07-08,1514560164,159626305,747292,246232716,1760792880
2021-07-09,1532455828,183472497,712792,234508568,1766964396
2021-07-12,1515086265,188761676,719050,240622893,1755709158
2021-07-13,1441404707,196948572,694850,224665850,1666070557
2021-07-14,1384531808,102870330,677750,214595983,1599127791
2021-07-15,1404244936,186287931,648377,215261164,1619506100
2021-07-16,1231435063,128861871,653357,211824873,1443259936
2021-07-19,1201947375,95528281,634861,205155333,1407102708
2021-07-20,1210396504,126997397,614461,193413890,1403810394
2021-07-21,1492252386,540790279,620883,214980740,1707233126
2021-07-22,1341674508,277487304,639383,239883715,1581558223
2021-07-23,1251601391,113283600,651977,243435173,1495036564
2021-07-26,1278933962,191735178,601583,221713415,1500647377
2021-07-27,1230174289,222724601,596079,222337467,1452511756
2021-07-28,1195354959,178274320,566768,211336452,1406691411
2021-07-29,1330174102,327537896,594227,234101669,1564275771
2021-07-30,1280400047,245353375,654927,282928464,1563328511
2021-08-02,1470868003,529833808,658672,265181346,1736049349
2021-08-03,1634441989,456526194,646347,234197372,1868639361
2021-08-04,1661621581,330982667,674547,267795159,1929416740
2021-08-05,1579571988,262573997,700947,267740726,1847312714
2021-08-06,1608898656,267926012,726497,273162872,1882061528
2021-08-09,1764626954,466946337,647597,236942791,2001569745
2021-08-10,1609065122,170011013,597967,212649024,1821714146
2021-08-11,1583827634,132412052,547367,198694221,1782521855
2021-08-12,1563367371,171058019,558967,207359988,1770727359
2021-08-13,1530010881,138472432,558767,194998508,1725009389
2021-08-16,1504584604,98858853,573267,198780333,1703364937
2021-08-17,1495507713,110157619,564463,183224689,1678732402
2021-08-18,1340563085,54843871,602367,205407147,1545970232
2021-08-19,1581294890,380558503,630423,228515729,1809810619
2021-08-20,1524459402,103236769,632749,231459584,1755918986
2021-08-23,1543256161,220507481,661208,262519412,1805775573
2021-08-24,1577738651,169321057,632252,246578280,1824316931
2021-08-25,1556325672,134783842,656444,259032801,1815358473
2021-08-26,1486739780,107340469,625244,239468452,1726208232
2021-08-27,1400980938,50666409,675242,263344380,1664325318
2021-08-30,1317003110,223080323,649540,227995036,1544998146
2021-08-31,1329257958,177042926,678517,241450274,1570708232
2021-09-01,1328677448,98896562,626017,215975865,1544653313
2021-09-02,1458605003,284639956,583618,185053595,1643658598
2021-09-03,1376900489,153540746,624018,205301922,1582202411
2021-09-06,1340513291,102404831,610818,210732210,1551245501
2021-09-07,1315113381,69316858,622818,213470870,1528584251
2021-09-08,1310386470,69236864,580288,199038784,1509425254
2021-09-09,1281194474,40544250,576088,195218940,1476413414
2021-09-10,1358270409,221363618,623626,230554532,1588824941
2021-09-13,1365010597,139669728,600056,205501178,1570511775
2021-09-14,1441844232,269735899,647856,244060311,1685904543
2021-09-15,1437854943,169752921,617104,230735186,1668590129
2021-09-16,1239365694,69604248,594904,212993479,1452359173
2021-09-17,1229645662,79099403,569504,203312928,1432958590
2021-09-22,1271511308,198274475,571753,212114646,1483625954
2021-09-23,1340502991,210140443,602053,231784385,1572287376
2021-09-24,1450390967,223276171,608453,232830625,1683221592
2021-09-27,1437791281,174158174,602440,226583707,1664374988
2021-09-28,1354016918,112707791,570223,215099521,1569116439
2021-09-29,1306588673,122991514,658623,238553251,1545141924
2021-09-30,1270638220,175317375,1080534,395140479,1665778699
2021-10-08,1297186298,165530953,1123934,396759942,1693946240
2021-10-11,1183626749,69138184,1205334,406920758,1590547507
2021-10-12,1168882928,46238551,1227688,404866949,1573749877
2021-10-13,1192185453,81917950,1302688,439331529,1631516982
2021-10-14,1208634149,75586949,1304702,442241791,1650875940
2021-10-15,1177201123,77186858,1377623,487747423,1664948546
2021-10-18,1194984429,112629319,1425323,512118554,1707102983
2021-10-19,1250727574,131367415,1428923,491549512,1742277086
2021-10-20,1213906317,59946303,1433923,497886744,1711793061
2021-10-21,1212587386,44795486,1421709,486835813,1699423199
2021-10-22,1152626516,95351394,1492909,549390512,1702017028
2021-10-25,1341842098,271641011,1464909,548901403,1890743501
2021-10-26,1360203142,96445908,1449309,544809747,1905012889
2021-10-27,1352873496,66690400,1448609,544648012,1897521508
2021-10-28,1347254465,82146463,1566009,588036382,1935290847
2021-10-29,1336129632,121649710,1565509,581195217,1917324849
2021-11-01,1333701317,115189895,1571509,598744929,1932446246
2021-11-02,1306591635,114194522,1622320,645683360,1952274995
2021-11-03,1343008111,161876567,1624663,629573159,1972581270
2021-11-04,1357888197,156523510,1519083,580684669,1938572866
2021-11-05,1401399534,137021571,1396682,527945796,1929345330
2021-11-08,1371531953,86113592,1369182,522260783,1893792736
2021-11-09,1461518122,318948566,1379282,557505784,2019023906
2021-11-10,1609335253,300887440,1456990,598822890,2208158143
2021-11-11,1828937853,616824121,1473041,665667228,2494605081
2021-11-12,2078325623,564296255,1445741,637557324,2715882947
2021-11-15,2072114805,247616682,1443141,600072459,2672187264
2021-11-16,1868909397,111610196,1448241,589520982,2458430379
2021-11-17,1839620203,193143336,1444041,590800494,2430420697
2021-11-18,1827279191,125520616,1465541,593925146,2421204337
2021-11-19,1840610819,168714028,1451098,573923771,2414534590
2021-11-22,1904513894,242680305,1462586,590241206,2494755100
2021-11-23,1946048862,172810338,1463586,567871368,2513920230
2021-11-24,1881681025,105175777,1518336,587292365,2468973390
2021-11-25,1839409362,95143869,1532036,599945298,2439354660
2021-11-26,1842211135,228768260,1560336,580585422,2422796557
2021-11-29,1835601128,87704628,1534136,577341402,2412942530
2021-11-30,1828781334,143440868,1539636,595823736,2424605070
2021-12-01,1802208595,81754484,1528581,583459368,2385667963
2021-12-02,1791290350,81552141,1518372,573914249,2365204599
2021-12-03,1774821565,128592640,1525188,590247756,2365069321
2021-12-06,1739205358,62316255,1551788,597003879,2336209237
2021-12-07,1684732427,107176512,1583289,575937206,2260669633
2021-12-08,1626167808,58924594,1574840,595903707,2222071515
2021-12-09,1619938981,68890244,1536140,574823588,2194762569
2021-12-10,1648885557,92668258,1524440,560871965,2209757522
2021-12-13,1651634921,79890516,1488940,549418860,2201053781
2021-12-14,1544798046,59318604,1481770,546032246,2090830292
2021-12-15,1545662688,91999243,1484188,535880919,2081543607
2021-12-16,1509246677,102593501,1461888,540167617,2049414294
2021-12-17,1584107527,186444760,1465049,506174431,2090281958
2021-12-20,1520269172,64278135,1455388,499198084,2019467256
2021-12-21,1430967342,52637833,1426688,494318858,1925286200
2021-12-22,1509653583,138711083,1438988,493285087,2002938670
2021-12-23,1497984054,31108313,1439488,490577511,1988561565
2021-12-24,1489371250,86432069,1430316,472004280,1961375530
2021-12-27,1591979167,172671291,1417316,459720618,2051699785
2021-12-28,1587845511,68613317,1421316,468636311,2056481822
2021-12-29,1611039789,67885672,1430134,471472275,2082512064
2021-12-30,1656041617,135039398,1438534,489259798,2145301415
2021-12-31,1617322290,76739074,1461334,507112124,2124434414
2022-01-04,1656020480,217422274,1443334,455516210,2111536690
2022-01-05,1641850102,95415902,1411793,423537900,2065388002
2022-01-06,1648392645,82366179,1397093,414713086,2063105731
2022-01-07,1725776720,163528987,1385592,406463413,2132240133
2022-01-10,1758021922,99582922,1385793,400286308,2158308230
2022-01-11,1662281602,125001880,1398593,387410261,2049691863
2022-01-12,1606200741,63149956,1421826,418016844,2024217585
2022-01-13,1811080814,240036148,1402993,397678366,2208759180
2022-01-14,1947050829,229024328,1414975,408517432,2355568261
2022-01-17,1856310917,89992103,1420221,436859980,2293170897
2022-01-18,1931711077,198445182,1438335,452500191,2384211268
2022-01-19,1858232210,58756487,1418210,434667183,2292899393
2022-01-20,1790746226,45850029,1410096,430065179,2220811405
2022-01-21,1661319160,94257159,1398996,411710533,2073029693
2022-01-24,1673265148,132623064,1398796,419638800,2092903948
2022-01-25,1607727773,45221239,1410696,419117781,2026845554
2022-01-26,1567368078,60909551,1413196,436677564,2004045642
2022-01-27,1487079471,72584541,1405630,413255220,1900334691
2022-01-28,1446051087,72040168,1398630,395812290,1841863377
2022-02-07,1438455272,64215675,1392400,392656800,1831112072
2022-02-08,1428412651,186752387,1421142,367962087,1796374738
2022-02-09,1480412223,134810835,1386030,354199966,1834612189
2022-02-10,1429519659,157837969,1386930,355886238,1785405897
2022-02-11,1364635098,45803949,1369230,341198423,1705833521
2022-02-14,1330285112,72960643,1366020,343554031,1673839143
2022-02-15,1345223993,141907816,1357420,362023914,1707247907
2022-02-16,1344561646,49556813,1350630,359267580,1703829226
2022-02-17,1328745432,59609652,1349468,365233514,1693978946
2022-02-18,1311853476,48108968,1347713,362534797,1674388273
2022-02-21,1327583752,60606555,1355461,357435066,1685018818
2022-02-22,1314910085,69802822,1355261,362383239,1677293324
2022-02-23,1454562030,246251447,1396513,410756368,1865318398
2022-02-24,1301430297,237621120,1384923,406474901,1707905198
2022-02-25,1265945273,159719156,1380654,416336214,1682281487
2022-02-28,1304576761,126807685,1388913,421048976,1725625737
2022-03-01,1284824541,54948371,1390313,421403870,1706228411
2022-03-02,1324326977,101420380,1377913,407862248,1732189225
2022-03-03,1344608397,75849680,1361542,387181699,1731790096
2022-03-04,1322287272,89907666,1372717,400902000,1723189272
2022-03-07,1312849376,94603374,1375813,377578120,1690427496
2022-03-08,1324349601,148371566,1385013,395836716,1720186317
2022-03-09,1288548971,121066642,1380796,405981640,1694530611
2022-03-10,1252615148,144304210,1381213,426587635,1679202783
2022-03-11,1307290711,181104341,1369713,411324814,1718615525
2022-03-14,1320368093,105048430,1375213,400186983,1720555076
2022-03-15,1292138986,159347754,1386893,411851746,1703990732
2022-03-16,1389352452,313929104,1390105,444819699,1834172151
2022-03-17,1367283072,288616244,1454045,450899354,1818182426
2022-03-18,1375299180,108823526,1384398,429149536,1804448716
2022-03-21,1372232627,123456123,1410843,442313389,1814546016
2022-03-22,1346088081,82815915,1419843,433407077,1779495158
2022-03-23,1332993421,89735542,1425268,428136255,1761129676
2022-03-24,1322937130,119215038,1416743,420772671,1743709801
2022-03-25,1317940962,84939621,1413895,404373970,1722314932
2022-03-28,1327089432,82179079,1412643,399777969,1726867401
2022-03-29,1325653906,82439824,1408766,388692627,1714346533
2022-03-30,1296851638,79175534,1465218,426378438,1723230076
2022-03-31,1349386622,138105369,1434118,392948332,1742334954
2022-04-01,1327961626,72750513,1374218,378459637,1706421263
2022-04-06,1297971618,83701672,1371723,361956549,1659928167
2022-04-07,1303341292,45844365,1383586,358860702,1662201994
2022-04-08,1283601116,51553468,1394164,365270968,1648872084
2022-04-11,1271221617,46418351,1381577,344427147,1615648764
2022-04-12,1261819348,86578656,1490478,372604595,1634423943
2022-04-13,1310667594,98508820,1491961,360756170,1671423764
2022-04-14,1328708588,206545273,1517742,397693935,1726402523
2022-04-15,1277762087,117789585,1434131,374853161,1652615248
2022-04-18,1292110632,114599460,1453464,396795672,1688906304
2022-04-19,1298799600,76049420,1442264,381738435,1680538035
2022-04-20,1325064741,68298735,1429464,375377247,1700441988
2022-04-21,1312572547,81638883,1448363,379442140,1692014687
2022-04-22,1289618129,102718506,1462090,372101906,1661720035
2022-04-25,1246755600,68915468,1461663,334793911,1581549511
2022-04-26,1189648213,46819401,1479234,332650143,1522298356
2022-04-27,1180835719,71877352,1582682,382360143,1563195862
2022-04-28,1160770229,53029718,1627718,386941123,1547711352
2022-04-29,1314986502,310982804,1661205,397027995,1712014497
2022-05-05,1582857256,353531008,1293383,303957939,1886815195
2022-05-06,1690533685,191320513,760771,168891162,1859424847
2022-05-09,1601961741,109807711,442685,93096656,1695058397
2022-05-10,1411661195,318990341,531386,121581117,1533242312
2022-05-11,1284853400,107409389,493480,116806716,1401660116
2022-05-12,1228552209,107893911,482599,118502185,1347054394
2022-05-13,1212404991,82533933,479075,119193860,1331598851
2022-05-16,1188264482,64794798,482020,116750065,1305014547
2022-05-17,1184067956,111730482,544855,141117445,1325185401
2022-05-18,1171010117,85675797,542233,142710303,1313720420
2022-05-19,1172274494,86616006,451570,120086010,1292360504
2022-05-20,1176632129,99868536,443269,116624074,1293256203
2022-05-23,1217976572,124106318,397770,106367676,1324344248
2022-05-24,1220846494,113511196,391775,102449163,1323295657
2022-05-25,1206603617,55597591,400070,104630307,1311233924
2022-05-26,1237030122,96954127,423345,108372086,1345402208
2022-05-27,1230923472,65922129,429790,110112198,1341035670
2022-05-30,1205760784,38563472,428111,110795127,1316555911
2022-05-31,1247769158,130423672,416166,112364820,1360133978
2022-06-01,1262749237,117386323,330297,89992721,1352741958
2022-06-02,1280851774,186930105,315892,91201179,1372052953
2022-06-06,1349714515,235932497,318930,92968096,1442682611
2022-06-07,1422036901,205718384,318837,88694077,1510730978
2022-06-08,1413498878,103336042,325337,90996760,1504495638
2022-06-09,1438087171,149528345,307140,82113878,1520201049
2022-06-10,1548638381,255795416,311184,84645160,1633283541
2022-06-13,1605970036,204148010,309046,81909552,1687879588
2022-06-14,1738008356,388766950,355182,88831019,1826839375
2022-06-15,1656685381,200402709,349633,89331233,1746016614
2022-06-16,1619563233,130031579,356420,93239472,1712802705
2022-06-17,1614096355,190161086,346472,88908180,1703004535
2022-06-20,1634736225,183709944,343872,90266401,1725002626
2022-06-21,1879179898,436681938,366361,97470344,1976650242
2022-06-22,1955667844,208759164,342424,87078424,2042746268
2022-06-23,1933103966,208864226,376170,99609816,2032713782
2022-06-24,2026500103,245969333,370858,99538288,2126038391
2022-06-27,2069590293,285478552,362191,98660829,2168251122
2022-06-28,2277516938,453655575,354591,99164919,2376681857
2022-06-29,2341084358,354163257,352653,96288375,2437372733
2022-06-30,2350648115,253932835,339794,94163713,2444811828
2022-07-01,2428776377,315763234,347808,98109680,2526886057
2022-07-04,2717590080,557716683,340357,90572401,2808162481
2022-07-05,2739723883,408882367,357732,98233208,2837957091
2022-07-06,2830737363,790931137,560900,164904600,2995641963
2022-07-07,3048096648,686226785,544840,163070613,3211167261
2022-07-08,3129652183,416285750,535821,163425405,3293077588
2022-07-11,3092585821,300179787,529619,158642076,3251227897
2022-07-12,3012494640,394319155,526171,147848789,3160343429
2022-07-13,2806674664,124135293,507771,142683651,2949358315
2022-07-14,2566136840,171176799,511299,141890585,2708027425
2022-07-15,2534156435,149540672,503996,141522076,2675678511
2022-07-18,2509036931,402182616,507396,137580425,2646617356
2022-07-19,2407238859,169784502,512434,135497798,2542736657
2022-07-20,2306628310,139734155,511214,136059606,2442687916
2022-07-21,2190758117,390674251,538935,151208993,2341967110
2022-07-22,2111585983,149508676,503589,137681232,2249267215
2022-07-25,2116068028,91240020,500489,136133008,2252201036
2022-07-26,2148640908,146642883,515594,139947680,2288588588
2022-07-27,2194454338,198762082,509424,134482842,2328937180
2022-07-28,2157947472,128988272,478200,128760132,2286707604
2022-07-29,2003297481,247853248,446468,113215356,2116512837
2022-08-01,2034070665,166097070,440696,113020896,2147091561
2022-08-02,1804500452,207417588,461454,124597194,1929097646
2022-08-03,1857166265,466141303,486396,138841738,1996008003
2022-08-04,1824381524,239348403,497496,143577346,1967958870
2022-08-05,1625419117,244187126,508988,161583331,1787002448
2022-08-08,1609506666,290697097,503560,163596573,1773103239
2022-08-09,1622065794,276622369,493077,160683933,1782749727
2022-08-10,1622129409,275090706,481994,159781012,1781910421
2022-08-11,1553523286,166533530,477154,159169032,1712692318
2022-08-12,1475410866,96037618,334990,109240239,1584651105
2022-08-15,1460177460,88530391,330954,108354339,1568531799
2022-08-16,1465001450,199109385,334296,104928829,1569930279
2022-08-17,1426057654,129421626,321303,101236149,1527293803
2022-08-18,1453396101,146463080,317813,100311317,1553707418
2022-08-19,1444576367,90003320,307803,94378556,1538954923
2022-08-22,1439214153,72084731,302703,93380848,1532595001
2022-08-23,1497146191,147127395,298203,89395295,1586541486
2022-08-24,1489665614,77712972,289813,83416875,1573082489
2022-08-25,1475407389,79483877,301892,86969047,1562376436
2022-08-26,1488329943,74939046,300192,84816248,1573146191
2022-08-29,1514061012,134472427,460739,130978883,1645039895
2022-08-30,1494134700,86741124,430138,123668976,1617803676
2022-08-31,1393441181,96550334,399139,112557198,1505998379
2022-09-01,1360506245,86974059,362162,101713198,1462219443
2022-09-02,1382336838,109657218,258713,73875497,1456212335
2022-09-05,1368850688,101992447,262409,76101234,1444951922
2022-09-06,1381530798,104899517,261986,75975940,1457506738
2022-09-07,1514038489,376296568,298061,93889215,1607927704
2022-09-08,1702944232,322192956,286610,89717528,1792661760
2022-09-09,1802324340,221187701,278541,87044064,1889368404
2022-09-13,1800862475,67109665,274836,86306749,1887169224
2022-09-14,1989832405,351664450,308336,100643954,2090476359
2022-09-15,1976718141,197395716,372226,115762286,2092480427
2022-09-16,1926860321,121911010,425027,134206526,2061066847
2022-09-19,1812639774,86980894,433027,136836532,1949476306
2022-09-20,1792536820,98739232,522465,162147012,1954683832
2022-09-21,1696268189,86142967,537518,159761100,1856029289
2022-09-22,1644688547,71397323,538218,159247943,1803936490
2022-09-23,1523883863,62113790,532926,151883910,1675767773
2022-09-26,1354064917,35037776,531643,154734695,1508799612
2022-09-27,1363285992,65525043,528066,155768908,1519054900
2022-09-28,1362077464,56680845,497755,141969681,1504047145
2022-09-29,1346252279,64324334,490888,143231301,1489483580
2022-09-30,1338122651,74052754,463277,128976317,1467098968
2022-10-10,1362742452,75905294,492877,123495262,1486237714
2022-10-11,1459313885,203267284,584006,131693355,1591007240
2022-10-12,1542568634,250609726,692906,160754192,1703322826
2022-10-13,1562538573,164814589,764353,169533495,1732072068
2022-10-14,1664791214,390209455,777386,174818566,1839609780
2022-10-17,1686315872,349881105,796563,193564809,1879880681
2022-10-18,1680501700,186639285,798671,190802503,1871304203
2022-10-19,1538793221,153607516,830332,200110012,1738903233
2022-10-20,1516436415,261520627,920499,244024286,1760460701
2022-10-21,1491829812,285599649,849073,222983551,1714813363
2022-10-24,1432800294,182902705,779930,207383387,1640183681
2022-10-25,1406227007,177014684,701160,183486560,1589713567
2022-10-26,1453888045,202124806,709268,185686363,1639574408
2022-10-27,1409372390,177373465,660569,173696618,1583069008
2022-10-28,1313526452,129910159,669668,178064721,1491591173
2022-10-31,1367339510,198210521,635029,168727206,1536066716
2022-11-01,1375105583,153201091,640357,169643376,1544748959
2022-11-02,1440168012,208783591,580737,151949836,1592117848
2022-11-03,1406628677,209629988,577940,154598952,1561227629
2022-11-04,1349706140,165572950,560057,152671539,1502377679
2022-11-07,1403216594,198536275,512956,135240850,1538457444
2022-11-08,1453313386,144467982,484035,125103686,1578417072
2022-11-09,1479703516,144661653,461488,115187405,1594890921
2022-11-10,1644372871,276060350,425540,100001900,1744374771
2022-11-11,1628287055,201580968,452123,107704741,1735991796
2022-11-14,1661360501,155993862,431770,102536740,1763897241
2022-11-15,1687910093,292258686,480364,120095804,1808005897
2022-11-16,1700983665,164762793,437575,105950035,1806933700
2022-11-17,1706224467,189709126,446331,108212952,1814437419
2022-11-18,1730005322,214747007,424915,97955654,1827960976
2022-11-21,1722526090,70746489,391688,90362422,1812888512
2022-11-22,1715858937,129305966,388319,89200757,1805059694
2022-11-23,1709986127,107891310,372844,84173261,1794159388
2022-11-24,1765318044,154062823,351419,80692831,1846010875
2022-11-25,1763575116,138373849,347095,78099846,1841674962
2022-11-28,1724366279,78946807,331126,74172224,1798538503
2022-11-29,1755499597,135168491,337373,75912299,1831411896
2022-11-30,1779888682,130963299,326989,72882579,1852771261
2022-12-01,1763244509,199324595,315529,72884044,1836128553
2022-12-02,1789646880,202803189,304837,69176661,1858823541
2022-12-05,1798884295,149460318,248231,55690625,1854574920
2022-12-06,2164363188,677680743,330131,78670218,2243033406
2022-12-07,2205356568,215519606,310510,74311253,2279667821
2022-12-08,2168829158,92102301,307106,73091228,2241920386
2022-12-09,2178814954,234546240,336999,82500725,2261315679
2022-12-12,2265002444,256901317,309778,75573441,2340575885
2022-12-13,2215446550,171175391,306875,72207688,2287654238
2022-12-14,1982439778,360496889,344778,83539710,2065979488
2022-12-15,2110695066,370238204,359203,88766245,2199461311
2022-12-16,2101688101,164889730,372170,89774848,2191462949
2022-12-19,2024790285,97423941,367070,86041208,2110831493
2022-12-20,1986647538,86197159,342675,79442346,2066089884
2022-12-21,1955975640,84582347,335472,76487616,2032463256
2022-12-22,1916361743,81885510,342172,76287247,1992648990
2022-12-23,1881476053,76779194,340185,74099097,1955575150
2022-12-26,1848141466,89292864,324285,72562012,1920703478
2022-12-27,1820870818,94813175,316685,72052171,1892922989
2022-12-28,1777632228,76657248,301985,67886228,1845518456
2022-12-29,1803444652,123010134,309585,70473929,1873918581
2022-12-30,1764088116,53820793,302280,68103684,1832191800
2023-01-03,1740200501,111325884,301980,69545994,1809746495
2023-01-04,1730654063,112803289,296047,66995437,1797649500
2023-01-05,1706899270,95807396,285849,65262185,1772161455
2023-01-06,1708795890,151232147,280049,63940787,1772736677
2023-01-09,1708503960,107771495,247670,56815498,1765319458
2023-01-10,1731419487,178222083,197201,45454832,1776874319
2023-01-11,1737588004,193000601,186463,42681380,1780269384
2023-01-12,1749430746,138600031,173263,39089865,1788520611
2023-01-13,1713995282,60356487,153863,34943826,1748939108
2023-01-16,1739659206,231557775,171963,40583268,1780242474
2023-01-17,1678281654,166016890,165829,40223482,1718505136
2023-01-18,1681933203,87409678,148051,35413798,1717347001
2023-01-19,1658115841,131331306,170007,41763919,1699879760
2023-01-20,1678075619,146002140,155010,38084407,1716160026
2023-01-30,1733702709,233282540,166410,40625674,1774328383
2023-01-31,1870255562,292537064,115313,27016683,1897272245
2023-02-01,1847291389,192728761,153894,36651395,1883942784
2023-02-02,1796816240,382643255,220722,56414336,1853230576
2023-02-03,1827838211,192295262,212841,53808334,1881646545
2023-02-06,1878345506,199178174,212341,53934614,1932280120
2023-02-07,1898288609,152449854,197866,49395268,1947683877
2023-02-08,1867956540,110852396,187966,46044152,1914000692
2023-02-09,1926038941,237763029,194770,49315764,1975354705
2023-02-10,1914440403,121243119,187732,46649525,1961089928
2023-02-13,1942747107,180808670,188499,47556412,1990303519
2023-02-14,1917078110,201916218,165733,41144875,1958222985
2023-02-15,1855272516,172282181,205722,52650431,1907922947
2023-02-16,1787931857,205428926,165922,41663014,1829594871
2023-02-17,1875890900,242945957,191522,45589897,1921480797
2023-02-20,1911857245,137986119,202522,48416934,1960274179
2023-02-21,1906554253,86777097,205597,49147963,1955702216
2023-02-22,1914495134,133119292,204670,49307049,1963802183
2023-02-23,1880789700,88723749,211452,50769625,1931559325
2023-02-24,1854844512,78151287,211497,50194584,1905039096
2023-02-27,1900171674,121587519,186297,42991759,1943163433
2023-02-28,1889914863,72509127,179874,41955611,1931870474
2023-03-01,1939915794,124102316,156973,36676742,1976592536
2023-03-02,1951375487,180195823,155074,36395867,1987771354
2023-03-03,1887697489,293137711,183074,45574441,1933271930
2023-03-06,1954129789,284642245,146331,37296845,1991426634
2023-03-07,1910572756,126392168,152126,37675525,1948248281
2023-03-08,1998435703,171139179,159876,39805926,2038241629
2023-03-09,1881601412,188538373,200226,51716373,1933317785
2023-03-10,1685476003,203082569,197775,51652897,1737128900
2023-03-13,1689379070,188148007,191310,50283921,1739662991
2023-03-14,1833049029,497523077,222960,61982880,1895031909
2023-03-15,1883961225,301182260,220541,59987152,1943948377
2023-03-16,1807250083,219017562,218646,58378482,1865628565
2023-03-17,1883204110,299184838,227629,61459830,1944663940
2023-03-20,1868042447,396487645,228067,63240699,1931283146
2023-03-21,1901117370,244894198,220407,60345233,1961462603
2023-03-22,1943747477,272379169,234773,62806473,2006553950
2023-03-23,1889637859,276003363,241552,64820479,1954458338
2023-03-24,1880090266,308174558,229250,59378042,1939468308
2023-03-27,1899235934,241646247,219956,55521294,1954757228
2023-03-28,1898071991,138737873,215550,53314137,1951386128
2023-03-29,1882733746,527498222,276406,75146499,1957880245
2023-03-30,1871381764,369100529,235853,62258116,1933639880
2023-03-31,1957585703,284665284,242083,64357765,2021943468
2023-04-03,1996150331,434386749,296175,82896420,2079046751
2023-04-04,1868986616,346142052,303575,86011905,1954998521
2023-04-06,1818054634,540949892,361325,111082145,1929136779
2023-04-07,1741321707,313916520,399258,124832006,1866153713
2023-04-10,1708628804,331499709,413580,123949926,1832578730
2023-04-11,1635439350,148225283,428753,126653636,1762092986
2023-04-12,1782985464,317245222,380153,112601319,1895586783
2023-04-13,1904246841,284207079,359127,102713914,2006960755
2023-04-14,2164171985,674675708,499931,157283292,2321455277
2023-04-17,2216470334,667457186,480120,157911468,2374381802
2023-04-18,2276119399,442750315,464337,149748683,2425868082
2023-04-19,2305416286,417339871,488840,160143984,2465560270
2023-04-20,2227488845,417122248,467947,164717344,2392206189
2023-04-21,2240574918,495177508,429696,144923570,2385498488
2023-04-24,2253556239,317766072,421479,140314574,2393870813
2023-04-25,2336326687,419688545,469699,155414005,2491740692
2023-04-26,2347475858,463745201,538086,180253430,2527729288
2023-04-27,2323935883,443336009,561848,188949483,2512885366
2023-04-28,2206083120,352821727,502919,168236463,2374319583
2023-05-04,2142447465,214793883,569674,183617323,2326064788
2023-05-05,2085010529,160292527,591193,190441002,2275451531
2023-05-08,2195824061,507530841,763954,230125864,2425949925
2023-05-09,2124641830,131359561,748339,225384739,2350026569
2023-05-10,2016858921,144577876,810348,234595748,2251454669
2023-05-11,2023988281,111292114,809848,234612966,2258601247
2023-05-12,2085438724,185362590,787448,224973894,2310412618
2023-05-15,2124921829,160398026,746848,215629954,2340551783
2023-05-16,2158898613,208239479,767302,227850330,2386748943
2023-05-17,2077670715,144148883,761751,229104231,2306774946
2023-05-18,2033189184,84839737,742547,223684858,2256874042
2023-05-19,1851599476,105899838,722159,217572065,2069171541
2023-05-22,1800782401,61403667,724470,215392176,2016174577
2023-05-23,1752131982,49226772,701570,204493624,1956625606
2023-05-24,1777069226,169492515,736714,219179783,1996249009
2023-05-25,1730246596,95407176,737749,220704990,1950951586
2023-05-26,1714605472,121365417,728334,219665535,1934271007
2023-05-29,1722484451,145363698,559099,170273600,1892758051
2023-05-30,1684168259,125116370,590523,180174472,1864342731
2023-05-31,1699816701,148383546,569923,172943135,1872759836
2023-06-01,1724633374,144112194,522823,155095443,1879728817
2023-06-02,1673112814,127897947,539382,160838319,1833951133
2023-06-05,1723483040,443551719,667144,211484648,1934967688
2023-06-06,1711191301,256757450,553674,171362104,1882553405
2023-06-07,1762690861,181711426,529954,163225832,1925916693
2023-06-08,1844186926,167670072,524054,158211903,2002398829
2023-06-09,1942970116,261691925,454845,139637415,2082607531
2023-06-12,1788521777,136586113,450188,142169371,1930691148
2023-06-13,1728449992,114115954,449356,144018599,1872468591
2023-06-14,1703288559,121741743,420345,133081227,1836369786
2023-06-15,1713033227,114530544,423145,134327381,1847360608
2023-06-16,1643857745,137499482,320615,102725045,1746582790
2023-06-19,1707142153,184328161,309241,97587184,1804729337
2023-06-20,1725019990,134668952,309859,96356853,1821376843
2023-06-21,1802048474,291682341,271137,79958301,1882006775
2023-06-26,1816990384,102041783,279429,83311756,1900302140
2023-06-27,1790277944,66561193,286954,86367415,1876645359
2023-06-28,1800568346,201539620,316292,99325177,1899893523
2023-06-29,1811949545,115665791,280592,87485780,1899435325
2023-06-30,1777320049,107599404,282192,89638288,1866958337
2023-07-03,1908885464,271598486,291385,88557730,1997443194
2023-07-04,1879825446,102566939,287852,88238152,1968063598
2023-07-05,1915789627,173505134,283652,83677340,1999466967
2023-07-06,1948153274,118771795,278746,80833552,2028986826
2023-07-07,1958348066,74352310,252846,72096508,2030444574
2023-07-10,1965503583,61763408,205446,58856171,2024359754
2023-07-11,2072123586,219847745,207746,61029543,2133153129
2023-07-12,2167682099,192572245,212330,60463092,2228145191
2023-07-13,2124171517,122987768,214330,62054964,2186226481
2023-07-14,2146623461,293651846,239069,71457724,2218081185
2023-07-17,2297952765,393783059,372360,107500331,2405453096
2023-07-18,2258098751,121295599,388111,111217088,2369315839
2023-07-19,2326924917,217905693,486544,134592666,2461517583
2023-07-20,2322394798,69817426,450494,124773323,2447168121
2023-07-21,2300222677,86621275,469873,126574388,2426797065
2023-07-24,2294241087,53589253,462273,123630291,2417871378
2023-07-25,2275151985,103964877,471334,129385896,2404537881
2023-07-26,2253952812,106224452,470234,130612197,2384565009
2023-07-27,2194675951,41707041,448556,122828090,2317504041
2023-07-28,2180848546,85378979,450656,124381056,2305229602
2023-07-31,2218194970,175568531,463874,131661358,2349856328
2023-08-01,2185804029,100081868,452574,127481044,2313285073
2023-08-02,2154045473,82525518,458330,129840306,2283885779
2023-08-03,2094422134,47771650,445430,126413035,2220835169
2023-08-04,2094400684,87427762,427766,120420406,2214821090
2023-08-07,2074676972,53673217,422207,119526802,2194203774
2023-08-08,2069046906,43270928,420507,119167478,2188214384
2023-08-09,2038076269,22407601,373417,104750937,2142827206
2023-08-10,2012598475,74244622,209483,59631431,2072229906
2023-08-11,1996612335,49669708,195883,54573004,2051185339
2023-08-14,2009783402,54280291,200270,54675713,2064459115
2023-08-15,1992693564,59918532,188570,51104356,2043797920
2023-08-16,1998057184,69757771,192570,50366683,2048423867
2023-08-17,2000990076,47067277,205570,54295148,2055285224
2023-08-18,2013792710,58023681,243870,62674590,2076467300
2023-08-21,1815755234,35027339,239470,61225295,1876980529
2023-08-22,1818186810,74708441,222370,57315867,1875502677
2023-08-23,1808411717,37971801,240970,60512386,1868924103
2023-08-24,1782679557,69223881,269170,69938441,1852617998
2023-08-25,1764330399,39757411,251470,64627790,1828958189
2023-08-28,1823898980,138786909,251270,63822580,1887721560
2023-08-29,1807829484,97332795,245315,64127794,1871957278
2023-08-30,1826675660,182674863,267615,71760962,1898436622
2023-08-31,1821318676,132666894,263715,71535331,1892854007
2023-09-01,1761983512,116617436,270573,73871840,1835855352
2023-09-04,1850044260,162173723,266673,72268383,1922312643
2023-09-05,1836466774,116712201,275873,74844345,1911311119
2023-09-06,1899200562,232322633,279573,78392269,1977592831
2023-09-07,1922940019,206974802,288857,76402677,1999342696
2023-09-08,1935567698,139729813,293446,78203359,2013771057
2023-09-11,1972367519,153963678,282446,75161706,2047529225
2023-09-12,1972326938,75969812,279533,73796712,2046123650
2023-09-13,1980135433,72258536,271122,70396827,2050532260
2023-09-14,2039437864,121578673,282795,71253028,2110690892
2023-09-15,2067271214,148695025,269761,67210953,2134482167
2023-09-18,2083602232,85527527,269072,66051795,2149654027
2023-09-19,2109661686,139955083,289654,69487994,2179149680
2023-09-20,2121075097,87481573,284054,66462955,2187538052
2023-09-21,2137601346,63400500,269456,62624268,2200225614
2023-09-22,2213257762,167522961,264821,62100525,2275358287
2023-09-25,2240231860,115020016,259019,60869465,2301101325
2023-09-26,2233794642,91661999,239619,55737776,2289532418
2023-09-27,2223252689,87607350,228553,53241421,2276494110
2023-09-28,2230383179,241751497,218496,52723085,2283106264
2023-10-09,2217579317,134603837,237996,58606515,2276185832
2023-10-10,2191267244,148606456,254294,63026769,2254294013
2023-10-11,2244595416,150862177,265585,64879760,2309475176
2023-10-12,2237782955,163744448,327996,83140426,2320923381
2023-10-13,2181038684,195370283,326046,81087640,2262126324
2023-10-16,2189681823,81344440,317746,77244053,2266925876
2023-10-17,2164357578,73847568,313546,77342392,2241699970
2023-10-18,2112442406,109468817,299696,73194754,2185637160
2023-10-19,2121593210,100943330,287992,70019494,2191612704
2023-10-20,2113367580,74765861,246028,58982754,2172350334
2023-10-23,2103332942,63583858,279954,65677208,2169010150
2023-10-24,2072260296,154968891,320794,80038103,2152298399
2023-10-25,2132413077,150879858,289867,71889916,2204302993
2023-10-26,2159696265,115349112,288738,71991047,2231687312
2023-10-27,2166366274,156998151,304613,76698507,2243064781
2023-10-30,2168013231,198331582,313651,80859228,2248872459
2023-10-31,2148629729,168516457,353500,90496000,2239125729
2023-11-01,2218274833,168016717,370941,93644055,2311918888
2023-11-02,2213502888,71120081,383820,96031764,2309534652
2023-11-03,2187684672,108025051,391469,100623191,2288307863
2023-11-06,2181365769,158974811,341528,88366955,2269732724
2023-11-07,2218420204,168362356,346854,88916023,2307336227
2023-11-08,2196172520,242942564,343325,89254200,2285426720
2023-11-09,2178952889,128000370,335882,86338468,2265291357
2023-11-10,2176300164,113718538,362740,92865068,2269165232
2023-11-13,2170301067,92571158,459336,118109065,2288410132
2023-11-14,2205099483,116728673,458158,117760351,2322859834
2023-11-15,2253569264,160440305,435431,110512388,2364081652
2023-11-16,2252634809,144953132,419233,103969784,2356604593
2023-11-17,2253277918,65501488,401233,99104551,2352382469
2023-11-20,2287751299,132811467,398933,96665455,2384416754
2023-11-21,2326504508,105880874,390833,94010970,2420515478
2023-11-22,2350237340,108601316,395033,93069775,2443307115
2023-11-23,2355692314,67211479,390761,93235574,2448927888
2023-11-24,2348445356,54696332,397159,93630234,2442075590
2023-11-27,2348641924,88842749,396059,95236347,2443878271
2023-11-28,2316754798,63808321,400359,96202264,2412957062
2023-11-29,2307813317,107999487,428952,101241251,2409054568
2023-11-30,2328279565,75341215,437652,102651277,2430930842
2023-12-01,2307185227,93709502,448600,104452024,2411637251
2023-12-04,2296329547,61234338,431584,99009685,2395339232
2023-12-05,2267107046,67127400,420207,94105358,2361212404
2023-12-06,2261849752,47539176,364007,81173561,2343023313
2023-12-07,2305903777,123484831,351175,76036411,2381940188
2023-12-08,2307608499,104195168,327041,72678321,2380286820
2023-12-11,2129724570,95084083,311020,70912560,2200637130
2023-12-12,2137976124,57705482,317920,72282291,2210258415
2023-12-13,2132950769,62572750,320953,72763255,2205714024
2023-12-14,2146651407,62580992,322276,72818263,2219469670
2023-12-15,2131918727,31861124,311146,70007850,2201926577
2023-12-18,2122415512,42465534,319194,70561026,2192976538
2023-12-19,2114799211,147271730,341000,78123100,2192922311
2023-12-20,2138235555,122314827,322134,73865326,2212100881
2023-12-21,2084147637,111088801,344624,81317479,2165465116
2023-12-22,2072318964,80856372,331224,76512744,2148831708
2023-12-25,2068580970,37568827,347057,79878639,2148459609
2023-12-26,2046867003,39362718,343857,77536315,2124403318
2023-12-27,2006886710,146349592,388400,92672240,2099558950
2023-12-28,1962227539,108234421,349057,85728399,2047955938
2023-12-29,1921171649,51503919,225434,55391388,1976563037
2024-01-02,1912765115,61228576,235736,56647360,1969412475
2024-01-03,1935706619,82358695,275567,66268352,2001974971
2024-01-04,1911457338,61876989,236365,55841232,1967298570
2024-01-05,1896605698,59146932,254927,59686059,1956291757
2024-01-08,1919337342,78404391,271949,61509425,1980846767
2024-01-09,1918419441,63184689,282733,64485742,1982905183
2024-01-10,1920074540,54095612,315324,71515484,1991590024
2024-01-11,1930541106,79223880,321346,74745080,2005286186
2024-01-12,1923058777,46862355,317146,73577872,1996636649
2024-01-15,1977879521,107029198,327567,75992268,2053871789
2024-01-16,1935259641,123385431,357100,87135971,2022395612
2024-01-17,1911982218,79726600,351989,85286935,1997269153
2024-01-18,1876120243,168217093,354727,90728525,1966848768
2024-01-19,1866695623,113384427,341793,85687505,1952383128
2024-01-22,1787773326,94163753,345000,86319000,1874092326
2024-01-23,1780386239,85524891,309334,77330407,1857716646
2024-01-24,1760815527,100410017,298556,75271939,1836087466
2024-01-25,1807480352,137761975,288056,73226716,1880707068
2024-01-26,1753585761,82399045,272856,67531860,1821117621
2024-01-29,1739273018,63600944,293390,70912363,1810185381
2024-01-30,1723491650,68941994,260324,59705310,1783196960
2024-01-31,1726194103,55115645,270099,61517748,1787711851
2024-02-01,1722942817,105083303,230762,54367527,1777310344
2024-02-02,1700328873,64062179,378312,87541397,1787870270
2024-02-05,1624187389,77035581,386650,93163318,1717350707
2024-02-06,1617336037,108872215,395950,99383450,1716719487
2024-02-07,1596950392,104270049,378950,94400235,1691350627
2024-02-08,1541552883,175340495,327850,82060855,1623613738
2024-02-19,1553193410,159233678,256450,66292325,1619485735
2024-02-20,1546059618,97745232,258400,65917840,1611977458
2024-02-21,1507998710,106746124,256900,66922450,1574921160
2024-02-22,1511646731,106310209,260700,68577135,1580223866
2024-02-23,1513022639,89763834,222500,58219350,1571241989
2024-02-26,1517948616,96885649,228600,59099958,1577048574
2024-02-27,1537135547,148412294,237200,63617040,1600752587
2024-02-28,1503242672,106952744,238600,62377198,1565619870
2024-02-29,1549663848,264123238,236700,67237002,1616900850
2024-03-01,1649188072,328007945,242600,70875590,1720063662
2024-03-04,1637236926,165448416,229900,67169883,1704406809
2024-03-05,1594680867,131909013,219400,63871728,1658552595
2024-03-06,1574164625,81879211,224200,65242200,1639406825
2024-03-07,1585283499,187800031,236100,68768847,1654052346
2024-03-08,1578930536,174842544,247700,74773199,1653703735
2024-03-11,1567970481,135998187,250200,75983238,1643953719
2024-03-12,1656832872,245448108,249500,74453295,1731286167
2024-03-13,1692251364,169412500,248400,72657000,1764908364
2024-03-14,1693537290,146488015,240900,69808002,1763345292
2024-03-15,1731280401,117544189,228900,66158967,1797439368
2024-03-18,1745431316,179942036,238700,71146922,1816578238
2024-03-19,1692550221,85945199,236000,69638880,1762189101
2024-03-20,1687432047,82829491,238400,70614080,1758046127
2024-03-21,1706083846,161726074,251500,75726650,1781810496
2024-03-22,1729220566,222991701,255000,79690050,1808910616
2024-03-25,1719889350,195101860,274300,86898240,1806787590
2024-03-26,1694608208,158716382,283000,87979040,1782587248
2024-03-27,1689987291,85730918,284300,87720765,1777708056
2024-03-28,1697469669,116276970,276000,84646440,1782116109
2024-03-29,1678194330,97056262,274700,83948320,1762142650
2024-04-01,1719072728,151080353,279900,86209200,1805281928
2024-04-02,1693944677,108180280,277900,82980940,1776925617
2024-04-03,1700469638,86735585,275600,82040608,1782510246
2024-04-08,1686408110,100438487,278700,83660166,1770068276
2024-04-09,1697330182,74223344,281200,84098484,1781428666
2024-04-10,1694775283,88697200,278000,80975840,1775751123
2024-04-11,1693325756,61338290,274100,79700057,1773025813
2024-04-12,1695881886,76595187,268100,77749000,1773630886
2024-04-15,1733155053,221927405,245745,76923100,1810078153
2024-04-16,1756214965,113797700,225400,69655362,1825870327
2024-04-17,1810607124,165710963,222500,69141875,1879748999
2024-04-18,1811393619,140630029,223000,68064060,1879457679
2024-04-19,1790590365,144608001,227000,67754960,1858345325
2024-04-22,1783326452,70954644,226300,67419296,1850745748
2024-04-23,1762539053,63928199,224900,68113214,1830652267
2024-04-24,1755524201,65158242,225300,68716500,1824240701
2024-04-25,1739928909,63285617,230800,70703272,1810632181
2024-04-26,1762232502,131358786,233200,73145512,1835378014
2024-04-29,1801443522,171664801,241200,77907600,1879351122
2024-04-30,1711362491,143415168,236700,75507300,1786869791
2024-05-06,1759504037,137828496,260640,83089426,1842593463
2024-05-07,1743817482,89022304,285940,90671574,1834489056
2024-05-08,1751339311,56702289,308140,96389273,1847728584
2024-05-09,1828686377,149925408,305140,95823114,1924509491
2024-05-10,1957708112,399821525,313100,93288145,2050996257
2024-05-13,1968957888,155389479,296500,86459400,2055417288
2024-05-14,1985562556,152770641,300700,87593910,2073156466
2024-05-15,1985295569,93428708,301400,87421070,2072716639
2024-05-16,1962488678,88164362,303300,88509006,2050997684
2024-05-17,1865737279,57413955,303800,88405800,1954143079
2024-05-20,1800557913,66817384,305900,88955720,1889513633
2024-05-21,1765071229,108043253,309600,91579680,1856650909
2024-05-22,1784417774,118486822,319400,93635304,1878053078
2024-05-23,1733819963,67014760,320000,93811200,1827631163
2024-05-24,1719378843,83314304,320700,92040900,1811419743
2024-05-27,1656959479,147759366,324200,98556800,1755516279
2024-05-28,1643512562,128038658,330700,100856886,1744369448
2024-05-29,1666852234,108627838,334600,99945020,1766797254
2024-05-30,1714154473,121084952,336400,100886360,1815040833
2024-05-31,1703706327,101152573,335600,98448260,1802154587
2024-06-03,1776650395,296575045,331400,102362832,1879013227
2024-06-04,1862939608,192370129,325000,101760750,1964700358
2024-06-05,1843303658,82318519,318600,100352628,1943656286
2024-06-06,2126184053,435758067,315600,101004624,2227188677
2024-06-07,2268753870,272509576,316000,100611240,2369365110
2024-06-11,2370671328,237433293,319300,104350433,2475021761
2024-06-12,2465381034,197245738,320000,104012800,2569393834
2024-06-13,2578596018,247012394,317400,104170680,2682766698
2024-06-14,2610557850,177018518,316400,102133920,2712691770
2024-06-17,2604420413,253465982,313200,104402088,2708822501
2024-06-18,2270094599,111939040,316900,105781220,2375875819
2024-06-19,2145524525,131027128,331400,108980890,2254505415
2024-06-20,2117558118,179565927,331500,109577325,2227135443
2024-06-21,2118992845,112190079,332100,109629531,2228622376
2024-06-24,2020151378,81881363,332100,108164970,2128316348
2024-06-25,1851995301,86425264,328000,103201920,1955197221
2024-06-26,1860397505,104642667,319700,102160135,1962557640
2024-06-27,1816488745,87709108,321800,102866588,1919355333
2024-06-28,1816262149,67068794,321800,102940602,1919202751
2024-07-01,1786421335,92703074,323000,104929780,1891351115
2024-07-02,1755498200,86931038,325500,103512255,1859010455
2024-07-03,1742701983,65358678,327900,104718144,1847420127
2024-07-04,1724767235,35553745,326500,103431935,1828199170
2024-07-05,1730564597,76137182,326500,102628745,1833193342
2024-07-08,1717413933,72682923,326100,103243260,1820657193
2024-07-09,1792688014,175031285,326500,106043935,1898731949
2024-07-10,1830367201,146734223,330200,105525316,1935892517
2024-07-11,1863453190,321057980,360700,112996489,1976449679
2024-07-12,1743957427,184916580,309991,101853743,1845811170
2024-07-15,1748163380,173545794,308791,103398666,1851562046
2024-07-16,1731330331,156077767,307491,106874647,1838204978
2024-07-17,1665577950,115536649,278091,96664432,1762242382
2024-07-18,1701041025,213921798,280891,99901693,1800942718
2024-07-19,1729344342,155014220,282891,100426305,1829770647
2024-07-22,1714021357,110683081,278091,98280140,1812301497
2024-07-23,1631436100,146301791,272991,91607590,1723043690
2024-07-24,1654799652,110816389,267591,88971332,1743770984
2024-07-25,1634654693,81409053,271091,89188939,1723843632
2024-07-26,1645946270,108558712,259091,86005257,1731951527
2024-07-29,1632439159,79847544,173791,58164372,1690603531
2024-07-30,1652143528,108745130,166391,55914032,1708057560
2024-07-31,1737080035,193930319,171291,58684297,1795764332
2024-08-01,1833102770,217263134,166691,57546734,1890649504
2024-08-02,1828962791,119225512,166691,56163199,1885125990
2024-08-05,1747610159,105606497,150391,48546215,1796156374
2024-08-06,1734394490,85342630,143691,46212463,1780606953
2024-08-07,1729718080,67791079,141991,45302229,1775020309
2024-08-08,1740720890,119274051,146591,47055711,1787776601
2024-08-09,1744453833,81192524,145091,46555349,1791009182
2024-08-12,1722347381,34521315,139628,44405893,1766753274
2024-08-13,1685929972,41304780,130128,41568088,1727498060
2024-08-14,1686080537,44068995,127828,40323343,1726403880
2024-08-15,1675990106,82063939,75628,23744167,1699734273
2024-08-16,1671627020,70824384,72828,23018017,1694645037
2024-08-19,1694066670,80546144,72128,22806873,1716873543
2024-08-20,1656807105,44422589,68428,21448072,1678255177
2024-08-21,1644536241,44392668,63228,19787835,1664324076
2024-08-22,1615626527,88063107,60091,18467767,1634094294
2024-08-23,1576687591,45935494,54991,16588585,1593276176
2024-08-26,1566584754,60011500,53391,16210042,1582794796
2024-08-27,1565885071,38032358,53891,16201790,1582086861
2024-08-28,1510135684,66596834,53191,16164213,1526299897
2024-08-29,1498220619,96405831,53891,16446455,1514667074
2024-08-30,1372244619,90595751,37500,11935500,1384180119
2024-09-02,1400263657,109054705,36200,11127880,1411391537
2024-09-03,1404955396,59512152,39800,12397302,1417352698
2024-09-04,1419374347,61132590,42200,12938098,1432312445
2024-09-05,1450002222,91620531,38400,11622144,1461624366
2024-09-06,1455700723,74638316,37700,11238370,1466939093
2024-09-09,1444600878,34685111,35800,10599664,1455200542
2024-09-10,1499469945,133432559,34800,10395456,1509865401
2024-09-11,1485219247,39802491,34200,10275732,1495494979
2024-09-12,1480589092,48551504,35400,10554156,1491143248
2024-09-13,1488156605,63021068,36000,10548720,1498705325
2024-09-18,1490577565,52565013,24000,7072320,1497649885
2024-09-19,1529787953,106137552,30000,8775300,1538563253
2024-09-20,1525801017,83741893,26300,7716946,1533517963
2024-09-23,1586134893,138197796,27400,7777764,1593912657
2024-09-24,1605548285,218104734,24400,7200196,1612748481
2024-09-25,1671957090,207576439,22300,6571810,1678528900
2024-09-26,1712132974,229504774,19600,5938800,1718071774
2024-09-27,1742161636,333448332,23700,7899210,1750060846
2024-09-30,1807534998,397219889,21700,7941766,1815476764
2024-10-08,2027274988,669486944,25200,10145016,2037420004
2024-10-09,2303193698,902122775,25600,10368000,2313561698
2024-10-10,2389605014,512445695,24600,9551934,2399156948
2024-10-11,2365691752,374025307,24500,8962100,2374653852
2024-10-14,2490660446,399026782,20900,7712309,2498372755
2024-10-15,2492428873,385432980,24300,9136800,2501565673
2024-10-16,2503241107,304641165,21600,7845120,2511086227
2024-10-17,2449119391,181847763,23900,8724217,2457843608
2024-10-18,2727687311,772652911,24900,9988884,2737676195
2024-10-21,2860233170,739713818,26500,10473330,2870706500
2024-10-22,2995374889,507327747,24500,9715475,3005090364
2024-10-23,2872731703,267531481,23000,9059700,2881791403
2024-10-24,2874729375,213124358,23200,8999048,2883728423
2024-10-25,2902653154,211452101,22100,8584082,2911237236
2024-10-28,2912783163,208786140,20000,7690000,2920473163
2024-10-29,2812990811,259753296,25100,9756370,2822747181
2024-10-30,2880898418,279278554,22300,8701014,2889599432
2024-10-31,2882155387,393080956,23600,9259932,2891415319
2024-11-01,2786300005,230049449,23600,9145000,2795445005
2024-11-04,2950226410,571258581,25600,10247680,2960474090
2024-11-05,2911824002,465580080,24400,10016444,2921840446
2024-11-06,2899675176,433838930,24500,9920295,2909595471
2024-11-07,2983310119,598552734,25900,11033141,2994343260
2024-11-08,3244215621,955924907,28300,12671325,3256886946
2024-11-11,3561175288,1270290428,29100,14162679,3575337967
2024-11-12,3343584792,729122591,29000,13566490,3357151282
2024-11-13,3474956983,665427844,29700,13899600,3488856583
2024-11-14,3182767254,299818673,27100,12176301,3194943555
2024-11-15,3040676078,512762364,24200,10228856,3050904934
2024-11-18,3005264422,280500073,26600,11275474,3016539896
2024-11-19,3291561434,588245153,26500,11528560,3303089994
2024-11-20,3381266657,334063393,25300,10977670,3392244327
2024-11-21,3406598653,299180634,25100,10891141,3417489794
2024-11-22,3288497219,260831006,26000,10985780,3299482999
2024-11-25,3272054527,235974568,24900,10410939,3282465466
2024-11-26,3257720344,155396587,24100,9868950,3267589294
2024-11-27,3109564323,336543329,24500,10189795,3119754118
2024-11-28,3077324386,203956114,23100,9539607,3086863993
2024-11-29,3153232956,411295900,23200,9643776,3162876732
2024-12-02,3072379242,279578641,26000,10971740,3083350982
2024-12-03,3228555887,451687344,25600,10378496,3238934383
2024-12-04,3273185582,309130038,25300,10184515,3283370097
2024-12-05,3225615707,213626458,21900,8738100,3234353807
2024-12-06,3243630795,263666604,22100,8963539,3252594334
2024-12-09,3187589726,189072993,20800,8274240,3195863966
2024-12-10,3234870667,365862412,21500,8564525,3243435192
2024-12-11,3181839793,251101600,19700,7699942,3189539735
2024-12-12,3232578705,292543340,20700,8237772,3240816477
2024-12-13,3289166323,308768942,19600,7575008,3296741331
2024-12-16,3273228986,196528783,17800,6736410,3279965396
2024-12-17,3250529005,163327260,17600,6739392,3257268397
2024-12-18,3339668301,419862901,20100,7950555,3347618856
2024-12-19,3342850710,392237991,21700,8677830,3351528540
2024-12-20,3365200943,417038321,23100,9568020,3374768963
2024-12-23,3372627842,332162943,24700,9966450,3382594292
2024-12-24,3289746600,185425104,24400,9967400,3299714000
2024-12-25,3304105506,192867573,23800,9667560,3313773066
2024-12-26,3347640608,227049067,24814,10056618,3357697226
2024-12-27,3474619784,618717327,25014,10313272,3484933056
2024-12-30,3451153511,213718303,24000,9767280,3460920791
2024-12-31,3227884590,256054109,23958,9367578,3237252168
2025-01-02,3237886492,262879056,22500,8469000,3246355492
2025-01-03,3365435682,267048959,22200,8327220,3373762902
2025-01-06,3339537535,204962110,23600,8880680,3348418215
2025-01-07,3229947509,177523599,27600,10782492,3240730001
2025-01-08,3238329334,251625965,25700,9927139,3248256473
2025-01-09,3285121960,150350158,25400,9796526,3294918486
2025-01-10,3137938624,142583860,27000,10358550,3148297174
2025-01-13,3170615924,169856874,25400,9714484,3180330408
2025-01-14,3107213111,258921294,24200,9470670,3116683781
2025-01-15,3141156929,206854610,22944,8771491,3149928420
2025-01-16,3129505825,248292899,24700,9691045,3139196870
2025-01-17,3204556280,308098733,23300,9053914,3213610194
2025-01-20,3230192277,253000547,25700,9986506,3240178783
2025-01-21,3176512748,189363556,21600,8501976,3185014724
2025-01-22,3229902397,268244046,23500,9045385,3238947782
2025-01-23,3183721313,267001000,19800,7637058,3191358371
2025-01-24,3263033652,360923305,22100,8384961,3271418613
2025-01-27,3149616394,103327897,19000,7163000,3156779394
2025-02-05,3230051106,222080559,17400,6577722,3236628828
2025-02-06,3053687875,464373852,26600,10940580,3064628455
2025-02-07,3090771631,488496230,23600,9618888,3100390519
2025-02-10,3200903665,338435115,25500,10352490,3211256155
2025-02-11,3244301907,273362080,25700,10323176,3254625083
2025-02-12,3109044412,345725382,27000,11195820,3120240232
2025-02-13,2983195359,198635153,25100,10282215,2993477574
2025-02-14,2921268378,238603972,26100,10907190,2932175568
2025-02-17,2955754814,399419311,27500,11766700,2967521514
2025-02-18,2768405439,399376718,29900,12916800,2781322239
2025-02-19,2666650030,363038014,31000,14167000,2680817030
2025-02-20,2592154080,214808429,29500,13452000,2605606080
2025-02-21,2471677393,231043855,30200,14043604,2485720997
2025-02-24,2334933550,182902330,31900,14929200,2349862750
2025-02-25,2338479034,336658491,30300,13817709,2352296743
2025-02-26,2294236868,204078292,29700,13786740,2308023608
2025-02-27,2319959160,147935074,33000,15193860,2335153020
2025-02-28,2243988080,214729913,31200,13955136,2257943216
2025-03-03,2250293763,160448445,31000,13495230,2263788993
2025-03-04,2266628115,233009599,29000,12484790,2279112905
2025-03-05,2258377597,108112176,29200,12625496,2271003093
2025-03-06,2179142881,320085454,29700,13732686,2192875567
2025-03-07,2162696173,189354260,30600,14229000,2176925173
2025-03-10,2224176114,177344706,30600,13952376,2238128490
2025-03-11,2248696865,275744474,29200,12972392,2261669257
2025-03-12,2269563937,204464848,31400,13903920,2283467857
2025-03-13,2311313895,215349817,32200,13943566,2325257461
2025-03-14,2188805990,129623254,28800,12646368,2201452358
2025-03-17,2213168885,83099536,32800,14297520,2227466405
2025-03-18,2221051352,102945316,31600,13861972,2234913324
2025-03-19,2215859153,73755020,33400,14527998,2230387151
2025-03-20,2218480009,106307949,34700,14884912,2233364921
2025-03-21,2278581824,170262727,31900,13359720,2291941544
2025-03-24,2261865900,117218441,30300,13010820,2274876720
2025-03-25,2240276859,64329392,30300,12995064,2253271923
2025-03-26,2208768477,45874361,30700,13128548,2221897025
2025-03-27,2257806738,109264808,31000,13342400,2271149138
2025-03-28,2378118749,294012528,28700,11936330,2390055079
2025-03-31,2322087012,105058883,28600,11897600,2333984612
2025-04-01,2180795200,99948573,28600,12275120,2193070320
2025-04-02,2162030149,84082531,27000,11588400,2173618549
2025-04-03,2081816746,126698900,28900,12715422,2094532168
2025-04-07,2021942456,246216098,29100,12594480,2034536936
2025-04-08,1994582443,191252053,30500,13145805,2007728248
2025-04-09,1994109643,297841757,33000,15180000,2009289643
2025-04-10,2031175814,304668445,32300,14583773,2045759587
2025-04-11,2048584419,271158872,34500,15783750,2064368169
2025-04-14,2046517417,145605323,35400,16195500,2062712917
2025-04-15,2008884894,96603544,34700,15684400,2024569294
2025-04-16,1952333832,214448912,34900,16332851,1968666683
2025-04-17,1983149815,152661611,34100,15799553,1998949368
2025-04-18,1935496311,120896526,36400,16508128,1952004439
2025-04-21,1924787415,83798213,36500,16657870,1941445285
2025-04-22,1865786342,110069755,34100,15749085,1881535427
2025-04-23,1844186670,112091931,34800,15861492,1860048162
2025-04-24,1816123722,54147487,35800,16331244,1832454966
2025-04-25,1816692818,92416266,34700,15728816,1832421634
2025-04-28,1871397167,135142111,31200,14177904,1885575071
2025-04-29,1860247152,70111360,31600,14359672,1874606824
2025-04-30,1831668091,117713013,31600,14250336,1845918427
2025-05-06,1867824449,150433864,29200,13361044,1881185493
2025-05-07,1988321170,245069243,31700,14211110,2002532280
2025-05-08,2028471501,129088961,29700,13332033,2041803534
2025-05-09,2048944801,147642265,31300,13798605,2062743406
2025-05-12,2145341644,203173999,32200,14061096,2159402740
2025-05-13,2135424872,105755240,28000,12180000,2147604872
2025-05-14,2147741507,102964079,28900,12627566,2160369073
2025-05-15,2023526427,79432765,30800,13210120,2036736547
2025-05-16,1994992186,83861233,28600,12257960,2007250146
2025-05-19,2057343300,158498333,28000,12180000,2069523300
2025-05-20,2083447809,107064404,29500,12792970,2096240779
2025-05-21,2074887618,132195334,33900,14475300,2089362918
2025-05-22,2095880026,118197913,31900,13489234,2109369260
2025-05-23,2050783464,81763936,29900,12703314,2063486778
2025-05-26,2079236412,177645820,28700,12386059,2091622471
2025-05-27,2057145690,57302249,28700,12318040,2069463730
2025-05-28,2088331658,144860790,33800,14106092,2102437750
2025-05-29,2046765973,67319525,30500,12969820,2059735793
2025-05-30,2034055476,46618564,28700,12012672,2046068148
2025-06-03,2016038991,61665955,28800,12233376,2028272367
2025-06-04,2017821268,53258661,26700,11356311,2029177579
2025-06-05,2053267600,105448739,27600,11857788,2065125388
2025-06-06,2040646993,65135229,29000,12484210,2053131203
2025-06-09,2063079510,116509962,31680,13616381,2076695891
2025-06-10,2133329658,179268308,31180,13002060,2146331718
2025-06-11,2115826674,77392793,31380,13077615,2128904289
2025-06-12,2165200079,237797993,29080,11754718,2176954797
2025-06-13,2060100576,81985351,28200,11577792,2071678368
2025-06-16,2031690678,36046568,28500,11753115,2043443793
2025-06-17,1990687663,27360243,27400,11395660,2002083323
2025-06-18,1975748613,57972204,29200,12146616,1987895229
2025-06-19,1907361477,98313435,28600,12113816,1919475293
2025-06-20,1865128517,44216325,28100,11992237,1877120754
2025-06-23,1818015752,100821104,30700,13464099,1831479851
2025-06-24,1841396615,127912827,28500,12420870,1853817485
2025-06-25,1816330061,83944322,28200,12452556,1828782617
2025-06-26,1827086313,95996477,32134,14071800,1841158113
2025-06-27,1822588033,97800671,32734,14223250,1836811283
2025-06-30,1805015077,118340769,31400,13885394,1818900471
2025-07-01,1847338892,140897547,34588,15332860,1862671752
2025-07-02,1885885476,100275010,38788,16955011,1902840487
2025-07-03,1887942132,91186376,51744,16980828,1904922960
2025-07-04,1872975190,172372209,51339,17206266,1890181456
2025-07-07,1843071779,80698204,46359,15422713,1858494492
2025-07-08,1842464735,77581005,44185,14756465,1857221200
2025-07-09,1830736611,83474667,41920,13881809,1844618420
2025-07-10,1788349635,79515128,40730,13433975,1801783610
2025-07-11,1790907493,84405576,39030,12912294,1803819787
2025-07-14,1839290118,114335791,40425,13105380,1852395498
2025-07-15,1854945703,80135090,36370,11759147,1866704850
2025-07-16,1877217972,99407226,39035,12524771,1889742743
2025-07-17,1932209300,160383164,35865,11426589,1943635889
2025-07-18,2051791129,335633018,34800,11316612,2063107741
2025-07-21,1962746124,193404629,37300,11937866,1974683990
2025-07-22,2027133535,192866399,32955,10616125,2037749660
2025-07-23,1962768038,221293737,39155,12979884,1975747922
2025-07-24,1897526974,146768745,39230,13285240,1910812214
2025-07-25,1853509800,99854147,37160,12707233,1866217033
2025-07-28,1853771950,101721302,39560,13594794,1867366744
2025-07-29,1799257068,100746692,41260,14226034,1813483102
2025-07-30,1789907357,149781984,43960,15350832,1805258189
2025-07-31,1898897181,290808362,42860,14366672,1913263853
2025-08-01,1949643033,157173680,40960,13508608,1963151641
2025-08-04,2017951318,156389355,40360,13248573,2031199891
2025-08-05,2044968873,109808290,39160,12864061,2057832934
2025-08-06,2028595254,124353723,41770,13850097,2042445351
2025-08-07,2074479932,170781784,42670,14203562,2088683494
2025-08-08,2001687528,73603814,42970,14140996,2015828524
2025-08-11,2064419991,186265644,47535,15529686,2079949677
2025-08-12,2079613031,199103418,44365,14740272,2094353303
2025-08-13,2150688214,213659838,45995,15238605,2165926819
2025-08-14,2159606099,335965997,47510,16232266,2175838365
2025-08-15,2129954201,206131269,37675,12885978,2142840179
2025-08-18,2203145448,293331773,36770,12767278,2215912726
2025-08-19,2243130906,224949294,39670,13486213,2256617119
2025-08-20,2333447700,335213530,38070,13343151,2346790851
2025-08-21,2658709504,785446287,39860,14388664,2673098168
2025-08-22,2877678870,805706532,40160,15397344,2893076214
2025-08-25,3018758161,820911386,46225,17569198,3036327359
2025-08-26,3069390118,439980100,45985,17612255,3087002373
2025-08-27,3157922558,625192242,44750,16714127,3174636685
2025-08-28,3367526687,804734216,47650,18913715,3386440402
2025-08-29,3290470923,1068795880,43250,16110627,3306581550
2025-09-01,3120918293,555590630,44350,16757204,3137675497
2025-09-02,2957346941,437214234,44350,16786920,2974133861
2025-09-03,2909477359,282737162,68350,25523939,2935001298
2025-09-04,2810248019,380755539,72245,25354384,2835602403
2025-09-05,2802820751,254406930,72345,25847422,2828668173
2025-09-08,2710777052,274192046,59845,22166588,2732943640
2025-09-09,2729720884,220551237,60445,21983240,2751704124
2025-09-10,2637462649,151265882,65245,24023209,2661485858
2025-09-11,2602493335,374921797,62245,23493753,2625987088
2025-09-12,2559342395,220726281,52680,19862467,2579204862
2025-09-15,2548151852,208263556,52080,19790400,2567942252
2025-09-16,2505841781,221776319,50580,19112158,2524953939
2025-09-17,2421898655,371136453,41930,16327122,2438225777
2025-09-18,2461594910,602223998,44930,18317963,2479912873
2025-09-19,2396896010,328840757,42830,17217660,2414113670
2025-09-22,2362262244,266762607,42630,17593403,2379855647
2025-09-23,2444418706,386308710,47030,19696164,2464114870
2025-09-24,2830533505,989046061,48730,22448936,2852982441
2025-09-25,2999284736,718036531,55830,25327280,3024612016
2025-09-26,3008650560,439171352,53330,24147824,3032798384
2025-09-29,3269490140,687195460,53030,24340770,3293830910
2025-09-30,3233553223,483179682,56830,25707618,3259260841
2025-10-09,3388121062,843220320,54010,24739281,3412860343
2025-10-10,2830834188,442019279,53310,23344451,2854178639
2025-10-13,2841227827,360673843,51110,22273738,2863501565
2025-10-14,3001829978,569440201,46310,18616620,3020446598
2025-10-15,2875862168,198649515,42975,17722032,2893584200
2025-10-16,2855339724,147309749,44405,18236687,2873576411
2025-10-17,2784623182,136151499,41875,16726130,2801349312
2025-10-20,2790387239,184995192,40075,16036411,2806423650
2025-10-21,2807159909,181572067,39275,16043442,2823203351
2025-10-22,2848694922,196055168,38635,15623607,2864318529
2025-10-23,2831116760,118057308,34575,13953780,2845070540
2025-10-24,2909306724,326268450,32375,13429150,2922735874
2025-10-27,2886176153,376142622,37670,16164199,2902340352
2025-10-28,2806748907,268125633,37570,16004820,2822753727
2025-10-29,2843537220,271133337,35070,14856353,2858393573
2025-10-30,2850847510,275209033,36770,15277937,2866125447
2025-10-31,2785054034,213875729,37370,15211459,2800265493
2025-11-03,2718422874,168415401,35770,14343770,2732766644
2025-11-04,2677090222,148503804,38570,15637433,2692727655
2025-11-05,2698856512,158589649,37870,15027950,2713884462
2025-11-06,2650357943,174607080,41870,17208570,2667566513
2025-11-07,2625351971,191341099,41570,17199588,2642551559
2025-11-10,2670264501,311999558,42070,17488076,2687752577
2025-11-11,2659521627,192318167,42670,17729387,2677251014
2025-11-12,2574185670,166504255,43870,18124891,2592310561
2025-11-13,2570935693,179676533,40670,16823958,2587759651
2025-11-14,2525603361,114232342,41070,16736027,2542339388
2025-11-17,2503018481,128368133,41270,16536063,2519554544
2025-11-18,2650294707,664840243,54270,22977918,2673272625
2025-11-19,2677380913,245133073,48570,20364913,2697745826
2025-11-20,2683441625,290065635,39870,16147350,2699588975
2025-11-21,2551870962,223777523,38470,14882504,2566753466
2025-11-24,2408170030,332026250,63170,26293881,2434463911
2025-11-25,2392955509,297578594,83170,34765060,2427720569
2025-11-26,2392514411,176992952,85170,35917042,2428431453
2025-11-27,2362067504,245534789,84070,35477540,2397545044
2025-11-28,2380545945,244894778,86770,37128885,2417674830
2025-12-01,2325945067,244246710,61770,27577834,2353522901
2025-12-02,2414586753,253285337,65670,28453497,2443040250
2025-12-03,2430005721,148553529,60070,26061370,2456067091
2025-12-04,2536116235,427711796,63070,28368254,2564484489
2025-12-05,2512169409,171331776,61170,27557087,2539726496
2025-12-08,2638336194,459327987,60625,28069375,2666405569
2025-12-09,2432400540,228492442,61725,28236718,2460637258
2025-12-10,2382165486,164716849,59325,27202292,2409367778
2025-12-11,2432580787,235587489,58190,26365890,2458946677
2025-12-12,2365998889,198959780,61490,27984100,2393982989
2025-12-15,2399990667,330554720,59490,26711010,2426701677
2025-12-16,2300440973,147040701,55690,24663987,2325104960
2025-12-17,2356657786,253233730,56090,24945468,2381603254
2025-12-18,2416778869,199316924,60390,26758810,2443537679
2025-12-19,2442224802,237300119,57990,26000396,2468225198
2025-12-22,2353960605,220736431,60090,27959878,2381920483
2025-12-23,2257328553,305695329,62020,29857668,2287186221
2025-12-24,2274421614,242854705,62220,29934043,2304355657
2025-12-25,2451499732,335809115,60620,28685384,2480185116
2025-12-26,2575937250,382653165,57520,26402256,2602339506
2025-12-29,2555468501,251461845,57120,25863936,2581332437
2025-12-30,2505224650,353029770,56420,25896780,2531121430
2025-12-31,2427454112,241527273,55120,25304490,2452758602
2026-01-05,2340237284,285568094,56120,26629502,2366866786
2026-01-06,2450774761,626281603,58620,28487562,2479262323
2026-01-07,2247907614,495036881,69515,35829421,2283737035
2026-01-08,2222223801,331131325,69015,34967830,2257191631
2026-01-09,2387669837,458923821,68215,33936963,2421606800
2026-01-12,2463386443,411573137,71200,35731721,2499118164
2026-01-13,2443356326,279776980,66500,32598300,2475954626
2026-01-14,2419061856,385918489,68015,33551800,2452613656
2026-01-15,2704736042,625448220,66215,33553126,2738289168
2026-01-16,2966938114,781856145,66815,35003042,3001941156
2026-01-19,2991076394,364426096,68050,35649353,3026725747
2026-01-20,2945215071,288223488,65150,33500130,2978715201
2026-01-21,2963009116,493475439,63450,32339829,2995348945
2026-01-22,2863183493,349554132,62750,31410140,2894593633
2026-01-23,2801661100,316509412,65815,33590002,2835251102
2026-01-26,2774576080,281725809,54115,26852945,2801429025
2026-01-27,2757979762,264430535,56815,28275689,2786255451
2026-01-28,2838590676,406985353,58815,29525130,2868115806
2026-01-29,2928748702,455992195,53615,25486963,2954235665
2026-01-30,2873350274,189685350,52245,24828390,2898178664
2026-02-02,2951256527,254677686,51345,23702391,2974958918
2026-02-03,2978419742,294792134,51345,24285670,3002705412
2026-02-04,2908566641,123462782,47045,22139377,2930706018
2026-02-05,2926242118,205603595,47345,22257831,2948499949
2026-02-06,2870755875,189856524,53245,25143885,2895899760
2026-02-09,2852448369,191861531,53145,25722180,2878170549
2026-02-10,2782477490,115309487,52645,25422271,2807899761
2026-02-11,2711753205,114333696,49145,23343875,2735097080
2026-02-12,2639955006,116264877,49080,23315456,2663270462
2026-02-13,2537562688,196841742,46780,22740693,2560303381
2026-02-24,2603506379,269260529,50505,24612601,2628118980
2026-02-25,2620638033,296822045,52305,25943280,2646581313
2026-02-26,2678936166,289210910,53005,25913084,2704849250
2026-02-27,2671310316,282958786,58870,27779575,2699089891
2026-03-02,2666776573,221625077,51470,23974726,2690751299
2026-03-03,2704412990,215359119,49570,22116150,2726529140
2026-03-04,2630758404,109538206,50470,22650936,2653409340
2026-03-05,2548210474,138838902,51870,24185943,2572396417
2026-03-06,2510932985,64627308,53570,24930407,2535863392
2026-03-09,2526637627,187042244,45870,20762597,2547400224
2026-03-10,2570324062,200688792,47970,21922290,2592246352
2026-03-11,2531564679,143281610,47570,21976863,2553541542
2026-03-12,2517741444,136246434,47870,21923980,2539665424
2026-03-13,2411442001,91755816,49670,22742899,2434184900
2026-03-16,2416340115,189525893,49270,22403562,2438743677
2026-03-17,2405630163,115172965,50070,22531500,2428161663
2026-03-18,2373815967,109293925,54470,25189653,2399005620
2026-03-19,2377052288,120751460,57770,26668364,2403720652
2026-03-20,2301556371,148007597,66070,30968330,2332524701
2026-03-23,2341214500,225057006,68770,30560699,2371775199
2026-03-24,2363953562,148807038,69770,30977880,2394931442
2026-03-25,2229324186,142418936,67600,31379920,2260704106
2026-03-26,2262338540,189073857,64800,28907929,2291246469
2026-03-27,2218568027,105847276,64970,29430111,2247998138
2026-03-30,2238459554,209216581,66300,31084092,2269543646
2026-03-31,2273620571,208578776,63100,28205700,2301826271
2026-04-01,2260356015,171462541,67400,30365721,2290721736
2026-04-02,2346279408,206541800,65100,28513800,2374793208
2026-04-03,2384248235,219257955,64300,27420736,2411668971
2026-04-07,2417195876,150442086,65400,27734831,2444930707
2026-04-08,2396998501,392465826,67400,31272252,2428270753
2026-04-09,2212443835,154688050,66700,31538428,2243982263
2026-04-10,2151967896,139759427,68400,32619274,2184587170
2026-04-13,2226181930,229166517,60700,28680751,2254862681
2026-04-14,2237670760,256450052,59800,28799680,2266470440
2026-04-15,2251815464,187129372,59700,28357500,2280172964
2026-04-16,2366438151,250351272,55700,26377291,2392815442
2026-04-17,2424662505,381978387,54600,25657087,2450319592
2026-04-20,2569565270,612080278,58300,27472708,2597037978
2026-04-21,2658078269,465848386,60560,27273801,2685352070
2026-04-22,2546251334,424702880,67460,32242509,2578493843
2026-04-23,2481166127,239077999,67660,32138500,2513304627
2026-04-24,2575551661,439696159,65060,30753863,2606305524
2026-04-27,2435080321,457160075,69230,35739988,2470820309
2026-04-28,2793711687,819737113,68830,35599564,2829311251
2026-04-29,2806081581,294945784,65430,33415756,2839497337
2026-04-30,2879222104,730993105,69630,37390613,2916612717
2026-05-06,2849547856,640309946,68030,37100162,2886648018
2026-05-07,2642232652,368325904,71630,39549790,2681782442
2026-05-08,2572660390,336092739,69030,37330733,2609991123
2026-05-11,2396281514,569204575,73230,41974703,2438256217
2026-05-12,2301986642,322652962,73730,42870309,2344856951
2026-05-13,2274782278,493258401,72260,41983060,2316765338
2026-05-14,2163891967,251304354,71830,40540852,2204432819
2026-05-15,2912752789,1378569851,80735,47795120,2960547909
2026-05-18,2999275824,717543711,69235,41400453,3040676277
2026-05-19,2757169709,499409606,69935,43338721,2800508430
2026-05-20,2932665463,749821916,73335,48107760,2980773223
2026-05-21,3234988094,1338630631,78735,52200518,3287188612
2026-05-22,3698911169,1311843265,72335,48392115,3747303284
2026-05-25,3901167097,1636196327,83935,58602578,3959769675
2026-05-26,3810795341,736019858,81635,54715860,3865511201
2026-05-27,3446201894,634122229,82035,53714057,3499915951
2026-05-28,3099764918,400922717,77235,50897865,3150662783
2026-05-29,2945394974,375878086,73635,46380477,2991775451
2026-06-01,2874166843,349195367,66635,39307319,2913474162
2026-06-02,2797971115,267738824,71335,43000738,2840971853
2026-06-03,2921014934,612266250,69135,42506964,2963521898
2026-06-04,2920950091,551543750,69135,43347645,2964297736
2026-06-05,2761315123,276776899,69735,42075309,2803390432
2026-06-08,2571978624,179160297,71035,41608042,2613586666
2026-06-09,2611374033,349354987,73335,45255030,2656629063
2026-06-10,2707687255,470513450,74535,46152072,2753839327
2026-06-11,2869925777,504758361,77135,49173564,2919099341
2026-06-12,2514030488,322551738,79035,52731362,2566761850
2026-06-15,2414306432,469268112,78735,53714591,2468021023
2026-06-16,2632006385,528694484,79835,53664289,2685670674
2026-06-17,2782916041,582038301,73835,51996083,2834912124
2026-06-18,3323844978,1030154616,73100,52708024,3376553002
2026-06-22,3237647519,523017094,75900,56545500,3294193019
2026-06-23,3111227902,528309675,75300,56285996,3167513898
2026-06-24,3214657596,696132063,77400,59603417,3274261013
2026-06-25,3127070580,464626877,74900,59770200,3186840780
2026-06-26,2831152527,537636566,77300,62873501,2894026028
2026-06-29,2901411870,776563335,78000,67094821,2968506691
2026-06-30,3134593226,777062136,77700,68730312,3203323538
2026-07-01,3168737983,933679942,67700,63323872,3232061855
2026-07-02,3588406063,1033647690,64400,54213208,3642619271
2026-07-03,3574761694,857043239,63800,52060800,3626822494
2026-07-06,3397853178,736367792,65600,52716160,3450569338
2026-07-07,3443963604,542250888,63200,50963849,3494927453
2026-07-08,3477064860,717816587,62000,49743839,3526808699
2026-07-09,3739435094,930045645,62100,54550503,3793985597
2026-07-10,3880529159,998559577,57900,46377900,3926907059
2026-07-13,3715999978,644057592,60200,46010862,3762010840
2026-07-14,3611341716,600740963,58200,45058440,3656400156
2026-07-15,3702028388,501862973,57000,42331620,3744360008
2026-07-16,3656407475,523552880,58200,40900632,3697308107
2026-07-17,3467742251,442922517,52300,35407100,3503149351
2026-07-20,3230563863,530231773,73500,49752886,3280316749
2026-07-21,4016668327,1361432378,76300,56812980,4073481307
2026-07-22,3943997161,1455107856,82900,63335600,4007332761
2026-07-23,3764097501,672186356,83500,61790000,3825887501
2026-07-24,3836651809,818284023,82800,62679600,3899331409
2026-07-27,3918811722,820405884,85900,66143000,3984954722
2026-07-28,3669129961,572812427,85800,61347000,3730476961
2026-07-29,3359554922,555919584,79300,56016728,3415571650
2026-07-30,3237586991,517540650,80100,53512406,3291099397
