date,rz_balance,rz_buy,rq_volume,rq_balance,rzrq_balance
2021-07-07,23081154,32736336,3213589,91008840,114089994
2021-07-08,26729665,30946370,2748181,61064582,87794247
2021-07-09,29373318,25587539,3293153,72054188,101427506
2021-07-12,26217114,12585349,2863293,63565105,89782219
2021-07-13,38976239,35181083,2801060,65068623,104044862
2021-07-14,33849961,43251538,3300520,92018498,125868459
2021-07-15,35195549,33255999,3344118,82399068,117594617
2021-07-16,34735248,23623562,3215485,79261705,113996953
2021-07-19,37489031,15018655,3257640,77857596,115346627
2021-07-20,37464162,16518919,3166511,72829753,110293915
2021-07-21,41184954,16158281,2237517,51015388,92200342
2021-07-22,42802661,12617706,1984487,43261817,86064478
2021-07-23,42998133,12283969,2063337,46404449,89402582
2021-07-26,43081668,6734532,1975516,42197022,85278690
2021-07-27,45116734,11388755,1848495,36563232,81679966
2021-07-28,39913362,3613338,1582012,29567804,69481166
2021-07-29,36531265,2576033,1379192,26190856,62722121
2021-07-30,37949144,6689056,1451592,28306044,66255188
2021-08-02,47774762,14198297,1175868,23952432,71727194
2021-08-03,50161274,27775416,248000,5500640,55661914
2021-08-04,62671051,27691733,0,0,62671051
2021-08-05,78263405,48204828,0,0,78263405
2021-08-06,93037025,52310300,0,0,93037025
2021-08-09,69323667,32680658,0,0,69323667
2021-08-10,67013256,40593644,0,0,67013256
2021-08-11,91723228,44320225,0,0,91723228
2021-08-12,88359028,23608279,0,0,88359028
2021-08-13,80415304,10988000,0,0,80415304
2021-08-16,74692424,11833145,0,0,74692424
2021-08-17,72586804,15234626,0,0,72586804
2021-08-18,67980406,6588743,0,0,67980406
2021-08-19,66705044,9554579,0,0,66705044
2021-08-20,61027425,10158906,0,0,61027425
2021-08-23,60517502,5555978,0,0,60517502
2021-08-24,66383105,12370692,0,0,66383105
2021-08-25,68852799,14025043,0,0,68852799
2021-08-26,70578285,9760623,0,0,70578285
2021-08-27,69204871,9020658,0,0,69204871
2021-08-30,69967801,4564479,0,0,69967801
2021-08-31,70280809,7334675,0,0,70280809
2021-09-01,68850408,5529098,0,0,68850408
2021-09-02,65340446,5493565,0,0,65340446
2021-09-03,65831330,5831008,0,0,65831330
2021-09-06,67322184,5510071,0,0,67322184
2021-09-07,64076004,3945809,0,0,64076004
2021-09-08,62978373,5046836,0,0,62978373
2021-09-09,61513320,2428595,0,0,61513320
2021-09-10,59667108,3239150,0,0,59667108
2021-09-13,59943031,5191266,0,0,59943031
2021-09-14,59033333,3076923,0,0,59033333
2021-09-15,58258631,2021344,0,0,58258631
2021-09-16,57276370,2535129,0,0,57276370
2021-09-17,55540770,1135290,0,0,55540770
2021-09-22,57580096,3596861,0,0,57580096
2021-09-23,58128949,2980591,0,0,58128949
2021-09-24,57574468,2127206,0,0,57574468
2021-09-27,57348102,1866618,0,0,57348102
2021-09-28,64502734,10053702,0,0,64502734
2021-09-29,62127124,2940296,0,0,62127124
2021-09-30,57565068,1893336,0,0,57565068
2021-10-08,56544755,2064012,0,0,56544755
2021-10-11,55433924,1647935,0,0,55433924
2021-10-12,53030065,1005360,0,0,53030065
2021-10-13,53736765,3032919,0,0,53736765
2021-10-14,61062353,10412293,0,0,61062353
2021-10-15,58956836,3244033,0,0,58956836
2021-10-18,60494232,5865083,0,0,60494232
2021-10-19,59356079,21471100,0,0,59356079
2021-10-20,89842381,69880611,0,0,89842381
2021-10-21,76050458,28319659,0,0,76050458
2021-10-22,87600367,31269145,0,0,87600367
2021-10-25,91108150,31417901,0,0,91108150
2021-10-26,98700156,54498834,0,0,98700156
2021-10-27,119203700,57604660,0,0,119203700
2021-10-28,101887747,39859479,0,0,101887747
2021-10-29,97591868,28391473,0,0,97591868
2021-11-01,108299262,58457303,0,0,108299262
2021-11-02,110751237,53621011,0,0,110751237
2021-11-03,122417873,64973383,0,0,122417873
2021-11-04,140547559,69027383,0,0,140547559
2021-11-05,138616592,44197445,0,0,138616592
2021-11-08,133174642,37340026,0,0,133174642
2021-11-09,131762282,30392578,0,0,131762282
2021-11-10,120904366,22686896,0,0,120904366
2021-11-11,115190475,24479706,0,0,115190475
2021-11-12,115720938,37534931,0,0,115720938
2021-11-15,116918533,23262578,0,0,116918533
2021-11-16,103322812,17429231,0,0,103322812
2021-11-17,101972229,14658729,0,0,101972229
2021-11-18,105713492,16812508,0,0,105713492
2021-11-19,97511301,22429555,0,0,97511301
2021-11-22,98897645,22745345,0,0,98897645
2021-11-23,104465812,24420134,0,0,104465812
2021-11-24,106865983,19568677,0,0,106865983
2021-11-25,110548545,14429100,0,0,110548545
2021-11-26,104390565,7122910,0,0,104390565
2021-11-29,108761227,15148811,0,0,108761227
2021-11-30,107671821,18886369,0,0,107671821
2021-12-01,108035436,19433187,0,0,108035436
2021-12-02,105670101,12360534,0,0,105670101
2021-12-03,99280224,6041295,0,0,99280224
2021-12-06,101976670,15474846,0,0,101976670
2021-12-07,108301119,11750545,0,0,108301119
2021-12-08,108074294,14834162,0,0,108074294
2021-12-09,99988812,5965232,0,0,99988812
2021-12-10,100141709,5993792,0,0,100141709
2021-12-13,105256616,12151254,0,0,105256616
2021-12-14,115495715,19010120,0,0,115495715
2021-12-15,112863667,5793551,0,0,112863667
2021-12-16,115290431,9668696,0,0,115290431
2021-12-17,135782621,41030593,0,0,135782621
2021-12-20,122578850,21819905,0,0,122578850
2021-12-21,121558799,6072255,0,0,121558799
2021-12-22,114350571,4057136,0,0,114350571
2021-12-23,113331977,4758042,0,0,113331977
2021-12-24,111178042,5663179,0,0,111178042
2021-12-27,109006719,3792410,0,0,109006719
2021-12-28,108489676,3193035,0,0,108489676
2021-12-29,108820530,2951614,0,0,108820530
2021-12-30,106655703,5060244,0,0,106655703
2021-12-31,100237508,2218014,0,0,100237508
2022-01-04,99607276,2215997,0,0,99607276
2022-01-05,101951968,6674347,0,0,101951968
2022-01-06,102471581,4326369,0,0,102471581
2022-01-07,106295427,9566470,0,0,106295427
2022-01-10,105407761,2775498,0,0,105407761
2022-01-11,101862123,2053107,0,0,101862123
2022-01-12,101500351,3531065,0,0,101500351
2022-01-13,101416728,2169540,0,0,101416728
2022-01-14,100543803,3207948,0,0,100543803
2022-01-17,102018391,4422791,0,0,102018391
2022-01-18,104137473,8207966,0,0,104137473
2022-01-19,102754449,3337350,0,0,102754449
2022-01-20,105184473,7288789,0,0,105184473
2022-01-21,103163799,1372059,0,0,103163799
2022-01-24,102297259,1114394,0,0,102297259
2022-01-25,101559693,5169544,0,0,101559693
2022-01-26,89113033,1758868,0,0,89113033
2022-01-27,81664317,2132985,0,0,81664317
2022-01-28,77910827,1273072,0,0,77910827
2022-02-07,77608188,1634259,0,0,77608188
2022-02-08,79949710,6339283,0,0,79949710
2022-02-09,85406853,11416476,0,0,85406853
2022-02-10,84683627,10210202,0,0,84683627
2022-02-11,84711803,5560085,0,0,84711803
2022-02-14,84570934,3826326,0,0,84570934
2022-02-15,85573634,4231900,0,0,85573634
2022-02-16,96926870,21089648,0,0,96926870
2022-02-17,92390517,18293025,0,0,92390517
2022-02-18,109000403,34997224,0,0,109000403
2022-02-21,110432803,42459400,0,0,110432803
2022-02-22,109845493,59656631,0,0,109845493
2022-02-23,118734187,53188891,0,0,118734187
2022-02-24,124745853,45568076,0,0,124745853
2022-02-25,137513451,37083713,0,0,137513451
2022-02-28,128011918,24192257,0,0,128011918
2022-03-01,130655069,46817064,0,0,130655069
2022-03-02,137346102,33169273,0,0,137346102
2022-03-03,136554197,26800482,0,0,136554197
2022-03-04,127320093,9807557,0,0,127320093
2022-03-07,109833175,6518596,0,0,109833175
2022-03-08,113611687,13749988,0,0,113611687
2022-03-09,108167031,8280278,0,0,108167031
2022-03-10,108508004,11033708,0,0,108508004
2022-03-11,107943276,8584759,0,0,107943276
2022-03-14,104822494,5334791,0,0,104822494
2022-03-15,101670994,5069913,0,0,101670994
2022-03-16,100365927,7647932,0,0,100365927
2022-03-17,102193428,13822534,0,0,102193428
2022-03-18,106858364,14861802,0,0,106858364
2022-03-21,105857181,18556220,0,0,105857181
2022-03-22,109174776,28318835,0,0,109174776
2022-03-23,104653783,14405517,0,0,104653783
2022-03-24,117891432,23073099,0,0,117891432
2022-03-25,112227384,7743200,0,0,112227384
2022-03-28,108616229,4252060,0,0,108616229
2022-03-29,112737399,8848403,0,0,112737399
2022-03-30,115757551,8260136,0,0,115757551
2022-03-31,116623230,7909770,0,0,116623230
2022-04-01,114677887,4823527,0,0,114677887
2022-04-06,116580401,5659479,0,0,116580401
2022-04-07,113992465,3058887,0,0,113992465
2022-04-08,105179997,2857254,0,0,105179997
2022-04-11,104955516,3282388,0,0,104955516
2022-04-12,105922064,3157685,0,0,105922064
2022-04-13,101605560,2461916,0,0,101605560
2022-04-14,100151899,1854357,0,0,100151899
2022-04-15,100913077,4432671,0,0,100913077
2022-04-18,101039101,2663137,0,0,101039101
2022-04-19,102191633,5803327,0,0,102191633
2022-04-20,101647231,4779877,0,0,101647231
2022-04-21,101324488,4682527,0,0,101324488
2022-04-22,100758934,1635248,0,0,100758934
2022-04-25,98118211,1305151,0,0,98118211
2022-04-26,99988853,5679164,0,0,99988853
2022-04-27,98267336,1545212,0,0,98267336
2022-04-28,97643432,980317,0,0,97643432
2022-04-29,92835788,5914336,0,0,92835788
2022-05-05,88096776,3560703,0,0,88096776
2022-05-06,91288979,7348674,0,0,91288979
2022-05-09,93117669,4455052,0,0,93117669
2022-05-10,86597156,3048904,0,0,86597156
2022-05-11,93540420,11767208,0,0,93540420
2022-05-12,86367891,2795227,0,0,86367891
2022-05-13,86431815,3019582,0,0,86431815
2022-05-16,86617212,2541731,0,0,86617212
2022-05-17,90147034,9758101,0,0,90147034
2022-05-18,94872551,13972797,0,0,94872551
2022-05-19,97504384,10371623,0,0,97504384
2022-05-20,95807812,6251753,0,0,95807812
2022-05-23,101007022,15362103,0,0,101007022
2022-05-24,109650747,22558889,0,0,109650747
2022-05-25,106755614,14893259,0,0,106755614
2022-05-26,110990085,15816458,0,0,110990085
2022-05-27,106772058,10135977,0,0,106772058
2022-05-30,106355768,5098704,0,0,106355768
2022-05-31,105901227,5988523,0,0,105901227
2022-06-01,104482296,6212747,0,0,104482296
2022-06-02,100430210,5495984,0,0,100430210
2022-06-06,99589029,9404064,0,0,99589029
2022-06-07,102259402,13683998,0,0,102259402
2022-06-08,102949218,8543241,0,0,102949218
2022-06-09,101176027,4185101,0,0,101176027
2022-06-10,100640221,3569320,0,0,100640221
2022-06-13,98398463,2866301,0,0,98398463
2022-06-14,97008607,3660999,0,0,97008607
2022-06-15,97363140,4867781,0,0,97363140
2022-06-16,92726282,2952105,0,0,92726282
2022-06-17,89042308,4170796,0,0,89042308
2022-06-20,87268305,11619903,0,0,87268305
2022-06-21,83066264,8513087,0,0,83066264
2022-06-22,84968539,12565216,0,0,84968539
2022-06-23,88288781,15378965,0,0,88288781
2022-06-24,81795679,5170512,0,0,81795679
2022-06-27,77142882,5108922,0,0,77142882
2022-06-28,74703184,3943797,0,0,74703184
2022-06-29,73762823,3868111,0,0,73762823
2022-06-30,70829898,2893532,0,0,70829898
2022-07-01,70556713,2632562,0,0,70556713
2022-07-04,71070377,4265220,0,0,71070377
2022-07-05,69231244,3548910,0,0,69231244
2022-07-06,69141543,3626236,0,0,69141543
2022-07-07,74399398,10898350,0,0,74399398
2022-07-08,72245686,9102002,0,0,72245686
2022-07-11,71369003,8076048,0,0,71369003
2022-07-12,73090681,6406944,0,0,73090681
2022-07-13,78413931,13071759,0,0,78413931
2022-07-14,83738081,20791641,0,0,83738081
2022-07-15,79821670,17438596,0,0,79821670
2022-07-18,82135165,16578475,0,0,82135165
2022-07-19,79434275,18912402,0,0,79434275
2022-07-20,72307742,5520425,0,0,72307742
2022-07-21,67544447,5676941,0,0,67544447
2022-07-22,64965191,5347412,0,0,64965191
2022-07-25,58796175,13200427,0,0,58796175
2022-07-26,60318981,7949401,0,0,60318981
2022-07-27,63449479,15821151,0,0,63449479
2022-07-28,62969844,18839959,0,0,62969844
2022-07-29,62808832,25552422,0,0,62808832
2022-08-01,94903315,49240372,0,0,94903315
2022-08-02,101422141,36994534,0,0,101422141
2022-08-03,89215740,25291209,0,0,89215740
2022-08-04,64161999,13083840,0,0,64161999
2022-08-05,58465534,11211514,0,0,58465534
2022-08-08,59919582,14192359,0,0,59919582
2022-08-09,65399202,17335088,0,0,65399202
2022-08-10,109759300,68514235,0,0,109759300
2022-08-11,125153626,46362684,0,0,125153626
2022-08-12,107884439,22977245,0,0,107884439
2022-08-15,117429512,26658072,0,0,117429512
2022-08-16,89606413,19323952,0,0,89606413
2022-08-17,80258153,14220992,0,0,80258153
2022-08-18,89105475,28022204,0,0,89105475
2022-08-19,90053973,19872107,0,0,90053973
2022-08-22,85284147,9475094,0,0,85284147
2022-08-23,78632265,18501082,0,0,78632265
2022-08-24,84387173,28160076,0,0,84387173
2022-08-25,81923792,21522928,0,0,81923792
2022-08-26,82293253,13531979,0,0,82293253
2022-08-29,75357610,5802347,0,0,75357610
2022-08-30,80858324,13230677,0,0,80858324
2022-08-31,75607310,6728320,0,0,75607310
2022-09-01,78137050,13289871,0,0,78137050
2022-09-02,70161268,5470763,0,0,70161268
2022-09-05,72184662,6788986,0,0,72184662
2022-09-06,82345441,19371589,0,0,82345441
2022-09-07,70264798,6980737,0,0,70264798
2022-09-08,67360571,6847777,0,0,67360571
2022-09-09,63934317,4835688,0,0,63934317
2022-09-13,66862617,5348819,0,0,66862617
2022-09-14,66579444,5584012,0,0,66579444
2022-09-15,72138961,10097022,0,0,72138961
2022-09-16,70358397,4147901,0,0,70358397
2022-09-19,69541932,3883343,0,0,69541932
2022-09-20,70348254,7940237,0,0,70348254
2022-09-21,69781875,4386585,0,0,69781875
2022-09-22,72530980,10472278,0,0,72530980
2022-09-23,72384046,7423929,0,0,72384046
2022-09-26,69391917,12625086,0,0,69391917
2022-09-27,71406453,11996184,0,0,71406453
2022-09-28,77825747,14227847,0,0,77825747
2022-09-29,73565169,13845695,0,0,73565169
2022-09-30,79505585,17143647,0,0,79505585
2022-10-10,75046985,5683678,0,0,75046985
2022-10-11,77586540,14322334,0,0,77586540
2022-10-12,76908520,18772104,0,0,76908520
2022-10-13,82970476,22414959,0,0,82970476
2022-10-14,84686414,19773084,0,0,84686414
2022-10-17,90030250,22380784,0,0,90030250
2022-10-18,96587921,50682612,0,0,96587921
2022-10-19,82939427,39843740,0,0,82939427
2022-10-20,93106462,27506763,0,0,93106462
2022-10-21,103387846,35992234,0,0,103387846
2022-10-24,106023148,43586585,0,0,106023148
2022-10-25,109999662,25288820,0,0,109999662
2022-10-26,105719059,30939490,0,0,105719059
2022-10-27,110968780,31362604,0,0,110968780
2022-10-28,99746947,12979494,0,0,99746947
2022-10-31,101735981,13011414,0,0,101735981
2022-11-01,96249851,18124338,0,0,96249851
2022-11-02,91640085,15159815,0,0,91640085
2022-11-03,91074754,12242034,0,0,91074754
2022-11-04,104169635,28077350,0,0,104169635
2022-11-07,106194629,14978639,0,0,106194629
2022-11-08,99021431,9375709,0,0,99021431
2022-11-09,97806926,16408169,0,0,97806926
2022-11-10,102164548,11791918,0,0,102164548
2022-11-11,101475196,22365518,0,0,101475196
2022-11-14,107347062,12531438,0,0,107347062
2022-11-15,98623817,8431353,0,0,98623817
2022-11-16,103720360,11793674,0,0,103720360
2022-11-17,104068457,6785278,0,0,104068457
2022-11-18,97151337,11872306,0,0,97151337
2022-11-21,96403851,8666675,0,0,96403851
2022-11-22,90703111,5725859,0,0,90703111
2022-11-23,83767922,8108358,0,0,83767922
2022-11-24,79313964,10431194,0,0,79313964
2022-11-25,82111100,8000285,0,0,82111100
2022-11-28,75723603,3668784,0,0,75723603
2022-11-29,84940387,14151382,0,0,84940387
2022-11-30,85818923,6048123,0,0,85818923
2022-12-01,88720578,13173073,0,0,88720578
2022-12-02,83982706,10701938,0,0,83982706
2022-12-05,79837518,9811531,0,0,79837518
2022-12-06,74840504,8119040,0,0,74840504
2022-12-07,73974697,5517738,0,0,73974697
2022-12-08,80429936,12453478,0,0,80429936
2022-12-09,75049044,9989549,0,0,75049044
2022-12-12,73096646,6204296,0,0,73096646
2022-12-13,71129132,3617215,0,0,71129132
2022-12-14,70044795,3338104,0,0,70044795
2022-12-15,69739533,3173230,0,0,69739533
2022-12-16,70609578,5569508,0,0,70609578
2022-12-19,68443436,2285083,0,0,68443436
2022-12-20,69365865,2063020,0,0,69365865
2022-12-21,71974044,4642475,0,0,71974044
2022-12-22,70143882,1889839,0,0,70143882
2022-12-23,69958395,2342943,0,0,69958395
2022-12-26,68531627,7677842,0,0,68531627
2022-12-27,69185464,7024159,0,0,69185464
2022-12-28,65773257,3872350,0,0,65773257
2022-12-29,70042977,8469216,0,0,70042977
2022-12-30,68742651,2061678,0,0,68742651
2023-01-03,70896104,14025127,0,0,70896104
2023-01-04,72087550,8799709,0,0,72087550
2023-01-05,70153027,12071619,0,0,70153027
2023-01-06,63383830,10645140,0,0,63383830
2023-01-09,67135923,11524891,0,0,67135923
2023-01-10,62740565,6530857,0,0,62740565
2023-01-11,69837587,12203667,0,0,69837587
2023-01-12,69939020,5947110,1200,47040,69986060
2023-01-13,69030476,4024910,1200,46596,69077072
2023-01-16,70077321,4716906,1800,70038,70147359
2023-01-17,70195087,3762629,800,30880,70225967
2023-01-18,70732132,3930880,800,30736,70762868
2023-01-19,70814259,5172381,0,0,70814259
2023-01-20,68343253,6032332,0,0,68343253
2023-01-30,66567766,7474068,0,0,66567766
2023-01-31,68586380,7549242,2500,99050,68685430
2023-02-01,72000206,9841002,600,23586,72023792
2023-02-02,74722737,12172541,2000,77900,74800637
2023-02-03,75955191,10210031,2500,94600,76049791
2023-02-06,76209032,5019314,2500,95150,76304182
2023-02-07,73895066,6349780,2600,101348,73996414
2023-02-08,74455702,10382621,2500,99375,74555077
2023-02-09,80479808,21381863,2600,107068,80586876
2023-02-10,83629857,15411802,2500,97125,83726982
2023-02-13,75661464,8175944,2300,91540,75753004
2023-02-14,73997061,6053191,2100,82551,74079612
2023-02-15,73960751,8260626,2200,86504,74047255
2023-02-16,80356779,20016184,2800,111412,80468191
2023-02-17,80525400,8191411,2500,96025,80621425
2023-02-20,76518905,8960115,1600,61440,76580345
2023-02-21,77202245,5390114,2100,78981,77281226
2023-02-22,80595227,7313423,2800,104328,80699555
2023-02-23,78006815,2972846,2300,86342,78093157
2023-02-24,78354298,5420684,2300,84824,78439122
2023-02-27,82941943,7696199,2400,87384,83029327
2023-02-28,79470965,4042903,2500,90425,79561390
2023-03-01,80481262,5274163,2500,91725,80572987
2023-03-02,86410493,16158390,2500,94525,86505018
2023-03-03,91554275,12964620,2500,91150,91645425
2023-03-06,90842300,4230271,2500,91050,90933350
2023-03-07,90166302,9566640,2500,86750,90253052
2023-03-08,82883273,8583844,2300,84272,82967545
2023-03-09,80593243,4861129,1900,69502,80662745
2023-03-10,84367169,8815168,2400,85200,84452369
2023-03-13,85078913,2827390,800,28304,85107217
2023-03-14,85630933,4232660,1600,56720,85687653
2023-03-15,84614114,3414287,1300,46943,84661057
2023-03-16,83785828,2635667,1300,46644,83832472
2023-03-17,87188557,8105992,2100,72681,87261238
2023-03-20,80997576,6902441,1300,46956,81044532
2023-03-21,78005235,4972439,2000,74060,78079295
2023-03-22,67413770,8676827,1200,46836,67460606
2023-03-23,64792368,9505919,2000,78480,64870848
2023-03-24,62881160,12345103,1100,44814,62925974
2023-03-27,61588690,15915422,0,0,61588690
2023-03-28,61017356,9621714,0,0,61017356
2023-03-29,63120632,8120936,0,0,63120632
2023-03-30,66792833,10050671,4100,162975,66955808
2023-03-31,76267797,15568255,0,0,76267797
2023-04-03,75278786,12934260,4100,163098,75441884
2023-04-04,84139781,23088965,0,0,84139781
2023-04-06,106278595,55234183,4100,172036,106450631
2023-04-07,100128601,10263094,0,0,100128601
2023-04-10,125187471,48887779,4100,181917,125369388
2023-04-11,108237274,18049800,0,0,108237274
2023-04-12,121350695,39034207,0,0,121350695
2023-04-13,124715158,37994188,0,0,124715158
2023-04-14,99614789,27772443,0,0,99614789
2023-04-17,102453751,27186005,0,0,102453751
2023-04-18,101080518,19811724,0,0,101080518
2023-04-19,97808424,27797489,0,0,97808424
2023-04-20,104516829,52855130,0,0,104516829
2023-04-21,113540738,59418861,0,0,113540738
2023-04-24,217787723,144417930,0,0,217787723
2023-04-25,252089097,95873848,0,0,252089097
2023-04-26,258702143,98829088,0,0,258702143
2023-04-27,263391450,83905229,0,0,263391450
2023-04-28,246635492,65646696,0,0,246635492
2023-05-04,244526747,58060919,0,0,244526747
2023-05-05,234024993,68643348,0,0,234024993
2023-05-08,194073994,34917546,0,0,194073994
2023-05-09,196704146,20395670,0,0,196704146
2023-05-10,203121625,19102517,0,0,203121625
2023-05-11,194208635,19394747,0,0,194208635
2023-05-12,195953602,13609309,0,0,195953602
2023-05-15,200311384,15224732,0,0,200311384
2023-05-16,204220388,14085673,0,0,204220388
2023-05-17,208187775,19249804,0,0,208187775
2023-05-18,182200882,19149799,0,0,182200882
2023-05-19,188137444,30205153,0,0,188137444
2023-05-22,191246355,27828071,0,0,191246355
2023-05-23,186613823,12879540,0,0,186613823
2023-05-24,176998474,7020083,0,0,176998474
2023-05-25,174688118,13423194,0,0,174688118
2023-05-26,179458850,14550983,0,0,179458850
2023-05-29,165307201,23019040,0,0,165307201
2023-05-30,162810197,16593035,0,0,162810197
2023-05-31,141351780,12664053,0,0,141351780
2023-06-01,142393677,22336717,0,0,142393677
2023-06-02,144218323,16186815,0,0,144218323
2023-06-05,141053852,10784443,0,0,141053852
2023-06-06,121470125,55697600,0,0,121470125
2023-06-07,130100181,26433200,0,0,130100181
2023-06-08,123796806,18505208,0,0,123796806
2023-06-09,115844708,25260153,0,0,115844708
2023-06-12,118598147,22162849,0,0,118598147
2023-06-13,110230108,30200116,0,0,110230108
2023-06-14,104412407,28223996,0,0,104412407
2023-06-15,104319518,22024663,0,0,104319518
2023-06-16,102321659,20492584,0,0,102321659
2023-06-19,108185046,35795162,0,0,108185046
2023-06-20,104582969,24128283,0,0,104582969
2023-06-21,107564296,21980296,0,0,107564296
2023-06-26,110380276,15724823,0,0,110380276
2023-06-27,111990011,11661724,0,0,111990011
2023-06-28,108062279,10822267,0,0,108062279
2023-06-29,108698911,8387031,0,0,108698911
2023-06-30,111637156,11155723,0,0,111637156
2023-07-03,110459768,11362934,0,0,110459768
2023-07-04,112507369,11271588,0,0,112507369
2023-07-05,111368786,9653518,0,0,111368786
2023-07-06,113875579,7716818,0,0,113875579
2023-07-07,112760537,5872206,0,0,112760537
2023-07-10,113628876,7342669,0,0,113628876
2023-07-11,112517506,10336141,0,0,112517506
2023-07-12,110601690,8145687,0,0,110601690
2023-07-13,110691366,11413794,0,0,110691366
2023-07-14,108995864,13977101,0,0,108995864
2023-07-17,109480441,9088471,0,0,109480441
2023-07-18,108265205,7262584,0,0,108265205
2023-07-19,107398226,2241269,0,0,107398226
2023-07-20,106090955,4276575,0,0,106090955
2023-07-21,101179806,9350503,0,0,101179806
2023-07-24,105521664,7514660,0,0,105521664
2023-07-25,107159404,7733805,0,0,107159404
2023-07-26,107820472,3153797,0,0,107820472
2023-07-27,107979633,6373093,0,0,107979633
2023-07-28,104749408,4097050,0,0,104749408
2023-07-31,107688813,11347248,0,0,107688813
2023-08-01,112327417,10746368,0,0,112327417
2023-08-02,112065227,4394626,0,0,112065227
2023-08-03,113266339,5567786,0,0,113266339
2023-08-04,113451561,6658578,0,0,113451561
2023-08-07,112858990,5608068,0,0,112858990
2023-08-08,113898684,4347962,0,0,113898684
2023-08-09,113826223,3417567,0,0,113826223
2023-08-10,112755673,2119015,0,0,112755673
2023-08-11,111581892,2217001,0,0,111581892
2023-08-14,114288100,5259286,0,0,114288100
2023-08-15,113463229,2732706,0,0,113463229
2023-08-16,113703838,2108049,0,0,113703838
2023-08-17,112263211,2436571,0,0,112263211
2023-08-18,112712565,1863731,0,0,112712565
2023-08-21,112462326,2153611,0,0,112462326
2023-08-22,111986720,3088576,0,0,111986720
2023-08-23,112188345,2488485,0,0,112188345
2023-08-24,112891900,2771725,0,0,112891900
2023-08-25,111523754,1646623,0,0,111523754
2023-08-28,111391685,3790444,0,0,111391685
2023-08-29,107840535,2893227,0,0,107840535
2023-08-30,109731960,6888920,0,0,109731960
2023-08-31,110048706,2825171,0,0,110048706
2023-09-01,109073515,2135770,0,0,109073515
2023-09-04,108377741,3992419,0,0,108377741
2023-09-05,107797121,1672021,0,0,107797121
2023-09-06,107767546,13910605,0,0,107767546
2023-09-07,116115359,15468405,0,0,116115359
2023-09-08,116282157,8542793,0,0,116282157
2023-09-11,123629140,19476754,0,0,123629140
2023-09-12,122542887,19885183,0,0,122542887
2023-09-13,128078120,18161356,0,0,128078120
2023-09-14,128732827,16215432,0,0,128732827
2023-09-15,128996120,9052266,0,0,128996120
2023-09-18,128738896,9079627,0,0,128738896
2023-09-19,126855146,6320578,0,0,126855146
2023-09-20,127654974,7616858,0,0,127654974
2023-09-21,124993863,2884740,0,0,124993863
2023-09-22,122685011,12619835,0,0,122685011
2023-09-25,124736572,16838521,0,0,124736572
2023-09-26,124725792,8992451,0,0,124725792
2023-09-27,120475240,7211636,0,0,120475240
2023-09-28,116138084,4247175,0,0,116138084
2023-10-09,125033684,18515862,0,0,125033684
2023-10-10,122118184,9870056,0,0,122118184
2023-10-11,120547140,13638238,0,0,120547140
2023-10-12,124984890,16021904,0,0,124984890
2023-10-13,133477225,27094701,0,0,133477225
2023-10-16,140179566,38903749,0,0,140179566
2023-10-17,137304391,21142551,0,0,137304391
2023-10-18,144136744,20070994,5000,139100,144275844
2023-10-19,145367296,16380685,7100,190493,145557789
2023-10-20,149193103,13858781,7100,188860,149381963
2023-10-23,146467634,11902363,7100,177997,146645631
2023-10-24,155755743,18405500,7100,180624,155936367
2023-10-25,152344589,12429999,0,0,152344589
2023-10-26,149302053,22790622,0,0,149302053
2023-10-27,148195064,22561169,11100,299478,148494542
2023-10-30,148977831,24958970,11100,316350,149294181
2023-10-31,151136986,18705413,11100,303918,151440904
2023-11-01,148513932,7640964,11100,302808,148816740
2023-11-02,149539513,8951536,11100,293373,149832886
2023-11-03,146768815,8185055,11100,299478,147068293
2023-11-06,143323658,9421676,11100,313575,143637233
2023-11-07,138590059,15249508,11100,320124,138910183
2023-11-08,133758621,16795292,0,0,133758621
2023-11-09,132178281,11486615,0,0,132178281
2023-11-10,131830369,6616184,0,0,131830369
2023-11-13,131430742,9065911,0,0,131430742
2023-11-14,131351081,7985714,0,0,131351081
2023-11-15,138183173,21828524,0,0,138183173
2023-11-16,147555111,23861155,0,0,147555111
2023-11-17,148359083,23430979,0,0,148359083
2023-11-20,146514462,17334750,0,0,146514462
2023-11-21,150538620,24536594,0,0,150538620
2023-11-22,149305809,15008895,0,0,149305809
2023-11-23,148460973,9598399,0,0,148460973
2023-11-24,138484612,5235180,0,0,138484612
2023-11-27,137201383,4688174,0,0,137201383
2023-11-28,137196790,3412516,0,0,137196790
2023-11-29,134777298,28380645,0,0,134777298
2023-11-30,134570030,15749942,0,0,134570030
2023-12-01,140020775,19727267,0,0,140020775
2023-12-04,138008270,15192328,0,0,138008270
2023-12-05,140213476,12067928,0,0,140213476
2023-12-06,146218172,10521287,0,0,146218172
2023-12-07,148713633,8712400,0,0,148713633
2023-12-08,142832542,9645982,0,0,142832542
2023-12-11,146178193,13799708,0,0,146178193
2023-12-12,149060209,10392943,0,0,149060209
2023-12-13,149181044,11943036,0,0,149181044
2023-12-14,149194294,5275602,0,0,149194294
2023-12-15,149502914,5116549,0,0,149502914
2023-12-18,145737090,6757362,6300,165249,145902339
2023-12-19,144083628,5456593,6500,171730,144255358
2023-12-20,144500211,5899257,6700,174334,144674545
2023-12-21,145693859,5383455,2600,68510,145762369
2023-12-22,143218174,4698909,6700,173396,143391570
2023-12-25,146495108,5455227,10700,273064,146768172
2023-12-26,148877477,6643518,13000,320710,149198187
2023-12-27,149901252,4765099,6463,159830,150061082
2023-12-28,143522599,6518013,4263,110923,143633522
2023-12-29,139879958,4561266,10063,265059,140145017
2024-01-02,139469116,3256503,15963,418709,139887825
2024-01-03,140100338,4929624,20963,542522,140642860
2024-01-04,140034244,3856158,16463,417172,140451416
2024-01-05,140497153,6092078,16463,405484,140902637
2024-01-08,137474529,4542610,21663,517962,137992491
2024-01-09,137139384,4485769,23663,555844,137695228
2024-01-10,139053533,4292414,24163,569764,139623297
2024-01-11,137517798,1879248,24363,587879,138105677
2024-01-12,136937175,3106155,24463,582219,137519394
2024-01-15,135606651,2527783,24563,578950,136185601
2024-01-16,135816275,6791769,24763,575492,136391767
2024-01-17,129818908,2393166,24763,555186,130374094
2024-01-18,130304706,6358085,25363,570921,130875627
2024-01-19,127210875,2030791,25563,558296,127769171
2024-01-22,123911027,1909671,17363,355247,124266274
2024-01-23,124547427,4050265,25163,523390,125070817
2024-01-24,121066241,1880858,15763,328343,121394584
2024-01-25,119439059,2206128,24563,528105,119967164
2024-01-26,120826074,3431536,15463,324259,121150333
2024-01-29,121615184,2803754,20363,412554,122027738
2024-01-30,126260982,6855458,21663,428278,126689260
2024-01-31,124324810,1907555,11363,212261,124537071
2024-02-01,123498565,2572653,11363,208625,123707190
2024-02-02,119833239,3382950,19563,339222,120172461
2024-02-05,110928971,1499440,15563,241227,111170198
2024-02-06,116365425,7784813,14763,240637,116606062
2024-02-07,117673699,5794949,14763,235617,117909316
2024-02-08,115706872,5504026,14763,261896,115968768
2024-02-19,120423316,9345978,14763,279464,120702780
2024-02-20,125539038,14622758,14763,287879,125826917
2024-02-21,127418408,17018207,14763,283450,127701858
2024-02-22,134120992,24768937,14763,303970,134424962
2024-02-23,124309653,13522615,14763,320357,124630010
2024-02-26,123803607,21614309,14763,332020,124135627
2024-02-27,130298327,24781228,14763,357117,130655444
2024-02-28,137071674,43616695,14763,340878,137412552
2024-02-29,147733352,35982479,14763,361989,148095341
2024-03-01,144459897,22248929,14763,381919,144841816
2024-03-04,133166823,44085949,14763,419860,133586683
2024-03-05,120509501,31614407,14763,407754,120917255
2024-03-06,127518324,28061083,14763,415726,127934050
2024-03-07,119565394,20865640,14763,396682,119962076
2024-03-08,107208777,12900841,14763,409821,107618598
2024-03-11,119811937,36264211,9563,273980,120085917
2024-03-12,123551013,25060073,16463,456354,124007367
2024-03-13,118104100,12987938,17763,492035,118596135
2024-03-14,118405300,8902363,19563,538569,118943869
2024-03-15,116746401,7680316,19563,544243,117290644
2024-03-18,122982126,22325968,20463,588925,123571051
2024-03-19,127554864,16616901,14863,412746,127967610
2024-03-20,127819502,8656485,15363,429857,128249359
2024-03-21,120763233,6975998,13763,377106,121140339
2024-03-22,116310998,9169516,17163,468207,116779205
2024-03-25,115640928,6605285,18263,483970,116124898
2024-03-26,106981027,5113783,18463,484469,107465496
2024-03-27,102057196,4591325,13363,326725,102383921
2024-03-28,104070544,8942489,11600,292668,104363212
2024-03-29,103978335,6428463,13300,342342,104320677
2024-04-01,107720047,7489063,15400,400862,108120909
2024-04-02,103718777,3090204,15400,391930,104110707
2024-04-03,103204181,5997913,10400,254904,103459085
2024-04-08,103334896,4554865,10400,250432,103585328
2024-04-09,99620128,2885333,11700,282087,99902215
2024-04-10,97334851,2938456,11400,265050,97599901
2024-04-11,96552666,3108461,11400,262200,96814866
2024-04-12,96604416,3553238,10400,236704,96841120
2024-04-15,92485743,2738846,12300,271461,92757204
2024-04-16,91573681,2998909,10400,211120,91784801
2024-04-17,91433044,3671951,15100,332653,91765697
2024-04-18,94787298,9337308,15700,350267,95137565
2024-04-19,96836472,3843889,15800,353130,97189602
2024-04-22,96708325,2822735,15900,347892,97056217
2024-04-23,96055512,2565084,15900,355365,96410877
2024-04-24,95385793,5310614,15900,365700,95751493
2024-04-25,95522298,3827236,15400,351274,95873572
2024-04-26,100086991,12909762,15500,372155,100459146
2024-04-29,105971297,17725786,10400,250432,106221729
2024-04-30,106101818,5797526,10400,247416,106349234
2024-05-06,114152176,17122264,12700,303022,114455198
2024-05-07,105923834,7139393,13600,323136,106246970
2024-05-08,105321564,3734512,12300,284745,105606309
2024-05-09,104917841,4305646,12100,283382,105201223
2024-05-10,104037143,3152677,12400,282224,104319367
2024-05-13,102972192,3227138,12400,273668,103245860
2024-05-14,102821743,3241642,12300,272568,103094311
2024-05-15,101412692,2911625,12400,273172,101685864
2024-05-16,103414612,4708400,10400,230672,103645284
2024-05-17,101778607,4152831,10400,232752,102011359
2024-05-20,102589596,5567668,11900,264299,102853895
2024-05-21,102374874,3542779,11500,252770,102627644
2024-05-22,99436378,1639765,10400,230984,99667362
2024-05-23,102063643,5308090,10400,224952,102288595
2024-05-24,103284415,8930839,15500,340690,103625105
2024-05-27,100840160,4885367,10700,231762,101071922
2024-05-28,102872628,4586801,10400,221832,103094460
2024-05-29,101555696,4478688,15600,336180,101891876
2024-05-30,101754726,2409415,15700,339120,102093846
2024-05-31,102868553,7819791,15700,343830,103212383
2024-06-03,100564480,4868279,10400,220064,100784544
2024-06-04,97722362,2136836,11800,245558,97967920
2024-06-05,97808317,1325628,11800,238832,98047149
2024-06-06,96274776,3340263,11800,227976,96502752
2024-06-07,95866825,2855124,12200,239974,96106799
2024-06-11,99477441,5501112,13700,271808,99749249
2024-06-12,99348989,6117145,15300,308142,99657131
2024-06-13,96984466,3224772,15400,314468,97298934
2024-06-14,96273985,4129103,15400,317856,96591841
2024-06-17,96160895,3021265,15400,315700,96476595
2024-06-18,93711244,3004192,15400,327558,94038802
2024-06-19,94986268,7740411,11100,244866,95231134
2024-06-20,94752726,3306297,15500,337745,95090471
2024-06-21,94532736,2766496,10400,221000,94753736
2024-06-24,94249710,3351090,15200,306888,94556598
2024-06-25,94963741,2279897,15000,298050,95261791
2024-06-26,93830094,2438491,10900,222360,94052454
2024-06-27,95945101,3996611,10400,201448,96146549
2024-06-28,94570651,1689857,10900,211896,94782547
2024-07-01,94639800,4446769,15500,295275,94935075
2024-07-02,94415967,1937494,15500,285200,94701167
2024-07-03,94771349,3545264,12100,216227,94987576
2024-07-04,94856627,2489078,10500,181860,95038487
2024-07-05,93166102,2032435,15100,267572,93433674
2024-07-08,93280229,2147085,15500,268925,93549154
2024-07-09,91872814,2797780,15500,280395,92153209
2024-07-10,93333778,3830013,15400,277508,93611286
2024-07-11,93236254,3651636,15400,291676,93527930
2024-07-12,92772761,3392225,13500,257310,93030071
2024-07-15,91392190,1081101,10500,193515,91585705
2024-07-16,91122423,1702220,14800,273800,91396223
2024-07-17,93567675,3369699,16100,291893,93859568
2024-07-18,91586659,1719357,16100,290766,91877425
2024-07-19,91716730,1892794,16100,292376,92009106
2024-07-22,91919592,9908191,16100,323449,92243041
2024-07-23,91258890,7389496,16100,311213,91570103
2024-07-24,98961188,18962597,16100,332626,99293814
2024-07-25,91591420,5314963,16100,330211,91921631
2024-07-26,93900564,7595298,16100,326186,94226750
2024-07-29,90906646,3534950,16100,319424,91226070
2024-07-30,89641470,3748169,16100,314916,89956386
2024-07-31,92540304,10892826,16100,327152,92867456
2024-08-01,92339270,9901411,16100,329245,92668515
2024-08-02,94414404,6339305,16100,312984,94727388
2024-08-05,92831301,5019752,16100,297367,93128668
2024-08-06,91608819,2372940,16100,306544,91915363
2024-08-07,89564482,1582796,16100,309281,89873763
2024-08-08,88200130,2609516,16100,305256,88505386
2024-08-09,89317250,3171536,16100,300426,89617676
2024-08-12,89407396,2542620,16100,300426,89707822
2024-08-13,89462850,3469998,16100,305095,89767945
2024-08-14,89018223,2308321,16100,303324,89321547
2024-08-15,90736959,3289858,16100,305256,91042215
2024-08-16,91563426,5778521,16100,307671,91871097
2024-08-19,90573096,3388523,16100,294147,90867243
2024-08-20,90419943,1947134,16100,292054,90711997
2024-08-21,89765890,1024299,16100,293020,90058910
2024-08-22,86789555,1994479,16100,287868,87077423
2024-08-23,85380905,1145837,16100,290283,85671188
2024-08-26,85968074,1805282,16100,294952,86263026
2024-08-27,85140039,2355064,16100,290927,85430966
2024-08-28,84863408,2525521,16100,297528,85160936
2024-08-29,87960875,6751586,16100,304451,88265326
2024-08-30,87290360,8245135,16100,317975,87608335
2024-09-02,83912737,3795421,16100,313306,84226043
2024-09-03,83283816,3610973,16100,314594,83598410
2024-09-04,83697297,3614299,16100,310730,84008027
2024-09-05,83730431,2211272,17700,339132,84069563
2024-09-06,85113016,3398692,17700,329220,85442236
2024-09-09,85181619,1213995,17700,326388,85508007
2024-09-10,84927897,1918188,17700,334884,85262781
2024-09-11,85754456,2255759,17700,334707,86089163
2024-09-12,86066212,2775879,17700,331344,86397556
2024-09-13,86126908,2114531,17700,323379,86450287
2024-09-18,86096257,1606732,17700,320724,86416981
2024-09-19,86480449,2567755,19200,352896,86833345
2024-09-20,85794516,2188907,19200,349440,86143956
2024-09-23,85995588,2198572,19200,344832,86340420
2024-09-24,86905713,4558934,19200,357696,87263409
2024-09-25,90342092,7723741,19200,357888,90699980
2024-09-26,88516569,6034326,19200,368832,88885401
2024-09-27,91316809,12935653,5100,105825,91422634
2024-09-30,94674741,25495862,5100,122757,94797498
2024-10-08,111069350,36018683,4500,124740,111194090
2024-10-09,120353521,31238917,4500,106200,120459721
2024-10-10,122302113,15289549,4500,107505,122409618
2024-10-11,126036160,20751551,5200,116740,126152900
2024-10-14,129595367,9759487,4500,105660,129701027
2024-10-15,128091100,14615267,4500,102645,128193745
2024-10-16,123787617,7004675,4500,100440,123888057
2024-10-17,121734256,16541652,6000,138000,121872256
2024-10-18,123645020,30884480,6000,148080,123793100
2024-10-21,132147865,38462392,10600,265954,132413819
2024-10-22,128915303,17327674,4500,111645,129026948
2024-10-23,129083636,17196833,6700,162609,129246245
2024-10-24,129182638,9620840,6700,161269,129343907
2024-10-25,130191261,13979743,8900,221966,130413227
2024-10-28,133670227,15965198,8900,219830,133890057
2024-10-29,131493857,17388586,8900,208527,131702384
2024-10-30,137807150,13829778,7500,174975,137982125
2024-10-31,145406587,16334229,7500,174375,145580962
2024-11-01,145900434,11537886,7500,165900,146066334
2024-11-04,151354164,10913621,7500,167700,151521864
2024-11-05,150400204,11879674,7500,175200,150575404
2024-11-06,149815383,11882846,7500,173925,149989308
2024-11-07,155954684,22286304,7500,182175,156136859
2024-11-08,159599092,27948088,7500,182325,159781417
2024-11-11,164695197,30695417,7500,187650,164882847
2024-11-12,162121182,19341067,7500,185550,162306732
2024-11-13,162887997,10111283,7500,185925,163073922
2024-11-14,156378226,9248243,7500,178875,156557101
2024-11-15,151801316,6332368,7500,174900,151976216
2024-11-18,154574341,12626499,7500,168600,154742941
2024-11-19,150963592,6623589,7500,175950,151139542
2024-11-20,153114968,20219514,7500,184425,153299393
2024-11-21,154461569,21488847,7500,186750,154648319
2024-11-22,146490177,40158635,7500,181875,146672052
2024-11-25,153851565,18029101,7500,183450,154035015
2024-11-26,157448508,34538761,7500,192900,157641408
2024-11-27,168798996,34652938,7500,194250,168993246
2024-11-28,170347576,40886854,7500,197550,170545126
2024-11-29,178179539,47649185,0,0,178179539
2024-12-02,177407176,41581188,0,0,177407176
2024-12-03,166378441,42863438,0,0,166378441
2024-12-04,174171836,42743967,0,0,174171836
2024-12-05,175413858,34610681,0,0,175413858
2024-12-06,183117340,32203898,0,0,183117340
2024-12-09,183231864,33787227,0,0,183231864
2024-12-10,191309546,52379475,0,0,191309546
2024-12-11,207504713,58478816,0,0,207504713
2024-12-12,198090920,33296998,0,0,198090920
2024-12-13,249116673,94519376,0,0,249116673
2024-12-16,252894494,56615094,0,0,252894494
2024-12-17,247876501,37377024,0,0,247876501
2024-12-18,236802027,30020890,0,0,236802027
2024-12-19,225400212,49860923,0,0,225400212
2024-12-20,268514294,97221530,0,0,268514294
2024-12-23,261301381,45442753,0,0,261301381
2024-12-24,269426392,29510556,0,0,269426392
2024-12-25,281581882,97718865,0,0,281581882
2024-12-26,287362774,109764794,0,0,287362774
2024-12-27,251534911,50217471,0,0,251534911
2024-12-30,280037976,101755700,0,0,280037976
2024-12-31,261636786,73267220,0,0,261636786
2025-01-02,242856226,34271023,0,0,242856226
2025-01-03,218358726,27227408,0,0,218358726
2025-01-06,201022698,30135405,0,0,201022698
2025-01-07,242128518,81791832,0,0,242128518
2025-01-08,223304086,57582083,0,0,223304086
2025-01-09,233521043,68774667,0,0,233521043
2025-01-10,228234069,29898283,0,0,228234069
2025-01-13,238372569,36527614,0,0,238372569
2025-01-14,236000329,64406381,0,0,236000329
2025-01-15,240170547,53307174,0,0,240170547
2025-01-16,235478264,37338274,0,0,235478264
2025-01-17,227182863,37063027,0,0,227182863
2025-01-20,239021011,67106213,0,0,239021011
2025-01-21,238054894,54607670,0,0,238054894
2025-01-22,252661249,78645929,0,0,252661249
2025-01-23,251206568,71049417,0,0,251206568
2025-01-24,264102035,52428731,0,0,264102035
2025-01-27,235233721,61298887,0,0,235233721
2025-02-05,240666157,68046391,0,0,240666157
2025-02-06,233553443,46737613,0,0,233553443
2025-02-07,233739085,63713429,0,0,233739085
2025-02-10,265174827,88249666,0,0,265174827
2025-02-11,269083521,51650220,0,0,269083521
2025-02-12,239020493,47219192,0,0,239020493
2025-02-13,230822000,47027090,0,0,230822000
2025-02-14,236285166,49106142,0,0,236285166
2025-02-17,223930835,101275222,0,0,223930835
2025-02-18,246514451,92440342,0,0,246514451
2025-02-19,251153919,67507443,0,0,251153919
2025-02-20,245431397,67174442,0,0,245431397
2025-02-21,278899114,166353704,0,0,278899114
2025-02-24,336443293,215208601,0,0,336443293
2025-02-25,303428077,117250816,0,0,303428077
2025-02-26,396899111,175061295,0,0,396899111
2025-02-27,364969672,107992347,0,0,364969672
2025-02-28,326994988,48665051,0,0,326994988
2025-03-03,309743258,51434522,0,0,309743258
2025-03-04,340142761,66175535,0,0,340142761
2025-03-05,358380758,74266134,0,0,358380758
2025-03-06,383246540,101136846,0,0,383246540
2025-03-07,393472484,81854735,0,0,393472484
2025-03-10,406563858,82323281,0,0,406563858
2025-03-11,426371388,81313344,0,0,426371388
2025-03-12,430055013,126602655,0,0,430055013
2025-03-13,415275367,73928420,0,0,415275367
2025-03-14,402939998,64576036,0,0,402939998
2025-03-17,403675848,47090362,0,0,403675848
2025-03-18,398483014,52633923,0,0,398483014
2025-03-19,385782340,24944722,0,0,385782340
2025-03-20,379713415,36755643,0,0,379713415
2025-03-21,364879743,32534513,0,0,364879743
2025-03-24,358092873,39261494,0,0,358092873
2025-03-25,348013378,28678317,0,0,348013378
2025-03-26,345042813,11269948,0,0,345042813
2025-03-27,350227546,21279797,0,0,350227546
2025-03-28,339258290,8648084,0,0,339258290
2025-03-31,335916185,16919075,0,0,335916185
2025-04-01,345170701,22474762,0,0,345170701
2025-04-02,336851826,12857893,0,0,336851826
2025-04-03,333467388,11001956,0,0,333467388
2025-04-07,311464805,19037368,0,0,311464805
2025-04-08,281632110,15321474,0,0,281632110
2025-04-09,276237524,28114706,0,0,276237524
2025-04-10,276542519,32047522,0,0,276542519
2025-04-11,280277551,24277372,0,0,280277551
2025-04-14,293127493,41953383,0,0,293127493
2025-04-15,305110106,29381211,0,0,305110106
2025-04-16,297510247,23635961,0,0,297510247
2025-04-17,284853167,25362121,0,0,284853167
2025-04-18,293992893,25288609,0,0,293992893
2025-04-21,277152744,19916133,0,0,277152744
2025-04-22,292195549,31983498,0,0,292195549
2025-04-23,288616719,25499677,0,0,288616719
2025-04-24,285596097,14734837,0,0,285596097
2025-04-25,289110863,22233962,0,0,289110863
2025-04-28,288465191,25103695,0,0,288465191
2025-04-29,301079665,34591571,0,0,301079665
2025-04-30,298766790,26225105,0,0,298766790
2025-05-06,308518824,42752774,0,0,308518824
2025-05-07,305256420,34636493,0,0,305256420
2025-05-08,309052129,41835130,0,0,309052129
2025-05-09,296702359,25849678,0,0,296702359
2025-05-12,296026932,23523987,0,0,296026932
2025-05-13,296638522,21433516,0,0,296638522
2025-05-14,311361107,35590646,0,0,311361107
2025-05-15,307209185,26395422,0,0,307209185
2025-05-16,304634199,25607574,0,0,304634199
2025-05-19,289360431,13588670,0,0,289360431
2025-05-20,295968438,23730646,0,0,295968438
2025-05-21,298071018,13869799,0,0,298071018
2025-05-22,297914017,14793134,0,0,297914017
2025-05-23,297568843,12627960,0,0,297568843
2025-05-26,292211191,7737309,0,0,292211191
2025-05-27,300162620,17401071,0,0,300162620
2025-05-28,294442496,8694828,0,0,294442496
2025-05-29,298225438,23314164,0,0,298225438
2025-05-30,286453510,9543395,0,0,286453510
2025-06-03,293134248,18466928,0,0,293134248
2025-06-04,295197990,19180958,0,0,295197990
2025-06-05,299212008,29566684,0,0,299212008
2025-06-06,296547548,19724595,0,0,296547548
2025-06-09,293210307,15722838,0,0,293210307
2025-06-10,294929509,22854376,0,0,294929509
2025-06-11,281356907,15275688,0,0,281356907
2025-06-12,278372279,18741187,0,0,278372279
2025-06-13,278762063,17512748,0,0,278762063
2025-06-16,268874840,17791897,0,0,268874840
2025-06-17,272522039,12751150,0,0,272522039
2025-06-18,276879629,18303329,0,0,276879629
2025-06-19,291420214,40616103,0,0,291420214
2025-06-20,292660024,33303879,0,0,292660024
2025-06-23,284860069,17030345,0,0,284860069
2025-06-24,288498660,42136256,0,0,288498660
2025-06-25,271318638,40186370,0,0,271318638
2025-06-26,301032239,77291489,0,0,301032239
2025-06-27,278516735,30257381,0,0,278516735
2025-06-30,298473918,43368601,0,0,298473918
2025-07-01,282647448,20391751,0,0,282647448
2025-07-02,267214728,14500632,0,0,267214728
2025-07-03,260549032,19359077,0,0,260549032
2025-07-04,256927765,37776291,0,0,256927765
2025-07-07,254558073,14955862,0,0,254558073
2025-07-08,248771716,22154811,0,0,248771716
2025-07-09,241038700,19539649,0,0,241038700
2025-07-10,249653799,21961106,0,0,249653799
2025-07-11,246791970,22984219,0,0,246791970
2025-07-14,237659120,33496116,0,0,237659120
2025-07-15,232312802,47389134,0,0,232312802
2025-07-16,217924041,23255481,0,0,217924041
2025-07-17,222199106,29895834,0,0,222199106
2025-07-18,249325283,46047734,0,0,249325283
2025-07-21,263897106,39457207,0,0,263897106
2025-07-22,266067935,26910058,0,0,266067935
2025-07-23,275767697,27456493,0,0,275767697
2025-07-24,291242208,35042895,0,0,291242208
2025-07-25,293419815,31618382,0,0,293419815
2025-07-28,303807589,62592100,0,0,303807589
2025-07-29,269692874,28825123,0,0,269692874
2025-07-30,270631454,53153459,0,0,270631454
2025-07-31,270528086,80505759,0,0,270528086
2025-08-01,250885102,43465327,0,0,250885102
2025-08-04,259667679,40875996,0,0,259667679
2025-08-05,258742712,37699005,0,0,258742712
2025-08-06,264229334,71026860,0,0,264229334
2025-08-07,284975956,57273519,0,0,284975956
2025-08-08,280813087,90493481,0,0,280813087
2025-08-11,357342656,146877064,0,0,357342656
2025-08-12,434187216,228846287,0,0,434187216
2025-08-13,453380837,191811160,0,0,453380837
2025-08-14,469233894,204222794,0,0,469233894
2025-08-15,397943494,200474568,0,0,397943494
2025-08-18,418282356,213041535,0,0,418282356
2025-08-19,523612494,271705964,0,0,523612494
2025-08-20,491677100,129511206,0,0,491677100
2025-08-21,494282850,136969095,0,0,494282850
2025-08-22,552428477,214431810,0,0,552428477
2025-08-25,601955053,203793612,0,0,601955053
2025-08-26,601162350,142296975,0,0,601162350
2025-08-27,559790030,162507921,0,0,559790030
2025-08-28,557239550,209639413,0,0,557239550
2025-08-29,624949151,273065672,0,0,624949151
2025-09-01,642075140,181295305,0,0,642075140
2025-09-02,616467021,127343688,0,0,616467021
2025-09-03,606630002,129936932,0,0,606630002
2025-09-04,600962970,120475616,0,0,600962970
2025-09-05,563642488,80294308,0,0,563642488
2025-09-08,544992242,93234117,100,6690,544998932
2025-09-09,546904791,59062012,0,0,546904791
2025-09-10,539533705,140970331,0,0,539533705
2025-09-11,598777314,198655558,0,0,598777314
2025-09-12,649625756,231304888,0,0,649625756
2025-09-15,615860783,92072310,0,0,615860783
2025-09-16,617206482,162724730,0,0,617206482
2025-09-17,606503731,157217340,0,0,606503731
2025-09-18,607330947,221233957,0,0,607330947
2025-09-19,609745477,139800560,100,7581,609753058
2025-09-22,650231683,176012442,100,8070,650239753
2025-09-23,676454358,172650975,100,7642,676462000
2025-09-24,652682148,152958311,100,7424,652689572
2025-09-25,643558249,140870009,100,7559,643565808
2025-09-26,638581303,120039120,100,7040,638588343
2025-09-29,612783305,70089639,100,7301,612790606
2025-09-30,605656351,81446171,100,7131,605663482
2025-10-09,657820947,164521306,100,6942,657827889
2025-10-10,649345339,63152361,0,0,649345339
2025-10-13,624197355,70944610,0,0,624197355
2025-10-14,576205657,58573530,0,0,576205657
2025-10-15,562230907,38686568,0,0,562230907
2025-10-16,567344075,39295165,0,0,567344075
2025-10-17,555818696,47067547,0,0,555818696
2025-10-20,557514372,43742499,0,0,557514372
2025-10-21,569933710,70339462,0,0,569933710
2025-10-22,563003953,31929655,0,0,563003953
2025-10-23,544082134,24729640,0,0,544082134
2025-10-24,521681573,50095893,0,0,521681573
2025-10-27,565778895,88960853,0,0,565778895
2025-10-28,561018015,46820728,0,0,561018015
2025-10-29,569664614,68414729,0,0,569664614
2025-10-30,569724587,129564495,0,0,569724587
2025-10-31,544408342,60187104,0,0,544408342
2025-11-03,513254294,43327727,0,0,513254294
2025-11-04,503382462,56628455,0,0,503382462
2025-11-05,486277053,25718004,0,0,486277053
2025-11-06,479970342,23849363,0,0,479970342
2025-11-07,462177573,22244054,0,0,462177573
2025-11-10,448050570,17957484,0,0,448050570
2025-11-11,446415237,14041616,0,0,446415237
2025-11-12,431262602,15444319,0,0,431262602
2025-11-13,463361426,75699974,0,0,463361426
2025-11-14,466080831,43961386,0,0,466080831
2025-11-17,492893642,65774764,0,0,492893642
2025-11-18,481842997,22473827,0,0,481842997
2025-11-19,465655127,24386581,0,0,465655127
2025-11-20,473784145,31788217,0,0,473784145
2025-11-21,455996912,21317755,0,0,455996912
2025-11-24,452901153,20059275,0,0,452901153
2025-11-25,449271459,38625847,0,0,449271459
2025-11-26,452552998,38764781,0,0,452552998
2025-11-27,453614071,40209475,0,0,453614071
2025-11-28,450335802,18396766,0,0,450335802
2025-12-01,447979108,19295752,0,0,447979108
2025-12-02,449566400,18545979,0,0,449566400
2025-12-03,450700762,22760439,0,0,450700762
2025-12-04,443226459,14074586,0,0,443226459
2025-12-05,442220749,13974576,0,0,442220749
2025-12-08,451538922,39908614,0,0,451538922
2025-12-09,458634737,58815349,0,0,458634737
2025-12-10,461909826,52736158,0,0,461909826
2025-12-11,463684668,33498056,0,0,463684668
2025-12-12,488978338,73302735,300,16941,488995279
2025-12-15,487618675,40708483,300,16509,487635184
2025-12-16,504022553,64815559,5800,325844,504348397
2025-12-17,564996706,152614093,5600,332136,565328842
2025-12-18,599040770,134097583,5800,330368,599371138
2025-12-19,604230034,96142419,5800,329556,604559590
2025-12-22,597670380,97215330,11200,653520,598323900
2025-12-23,584928336,225083852,16100,1068074,585996410
2025-12-24,592125072,203405108,15900,1057986,593183058
2025-12-25,609627337,145605898,16200,1094472,610721809
2025-12-26,651438413,159330318,18700,1205589,652644002
2025-12-29,632326860,128259157,19000,1240700,633567560
2025-12-30,649235535,163043011,19100,1259454,650494989
2025-12-31,612637701,78633634,18800,1194176,613831877
2026-01-05,660999189,155981884,16400,1082400,662081589
2026-01-06,658779321,185592978,18900,1268757,660048078
2026-01-07,693490846,225266565,22000,1521300,695012146
2026-01-08,683294463,128272680,21900,1488543,684783006
2026-01-09,679943403,142196209,22000,1544180,681487583
2026-01-12,664860340,136765419,21500,1492100,666352440
2026-01-13,663331378,115693015,21500,1397500,664728878
2026-01-14,681264608,153917435,19600,1324960,682589568
2026-01-15,672184188,83380639,22100,1476943,673661131
2026-01-16,686933715,87623156,20400,1371696,688305411
2026-01-19,631720203,69298535,22000,1460800,633181003
2026-01-20,626243626,81901154,20700,1282986,627526612
2026-01-21,625803469,79504419,20700,1326870,627130339
2026-01-22,661276099,73450822,18000,1170000,662446099
2026-01-23,686669817,77387972,16600,1081158,687750975
2026-01-26,707811586,74762455,17000,1130160,708941746
2026-01-27,629414872,81670762,16700,1093516,630508388
2026-01-28,621782175,87240700,12200,802638,622584813
2026-01-29,594847405,36904898,11400,726522,595573927
2026-01-30,593469455,64132769,11900,779688,594249143
2026-02-02,529044991,149859097,13200,908556,529953547
2026-02-03,567635821,138577357,21800,1588566,569224387
2026-02-04,586600520,110519726,29000,2059290,588659810
2026-02-05,615951651,119682322,26200,1764046,617715697
2026-02-06,626592872,127770914,25100,1807451,628400323
2026-02-09,634983377,145852406,32000,2466560,637449937
2026-02-10,651070311,128277959,28200,2174502,653244813
2026-02-11,638374423,84729936,24700,1870778,640245201
2026-02-12,608185900,249423396,24700,2196818,610382718
2026-02-13,637450808,232995892,21600,2015280,639466088
2026-02-24,701845297,227653436,34700,3362777,705208074
2026-02-25,711170707,148745123,35600,3478476,714649183
2026-02-26,686563000,159775384,32600,3548510,690111510
2026-02-27,657203205,135557897,33800,3618628,660821833
2026-03-02,655145163,150271920,36100,3959809,659104972
2026-03-03,635395796,162148282,32700,3230106,638625902
2026-03-04,584910259,96646272,32700,3291582,588201841
2026-03-05,629248348,164309522,33000,3390090,632638438
2026-03-06,662766287,147128687,32300,3445118,666211405
2026-03-09,638431590,111873324,39800,4020198,642451788
2026-03-10,659243767,158051647,41000,4268100,663511867
2026-03-11,761804011,333753922,40600,4532178,766336189
2026-03-12,764457271,182528444,41100,4272756,768730027
2026-03-13,762128507,131166007,40500,4091310,766219817
2026-03-16,840682342,230756966,40700,4234021,844916363
2026-03-17,798925860,80686237,40200,3859602,802785462
2026-03-18,756027446,102385436,41200,4061496,760088942
2026-03-19,726788305,71955497,36300,3445233,730233538
2026-03-20,709458194,72735311,26200,2412758,711870952
2026-03-23,697013779,66646770,22000,1917300,698931079
2026-03-24,688213113,43839905,22900,2011307,690224420
2026-03-25,673270740,56529927,22900,2081381,675352121
2026-03-26,680597208,64777005,23400,2049606,682646814
2026-03-27,682633740,50948965,23300,2086282,684720022
2026-03-30,704474613,146443383,27900,2709369,707183982
2026-03-31,710582723,66428269,40900,3743168,714325891
2026-04-01,710390851,67602881,42600,4047000,714437851
2026-04-02,727927819,51407794,41800,3807980,731735799
2026-04-03,709199578,39171040,35400,3223170,712422748
2026-04-07,665942071,50940610,38400,3391104,669333175
2026-04-08,741413694,200321712,38000,3887020,745300714
2026-04-09,759023596,166114846,39400,4109420,763133016
2026-04-10,827400715,237767370,40100,4392554,831793269
2026-04-13,809780227,185315500,41700,4890576,814670803
2026-04-14,825524271,195282261,41700,5225844,830750115
2026-04-15,791771870,109516750,41500,5116535,796888405
2026-04-16,802076223,189158421,40400,4962332,807038555
2026-04-17,885939958,213374221,38700,4661415,890601373
2026-04-20,985087863,350133430,40400,5129184,990217047
2026-04-21,874612109,146423796,40400,5043536,879655645
2026-04-22,883936608,256237579,40500,5123250,889059858
2026-04-23,920241190,241024931,40700,5050870,925292060
2026-04-24,957141783,153212743,41100,5087769,962229552
2026-04-27,972263203,145230160,40400,5071816,977335019
2026-04-28,900287630,92593358,35900,4397750,904685380
2026-04-29,846885291,123522226,34800,4054896,850940187
2026-04-30,860297329,123919777,24100,2815121,863112450
2026-05-06,905737113,155175600,18500,2211675,907948788
2026-05-07,969990752,247112954,18700,2555916,972546668
2026-05-08,949146018,141683505,26300,3568910,952714928
2026-05-11,940617985,149620441,25800,3527118,944145103
2026-05-12,960219492,122883079,26700,3638142,963857634
2026-05-13,995906773,234990408,36100,5052195,1000958968
2026-05-14,1045874644,230910459,38000,5057800,1050932444
2026-05-15,993627296,188250415,22100,2913001,996540297
2026-05-18,1006617626,168007076,22900,3184016,1009801642
2026-05-19,993438910,134354033,35000,5052600,998491510
2026-05-20,1027495155,245859570,41500,6773630,1034268785
2026-05-21,931977419,160640316,27000,4171500,936148919
2026-05-22,1006184418,211985556,38700,6508566,1012692984
2026-05-25,1067796426,231551971,40500,6775245,1074571671
2026-05-26,1094252436,213349138,41200,6452332,1100704768
2026-05-27,1093937121,119279923,37700,5731531,1099668652
2026-05-28,1100865896,117218514,40200,6224970,1107090866
2026-05-29,1038240742,115894870,38900,5574370,1043815112
2026-06-01,1011136972,105693234,33700,4479741,1015616713
2026-06-02,1078092498,139783272,46020,4551378,1082643876
2026-06-03,1106868668,163804971,48160,4691265,1111559933
2026-06-04,1086327617,107970880,47540,4896145,1091223762
2026-06-05,1103225333,136236016,37240,3629782,1106855115
2026-06-08,1038086472,111262927,34820,3187423,1041273895
2026-06-09,1072410659,222819125,48860,5081440,1077492099
2026-06-10,994966463,109667298,47440,4784324,999750787
2026-06-11,994705742,76821324,42820,4178804,998884546
2026-06-12,982862653,91333734,45920,4509344,987371997
2026-06-15,1056767877,216301268,54720,5974330,1062742207
2026-06-16,1046992020,161101772,55900,6157385,1053149405
2026-06-17,1162327712,248897924,46400,5232528,1167560240
2026-06-18,1257569573,321956067,46800,5443307,1263012880
2026-06-22,1301146192,270758216,34820,3826718,1304972910
2026-06-23,1417737946,347720313,54700,6045992,1423783938
2026-06-24,1395325807,252975650,37560,4240524,1399566331
2026-06-25,1395093155,247824606,52660,6051160,1401144315
2026-06-26,1340809926,199363553,56560,6113571,1346923497
2026-06-29,1235080792,129049983,40780,4169348,1239250140
2026-06-30,1242325576,307702434,37480,4333062,1246658638
2026-07-01,1290531851,346774570,34880,3834010,1294365861
2026-07-02,1275580856,219195328,37780,4063616,1279644472
2026-07-03,1271870417,259132375,33280,3919718,1275790135
2026-07-06,1359525887,312552697,51280,6410000,1365935887
2026-07-07,1326808693,209660346,54880,6480230,1333288923
2026-07-08,1342985293,216277995,58080,6846470,1349831763
2026-07-09,1334461056,205386003,59980,7410529,1341871585
2026-07-10,1361269869,260610890,61680,7374460,1368644329
2026-07-13,1345534357,167738021,60980,6744388,1352278745
2026-07-14,1362081554,152260568,57200,6513936,1368595490
2026-07-15,1316168910,118821011,60500,6411790,1322580700
2026-07-16,1237307817,97689341,58800,6051108,1243358925
2026-07-17,1117156863,81422512,50500,4391480,1121548343
2026-07-20,1006256706,64795138,51800,4134158,1010390864
2026-07-21,977193396,120444616,44120,3980947,981174343
2026-07-22,1017101100,186134243,44620,4064882,1021165982
2026-07-23,992215020,87272641,62937,5584399,997799419
2026-07-24,976503179,51334610,62937,5374820,981877999
2026-07-27,978552930,84725356,65437,6094147,984647077
2026-07-28,936384235,97362203,66737,5250866,941635101
2026-07-29,984845021,214191582,60737,4710154,989555175
2026-07-30,1025197422,149786258,57857,3919812,1029117234
